0 9
0 10
0 14
0 16
0 17
0 25
0 30
0 31
0 33
0 37
0 38
0 39
0 41
0 45
0 46
0 47
0 50
0 52
0 54
0 56
0 57
0 58
0 67
0 72
0 73
0 77
0 79
0 80
0 86
0 91
0 93
0 94
0 96
0 98
0 104
0 105
0 111
0 113
0 115
0 117
0 119
0 121
0 122
0 123
0 124
0 125
0 128
0 132
0 136
0 138
0 142
0 144
0 145
0 153
0 157
0 161
0 163
0 165
0 168
0 170
0 174
0 175
0 176
0 178
0 181
0 182
0 184
0 186
0 189
0 192
0 193
0 194
0 197
0 204
0 207
0 209
0 223
0 224
0 225
0 227
0 228
0 230
0 233
0 237
0 242
0 244
0 245
0 247
0 249
0 252
0 253
0 257
0 260
0 261
0 264
0 267
0 271
0 273
0 275
0 277
0 281
0 282
0 283
0 286
0 288
0 289
0 290
0 295
0 299
0 300
0 301
0 311
0 312
0 314
0 316
0 321
0 323
0 325
0 327
0 336
0 339
0 340
0 342
0 343
0 351
0 352
0 356
0 358
0 361
0 364
0 366
0 374
0 379
0 389
0 394
0 401
0 416
0 430
0 440
0 446
0 457
0 463
0 465
0 468
0 470
0 471
0 472
0 474
0 476
0 486
0 487
0 493
0 499
0 501
0 502
0 512
0 526
0 527
0 529
0 533
0 538
0 539
0 551
0 570
0 577
0 578
0 580
0 581
0 586
0 594
0 606
0 609
0 613
0 614
0 627
0 636
0 640
0 644
0 645
0 650
0 654
0 655
0 659
0 662
0 667
0 674
0 681
0 684
0 686
0 690
0 706
0 709
0 713
0 722
0 729
0 741
0 751
0 759
0 766
0 775
0 777
0 784
0 813
0 865
0 889
0 892
0 903
0 907
0 940
0 958
1 3
1 4
1 6
1 9
1 10
1 11
1 12
1 16
1 17
1 19
1 24
1 33
1 35
1 39
1 40
1 44
1 51
1 52
1 54
1 55
1 57
1 60
1 66
1 67
1 68
1 69
1 72
1 76
1 77
1 79
1 87
1 92
1 95
1 96
1 100
1 102
1 112
1 114
1 115
1 119
1 120
1 121
1 122
1 123
1 133
1 139
1 145
1 146
1 149
1 152
1 157
1 160
1 161
1 163
1 165
1 175
1 180
1 183
1 184
1 185
1 189
1 191
1 194
1 195
1 197
1 207
1 214
1 218
1 219
1 220
1 222
1 223
1 224
1 227
1 236
1 242
1 244
1 245
1 247
1 250
1 252
1 256
1 257
1 260
1 263
1 264
1 273
1 275
1 276
1 277
1 281
1 282
1 291
1 294
1 295
1 300
1 312
1 314
1 316
1 321
1 323
1 324
1 328
1 340
1 342
1 343
1 349
1 366
1 374
1 383
1 389
1 394
1 404
1 407
1 416
1 421
1 430
1 432
1 433
1 450
1 453
1 458
1 468
1 470
1 480
1 482
1 489
1 493
1 497
1 501
1 503
1 513
1 515
1 517
1 533
1 536
1 560
1 575
1 581
1 586
1 588
1 602
1 608
1 609
1 613
1 639
1 641
1 645
1 650
1 653
1 655
1 659
1 667
1 681
1 686
1 688
1 707
1 708
1 710
1 738
1 747
1 751
1 762
1 764
1 774
1 786
1 789
1 794
1 800
1 801
1 840
1 845
1 869
1 908
1 913
1 914
1 960
1 962
1 999
2 4
2 9
2 10
2 11
2 17
2 26
2 27
2 30
2 31
2 33
2 37
2 38
2 46
2 50
2 54
2 55
2 57
2 58
2 66
2 67
2 73
2 77
2 79
2 80
2 82
2 86
2 89
2 91
2 94
2 96
2 99
2 105
2 112
2 115
2 121
2 122
2 123
2 124
2 125
2 138
2 153
2 157
2 163
2 174
2 175
2 176
2 182
2 185
2 186
2 191
2 193
2 194
2 207
2 209
2 211
2 224
2 228
2 230
2 238
2 240
2 244
2 247
2 252
2 253
2 256
2 257
2 260
2 270
2 271
2 281
2 288
2 290
2 294
2 295
2 298
2 300
2 310
2 311
2 312
2 316
2 321
2 323
2 336
2 338
2 339
2 357
2 358
2 360
2 361
2 365
2 366
2 367
2 374
2 386
2 407
2 416
2 421
2 430
2 446
2 450
2 451
2 465
2 468
2 469
2 480
2 499
2 501
2 502
2 503
2 504
2 506
2 513
2 526
2 527
2 529
2 530
2 532
2 551
2 563
2 577
2 580
2 582
2 586
2 588
2 594
2 595
2 609
2 614
2 619
2 639
2 640
2 645
2 646
2 650
2 654
2 681
2 684
2 690
2 697
2 708
2 709
2 733
2 738
2 741
2 751
2 771
2 774
2 777
2 786
2 788
2 826
2 847
2 851
2 859
2 860
2 865
2 869
2 893
2 901
2 902
2 903
2 907
2 922
2 941
2 942
2 943
2 951
2 953
2 989
2 998
3 4
3 5
3 6
3 7
3 9
3 10
3 17
3 19
3 21
3 23
3 24
3 26
3 27
3 28
3 29
3 33
3 35
3 37
3 38
3 39
3 40
3 41
3 43
3 44
3 46
3 49
3 50
3 51
3 52
3 54
3 55
3 58
3 59
3 60
3 69
3 70
3 71
3 72
3 77
3 79
3 82
3 83
3 86
3 87
3 89
3 96
3 100
3 102
3 104
3 105
3 114
3 117
3 121
3 122
3 123
3 124
3 126
3 141
3 152
3 153
3 157
3 161
3 163
3 165
3 168
3 170
3 179
3 180
3 181
3 183
3 184
3 185
3 187
3 191
3 194
3 196
3 197
3 208
3 210
3 213
3 218
3 221
3 222
3 224
3 227
3 228
3 230
3 231
3 232
3 234
3 235
3 237
3 238
3 239
3 245
3 262
3 264
3 269
3 274
3 277
3 280
3 282
3 284
3 288
3 291
3 295
3 304
3 306
3 308
3 312
3 324
3 325
3 326
3 328
3 329
3 331
3 332
3 334
3 346
3 354
3 357
3 360
3 361
3 372
3 374
3 383
3 384
3 388
3 395
3 396
3 406
3 412
3 413
3 415
3 416
3 419
3 420
3 427
3 432
3 433
3 440
3 453
3 458
3 463
3 470
3 472
3 479
3 489
3 490
3 492
3 501
3 508
3 516
3 521
3 536
3 539
3 560
3 562
3 572
3 585
3 595
3 597
3 601
3 612
3 634
3 654
3 667
3 676
3 687
3 688
3 691
3 693
3 701
3 705
3 725
3 737
3 767
3 777
3 806
3 807
3 808
3 819
3 825
3 931
3 932
3 934
4 5
4 6
4 7
4 8
4 9
4 10
4 11
4 12
4 16
4 17
4 18
4 19
4 21
4 24
4 27
4 28
4 30
4 31
4 32
4 33
4 37
4 39
4 41
4 43
4 46
4 50
4 51
4 52
4 53
4 55
4 58
4 60
4 69
4 70
4 71
4 77
4 79
4 87
4 89
4 104
4 112
4 120
4 121
4 122
4 123
4 128
4 132
4 136
4 138
4 139
4 140
4 148
4 154
4 157
4 159
4 160
4 164
4 165
4 168
4 169
4 175
4 180
4 181
4 182
4 183
4 186
4 191
4 193
4 195
4 203
4 204
4 212
4 214
4 216
4 218
4 220
4 221
4 222
4 225
4 239
4 250
4 254
4 257
4 260
4 264
4 271
4 274
4 277
4 282
4 283
4 289
4 295
4 298
4 299
4 301
4 305
4 312
4 320
4 323
4 328
4 329
4 334
4 344
4 347
4 348
4 349
4 358
4 361
4 371
4 372
4 375
4 376
4 383
4 384
4 395
4 401
4 405
4 418
4 430
4 432
4 433
4 434
4 435
4 451
4 467
4 472
4 476
4 482
4 483
4 489
4 490
4 504
4 508
4 512
4 515
4 516
4 530
4 533
4 540
4 555
4 571
4 606
4 608
4 635
4 638
4 646
4 656
4 674
4 678
4 687
4 688
4 691
4 717
4 729
4 781
4 797
4 815
4 823
4 824
4 827
4 850
5 6
5 7
5 9
5 10
5 17
5 18
5 24
5 25
5 27
5 31
5 33
5 36
5 46
5 47
5 51
5 54
5 62
5 66
5 67
5 68
5 70
5 73
5 77
5 80
5 82
5 84
5 91
5 96
5 99
5 101
5 103
5 121
5 122
5 125
5 128
5 129
5 131
5 144
5 145
5 147
5 156
5 163
5 164
5 168
5 170
5 171
5 174
5 175
5 176
5 184
5 185
5 193
5 194
5 205
5 222
5 237
5 238
5 240
5 245
5 253
5 257
5 262
5 265
5 267
5 269
5 277
5 278
5 281
5 282
5 283
5 286
5 288
5 289
5 296
5 300
5 301
5 331
5 335
5 347
5 349
5 355
5 361
5 374
5 386
5 389
5 394
5 401
5 412
5 421
5 447
5 451
5 455
5 461
5 467
5 470
5 478
5 481
5 484
5 486
5 490
5 512
5 514
5 533
5 536
5 552
5 573
5 579
5 593
5 594
5 595
5 601
5 613
5 617
5 639
5 650
5 655
5 662
5 681
5 682
5 685
5 709
5 713
5 738
5 741
5 748
5 764
5 785
5 786
5 788
5 805
5 811
5 818
5 827
5 848
5 850
5 851
5 865
5 869
5 895
5 905
5 908
5 956
6 7
6 8
6 11
6 12
6 14
6 18
6 19
6 20
6 22
6 24
6 26
6 29
6 31
6 33
6 37
6 38
6 39
6 51
6 52
6 58
6 62
6 65
6 68
6 71
6 72
6 73
6 75
6 80
6 81
6 83
6 85
6 87
6 97
6 98
6 100
6 102
6 105
6 106
6 114
6 120
6 123
6 134
6 136
6 139
6 140
6 143
6 145
6 150
6 154
6 158
6 159
6 160
6 164
6 167
6 169
6 170
6 183
6 187
6 197
6 199
6 201
6 204
6 211
6 212
6 214
6 217
6 220
6 221
6 245
6 247
6 268
6 274
6 281
6 282
6 291
6 305
6 326
6 331
6 333
6 339
6 345
6 350
6 373
6 375
6 376
6 382
6 385
6 391
6 395
6 404
6 408
6 410
6 416
6 424
6 428
6 437
6 438
6 447
6 448
6 465
6 479
6 481
6 490
6 492
6 494
6 502
6 510
6 512
6 525
6 528
6 537
6 545
6 555
6 569
6 576
6 591
6 608
6 628
6 631
6 633
6 641
6 652
6 664
6 670
6 672
6 689
6 690
6 700
6 707
6 740
6 765
6 773
6 776
6 782
6 818
6 823
6 826
6 827
6 912
6 927
7 8
7 9
7 11
7 18
7 21
7 26
7 31
7 33
7 36
7 38
7 40
7 43
7 45
7 46
7 52
7 55
7 60
7 65
7 67
7 69
7 70
7 73
7 77
7 89
7 93
7 94
7 97
7 110
7 111
7 113
7 114
7 115
7 128
7 142
7 145
7 150
7 160
7 162
7 167
7 168
7 171
7 174
7 176
7 183
7 187
7 188
7 189
7 199
7 200
7 210
7 212
7 214
7 219
7 228
7 237
7 238
7 241
7 245
7 248
7 253
7 258
7 263
7 267
7 273
7 275
7 291
7 293
7 294
7 312
7 321
7 325
7 326
7 327
7 328
7 330
7 331
7 334
7 345
7 350
7 352
7 357
7 358
7 360
7 363
7 381
7 382
7 410
7 416
7 429
7 436
7 439
7 444
7 455
7 481
7 497
7 505
7 519
7 522
7 538
7 551
7 569
7 573
7 574
7 578
7 587
7 588
7 591
7 599
7 607
7 612
7 618
7 630
7 635
7 646
7 660
7 664
7 666
7 667
7 670
7 688
7 717
7 725
7 737
7 740
7 776
7 787
7 832
7 840
7 876
7 877
7 925
7 927
7 939
7 971
7 975
7 977
8 10
8 11
8 12
8 13
8 15
8 17
8 22
8 27
8 30
8 33
8 35
8 38
8 42
8 44
8 46
8 47
8 50
8 52
8 54
8 55
8 57
8 58
8 60
8 66
8 67
8 69
8 73
8 77
8 79
8 83
8 86
8 89
8 94
8 96
8 97
8 103
8 104
8 115
8 122
8 123
8 125
8 142
8 144
8 145
8 152
8 157
8 159
8 161
8 163
8 165
8 170
8 173
8 178
8 181
8 184
8 195
8 196
8 197
8 199
8 203
8 204
8 205
8 209
8 215
8 216
8 221
8 227
8 238
8 244
8 247
8 249
8 253
8 256
8 258
8 263
8 264
8 267
8 271
8 283
8 291
8 293
8 309
8 311
8 312
8 324
8 325
8 326
8 336
8 342
8 343
8 347
8 349
8 351
8 352
8 354
8 356
8 357
8 372
8 374
8 377
8 401
8 424
8 429
8 433
8 434
8 435
8 437
8 440
8 455
8 462
8 471
8 472
8 474
8 476
8 483
8 489
8 495
8 499
8 506
8 513
8 526
8 548
8 562
8 575
8 576
8 578
8 580
8 601
8 606
8 625
8 640
8 668
8 688
8 716
8 753
8 772
8 795
8 832
8 882
8 914
9 14
9 15
9 16
9 18
9 20
9 22
9 24
9 26
9 29
9 34
9 38
9 39
9 47
9 48
9 51
9 56
9 61
9 62
9 63
9 65
9 68
9 70
9 74
9 75
9 82
9 84
9 88
9 100
9 101
9 102
9 103
9 106
9 107
9 108
9 112
9 113
9 117
9 118
9 120
9 129
9 134
9 137
9 139
9 140
9 146
9 147
9 148
9 150
9 153
9 158
9 162
9 166
9 169
9 173
9 179
9 183
9 193
9 199
9 201
9 217
9 220
9 226
9 229
9 231
9 232
9 239
9 251
9 257
9 272
9 278
9 288
9 290
9 296
9 297
9 299
9 302
9 307
9 309
9 331
9 364
9 373
9 382
9 385
9 387
9 390
9 393
9 397
9 398
9 404
9 405
9 412
9 420
9 421
9 428
9 442
9 460
9 478
9 482
9 484
9 511
9 522
9 525
9 531
9 540
9 542
9 543
9 553
9 558
9 599
9 610
9 618
9 630
9 649
9 671
9 673
9 675
9 679
9 694
9 704
9 714
9 727
9 782
9 783
9 807
9 817
9 878
9 891
9 904
9 959
10 12
10 13
10 14
10 15
10 16
10 20
10 21
10 29
10 32
10 34
10 36
10 43
10 51
10 61
10 62
10 63
10 68
10 71
10 74
10 75
10 82
10 83
10 84
10 85
10 88
10 89
10 95
10 100
10 102
10 107
10 113
10 120
10 131
10 140
10 146
10 147
10 148
10 150
10 151
10 155
10 158
10 162
10 164
10 167
10 168
10 171
10 173
10 177
10 190
10 201
10 210
10 216
10 218
10 219
10 230
10 232
10 234
10 237
10 243
10 251
10 255
10 262
10 267
10 272
10 274
10 276
10 279
10 285
10 292
10 296
10 299
10 305
10 309
10 314
10 317
10 329
10 334
10 348
10 368
10 381
10 387
10 391
10 397
10 402
10 411
10 412
10 417
10 420
10 441
10 449
10 460
10 467
10 485
10 500
10 505
10 522
10 557
10 558
10 563
10 573
10 585
10 587
10 610
10 611
10 618
10 641
10 673
10 676
10 679
10 683
10 699
10 700
10 711
10 714
10 720
10 737
10 765
10 790
10 816
10 820
10 833
10 852
10 897
10 916
10 947
10 962
10 978
10 992
10 993
11 15
11 17
11 25
11 32
11 36
11 40
11 41
11 43
11 48
11 50
11 51
11 52
11 54
11 62
11 63
11 66
11 68
11 71
11 72
11 74
11 75
11 80
11 81
11 85
11 92
11 98
11 100
11 108
11 111
11 112
11 113
11 114
11 117
11 123
11 128
11 129
11 134
11 135
11 141
11 143
11 145
11 146
11 150
11 163
11 164
11 168
11 179
11 182
11 185
11 188
11 197
11 198
11 212
11 217
11 218
11 220
11 222
11 226
11 233
11 237
11 238
11 242
11 245
11 248
11 253
11 257
11 258
11 261
11 265
11 266
11 270
11 278
11 289
11 295
11 296
11 297
11 303
11 308
11 316
11 327
11 331
11 351
11 355
11 361
11 363
11 365
11 367
11 369
11 370
11 371
11 375
11 376
11 387
11 405
11 414
11 420
11 426
11 439
11 445
11 446
11 460
11 467
11 468
11 484
11 486
11 514
11 524
11 543
11 547
11 551
11 555
11 569
11 592
11 611
11 634
11 643
11 653
11 703
11 728
11 748
11 781
11 824
11 849
11 906
11 953
11 986
12 16
12 17
12 25
12 26
12 27
12 38
12 39
12 40
12 44
12 46
12 47
12 51
12 52
12 54
12 60
12 67
12 73
12 77
12 79
12 88
12 89
12 94
12 96
12 99
12 110
12 119
12 122
12 132
12 138
12 140
12 142
12 145
12 150
12 152
12 154
12 159
12 165
12 175
12 180
12 189
12 193
12 194
12 199
12 201
12 203
12 204
12 206
12 220
12 221
12 222
12 225
12 239
12 240
12 245
12 250
12 256
12 257
12 262
12 263
12 269
12 271
12 272
12 275
12 277
12 281
12 283
12 290
12 291
12 295
12 299
12 316
12 319
12 342
12 343
12 347
12 348
12 352
12 365
12 379
12 383
12 394
12 401
12 415
12 430
12 431
12 432
12 433
12 434
12 437
12 451
12 457
12 458
12 480
12 503
12 515
12 516
12 529
12 570
12 586
12 599
12 613
12 614
12 639
12 647
12 687
12 706
12 710
12 713
12 721
12 726
12 758
12 789
12 793
12 803
12 820
12 822
12 842
12 882
12 996
13 14
13 17
13 19
13 21
13 26
13 27
13 32
13 33
13 36
13 38
13 41
13 42
13 43
13 48
13 51
13 52
13 60
13 62
13 63
13 65
13 66
13 67
13 69
13 76
13 87
13 91
13 92
13 93
13 100
13 102
13 111
13 112
13 114
13 115
13 121
13 122
13 126
13 131
13 134
13 136
13 142
13 150
13 153
13 158
13 161
13 162
13 166
13 168
13 171
13 174
13 176
13 178
13 184
13 187
13 196
13 198
13 203
13 204
13 205
13 209
13 214
13 216
13 219
13 222
13 237
13 239
13 240
13 242
13 247
13 249
13 251
13 252
13 254
13 257
13 262
13 267
13 274
13 277
13 280
13 286
13 297
13 304
13 305
13 318
13 324
13 327
13 333
13 349
13 352
13 354
13 368
13 370
13 382
13 393
13 407
13 412
13 414
13 418
13 429
13 437
13 438
13 441
13 447
13 464
13 465
13 491
13 493
13 505
13 519
13 541
13 566
13 567
13 569
13 572
13 577
13 578
13 581
13 588
13 609
13 611
13 630
13 631
13 634
13 653
13 668
13 728
13 750
13 778
14 17
14 20
14 26
14 29
14 35
14 38
14 40
14 41
14 42
14 44
14 47
14 50
14 51
14 52
14 53
14 54
14 58
14 60
14 66
14 71
14 72
14 73
14 80
14 86
14 89
14 91
14 92
14 94
14 97
14 99
14 104
14 105
14 112
14 115
14 123
14 124
14 125
14 135
14 138
14 142
14 144
14 145
14 148
14 149
14 150
14 153
14 168
14 171
14 174
14 175
14 176
14 178
14 182
14 186
14 190
14 191
14 192
14 193
14 196
14 197
14 202
14 207
14 209
14 224
14 228
14 242
14 247
14 249
14 250
14 252
14 254
14 257
14 258
14 260
14 263
14 267
14 269
14 271
14 272
14 273
14 277
14 281
14 286
14 289
14 290
14 297
14 300
14 311
14 316
14 321
14 326
14 328
14 336
14 339
14 349
14 351
14 358
14 367
14 376
14 381
14 393
14 421
14 442
14 444
14 455
14 463
14 484
14 495
14 508
14 513
14 519
14 551
14 552
14 577
14 579
14 600
14 605
14 628
14 629
14 635
14 636
14 645
14 678
14 682
14 735
14 774
14 782
14 805
14 815
14 923
14 955
15 17
15 27
15 30
15 31
15 35
15 38
15 41
15 46
15 50
15 52
15 55
15 57
15 60
15 66
15 67
15 69
15 76
15 79
15 86
15 89
15 93
15 94
15 96
15 104
15 105
15 110
15 111
15 112
15 122
15 123
15 125
15 142
15 152
15 153
15 156
15 157
15 159
15 160
15 161
15 165
15 170
15 174
15 175
15 186
15 191
15 193
15 194
15 203
15 205
15 221
15 222
15 224
15 225
15 227
15 238
15 242
15 244
15 247
15 248
15 249
15 250
15 252
15 253
15 254
15 257
15 258
15 265
15 271
15 277
15 283
15 301
15 306
15 311
15 312
15 316
15 336
15 340
15 351
15 356
15 365
15 371
15 378
15 379
15 384
15 407
15 416
15 430
15 431
15 434
15 439
15 446
15 457
15 458
15 471
15 473
15 497
15 499
15 506
15 513
15 552
15 565
15 594
15 608
15 609
15 615
15 631
15 636
15 644
15 645
15 654
15 662
15 674
15 678
15 697
15 738
15 739
15 741
15 759
15 860
16 17
16 18
16 19
16 24
16 31
16 33
16 35
16 38
16 39
16 40
16 41
16 42
16 50
16 57
16 59
16 60
16 63
16 66
16 67
16 77
16 79
16 80
16 91
16 97
16 99
16 103
16 111
16 112
16 113
16 114
16 119
16 120
16 121
16 123
16 133
16 140
16 144
16 147
16 152
16 153
16 161
16 165
16 176
16 179
16 180
16 187
16 194
16 196
16 197
16 202
16 216
16 219
16 222
16 223
16 225
16 229
16 242
16 247
16 248
16 253
16 257
16 262
16 264
16 275
16 277
16 288
16 291
16 294
16 300
16 311
16 312
16 323
16 337
16 343
16 350
16 354
16 361
16 368
16 371
16 372
16 384
16 389
16 396
16 400
16 405
16 412
16 421
16 437
16 458
16 479
16 484
16 495
16 499
16 514
16 517
16 526
16 561
16 567
16 575
16 588
16 593
16 594
16 595
16 600
16 601
16 602
16 611
16 638
16 644
16 680
16 687
16 693
16 710
16 723
16 727
16 903
17 18
17 20
17 21
17 22
17 23
17 27
17 29
17 30
17 32
17 36
17 37
17 38
17 41
17 42
17 43
17 48
17 51
17 62
17 63
17 65
17 66
17 67
17 68
17 72
17 74
17 75
17 81
17 82
17 83
17 84
17 88
17 94
17 98
17 100
17 102
17 108
17 114
17 126
17 133
17 139
17 141
17 147
17 148
17 155
17 158
17 161
17 168
17 169
17 190
17 198
17 201
17 210
17 218
17 220
17 229
17 259
17 262
17 266
17 287
17 296
17 297
17 303
17 308
17 331
17 333
17 363
17 369
17 373
17 399
17 400
17 410
17 412
17 413
17 417
17 423
17 424
17 441
17 454
17 462
17 511
17 524
17 540
17 543
17 550
17 570
17 629
17 649
17 661
17 669
17 670
17 694
17 727
17 740
17 763
17 792
17 858
18 25
18 27
18 31
18 38
18 39
18 42
18 45
18 46
18 47
18 49
18 52
18 54
18 67
18 70
18 75
18 76
18 79
18 80
18 82
18 93
18 121
18 128
18 139
18 144
18 145
18 159
18 164
18 165
18 170
18 172
18 176
18 181
18 184
18 185
18 193
18 215
18 223
18 238
18 244
18 245
18 253
18 256
18 258
18 260
18 269
18 271
18 273
18 282
18 286
18 288
18 303
18 347
18 352
18 355
18 368
18 374
18 379
18 386
18 394
18 403
18 412
18 430
18 450
18 467
18 468
18 476
18 512
18 533
18 536
18 551
18 556
18 577
18 593
18 595
18 600
18 613
18 655
18 665
18 684
18 685
18 686
18 749
18 751
18 771
18 781
18 783
18 784
18 792
18 865
18 891
19 23
19 24
19 30
19 32
19 36
19 37
19 38
19 40
19 41
19 43
19 50
19 51
19 55
19 62
19 66
19 73
19 76
19 81
19 84
19 87
19 88
19 98
19 99
19 105
19 115
19 121
19 127
19 140
19 141
19 154
19 156
19 160
19 161
19 162
19 166
19 167
19 169
19 171
19 173
19 196
19 198
19 202
19 204
19 216
19 219
19 220
19 226
19 228
19 231
19 237
19 240
19 252
19 261
19 265
19 266
19 268
19 274
19 280
19 295
19 299
19 317
19 353
19 358
19 375
19 376
19 395
19 396
19 399
19 408
19 418
19 426
19 429
19 437
19 459
19 462
19 466
19 473
19 479
19 490
19 492
19 496
19 523
19 524
19 531
19 542
19 564
19 566
19 568
19 581
19 597
19 629
19 630
19 635
19 666
19 676
19 692
19 736
19 796
19 809
19 829
20 25
20 33
20 36
20 39
20 42
20 44
20 51
20 52
20 55
20 56
20 66
20 67
20 70
20 73
20 79
20 86
20 92
20 93
20 96
20 101
20 109
20 113
20 118
20 122
20 124
20 125
20 138
20 147
20 150
20 153
20 165
20 169
20 174
20 175
20 176
20 192
20 193
20 194
20 201
20 203
20 207
20 218
20 220
20 223
20 233
20 244
20 256
20 260
20 269
20 272
20 273
20 281
20 290
20 291
20 294
20 311
20 312
20 316
20 320
20 335
20 339
20 340
20 361
20 365
20 367
20 373
20 392
20 393
20 421
20 430
20 446
20 481
20 529
20 533
20 534
20 553
20 578
20 593
20 596
20 644
20 645
20 708
20 711
20 741
20 777
20 860
20 905
20 952
20 954
20 997
21 25
21 26
21 38
21 42
21 44
21 45
21 46
21 47
21 50
21 52
21 57
21 60
21 67
21 77
21 78
21 97
21 104
21 110
21 111
21 115
21 119
21 123
21 132
21 136
21 143
21 153
21 159
21 163
21 170
21 191
21 196
21 204
21 209
21 214
21 215
21 227
21 230
21 249
21 252
21 263
21 265
21 267
21 283
21 291
21 293
21 316
21 325
21 328
21 339
21 349
21 352
21 354
21 357
21 358
21 372
21 379
21 386
21 396
21 421
21 465
21 472
21 474
21 478
21 480
21 495
21 521
21 536
21 538
21 539
21 546
21 567
21 580
21 608
21 613
21 627
21 637
21 639
21 668
21 689
21 721
21 730
21 775
21 799
21 842
21 886
21 932
21 979
22 25
22 33
22 35
22 37
22 39
22 46
22 50
22 52
22 57
22 58
22 72
22 73
22 89
22 94
22 99
22 114
22 115
22 124
22 125
22 132
22 144
22 152
22 157
22 159
22 161
22 165
22 170
22 174
22 178
22 184
22 189
22 195
22 196
22 204
22 215
22 221
22 225
22 227
22 236
22 237
22 240
22 242
22 249
22 253
22 264
22 271
22 273
22 275
22 277
22 286
22 299
22 301
22 322
22 324
22 326
22 343
22 347
22 358
22 361
22 374
22 401
22 403
22 416
22 433
22 434
22 437
22 439
22 440
22 458
22 461
22 469
22 480
22 488
22 490
22 493
22 502
22 507
22 526
22 600
22 603
22 604
22 625
22 626
22 662
22 665
22 667
22 753
22 921
22 969
23 35
23 37
23 52
23 58
23 66
23 69
23 79
23 97
23 101
23 111
23 122
23 123
23 124
23 132
23 138
23 165
23 168
23 174
23 191
23 193
23 196
23 203
23 205
23 209
23 215
23 227
23 242
23 257
23 261
23 270
23 273
23 275
23 282
23 284
23 290
23 323
23 341
23 383
23 384
23 394
23 396
23 405
23 433
23 440
23 463
23 503
23 515
23 521
23 546
23 575
23 586
23 603
23 639
23 640
23 644
23 646
23 654
23 674
23 681
23 713
23 717
23 822
23 859
23 882
23 889
23 907
23 935
23 981
24 25
24 26
24 27
24 40
24 47
24 48
24 50
24 53
24 54
24 55
24 57
24 58
24 59
24 63
24 68
24 70
24 76
24 80
24 83
24 86
24 87
24 93
24 94
24 96
24 105
24 110
24 112
24 117
24 126
24 130
24 138
24 140
24 154
24 161
24 169
24 174
24 184
24 187
24 189
24 191
24 198
24 215
24 223
24 224
24 231
24 252
24 254
24 260
24 263
24 264
24 266
24 269
24 270
24 281
24 284
24 313
24 331
24 332
24 355
24 356
24 364
24 375
24 384
24 388
24 391
24 392
24 393
24 395
24 396
24 406
24 417
24 427
24 429
24 442
24 450
24 453
24 489
24 490
24 512
24 553
24 579
24 591
24 618
24 633
24 652
24 681
24 712
24 824
24 829
24 848
24 892
24 940
25 29
25 30
25 32
25 43
25 47
25 48
25 49
25 50
25 51
25 62
25 65
25 68
25 70
25 72
25 78
25 80
25 83
25 85
25 88
25 95
25 100
25 101
25 102
25 106
25 109
25 127
25 128
25 135
25 147
25 149
25 155
25 162
25 164
25 166
25 169
25 172
25 182
25 198
25 201
25 202
25 229
25 244
25 246
25 255
25 259
25 266
25 270
25 292
25 296
25 302
25 309
25 318
25 331
25 362
25 367
25 381
25 385
25 387
25 392
25 406
25 412
25 419
25 420
25 423
25 441
25 442
25 459
25 467
25 483
25 488
25 514
25 518
25 520
25 523
25 540
25 543
25 563
25 589
25 607
25 610
25 620
25 675
25 718
25 770
25 821
25 884
26 32
26 36
26 51
26 53
26 54
26 57
26 62
26 65
26 74
26 82
26 95
26 103
26 107
26 108
26 109
26 112
26 117
26 126
26 129
26 131
26 133
26 137
26 140
26 149
26 153
26 154
26 155
26 158
26 162
26 169
26 173
26 183
26 202
26 208
26 210
26 212
26 217
26 219
26 220
26 243
26 268
26 297
26 303
26 309
26 329
26 333
26 334
26 390
26 397
26 402
26 405
26 413
26 425
26 426
26 428
26 442
26 447
26 462
26 464
26 466
26 477
26 482
26 485
26 494
26 548
26 553
26 557
26 567
26 576
26 591
26 596
26 671
26 675
26 736
26 743
26 807
26 810
26 885
27 28
27 29
27 32
27 36
27 37
27 58
27 64
27 74
27 83
27 90
27 106
27 116
27 147
27 157
27 201
27 213
27 233
27 235
27 246
27 247
27 319
27 348
27 358
27 364
27 371
27 373
27 387
27 406
27 408
27 414
27 425
27 441
27 469
27 501
27 522
27 540
27 564
27 589
27 698
27 726
27 773
27 779
27 794
27 816
27 819
27 831
27 855
27 869
27 906
27 919
27 944
27 954
27 966
28 31
28 35
28 38
28 39
28 42
28 46
28 57
28 67
28 77
28 91
28 94
28 97
28 99
28 110
28 115
28 122
28 124
28 144
28 159
28 161
28 178
28 184
28 203
28 221
28 237
28 240
28 247
28 252
28 258
28 264
28 269
28 286
28 289
28 316
28 323
28 325
28 336
28 337
28 340
28 341
28 342
28 343
28 357
28 360
28 394
28 431
28 434
28 444
28 461
28 463
28 469
28 472
28 478
28 495
28 499
28 502
28 516
28 601
28 604
28 640
28 646
28 686
28 687
28 753
28 789
28 795
29 31
29 38
29 41
29 42
29 45
29 47
29 51
29 54
29 55
29 58
29 60
29 66
29 67
29 71
29 77
29 79
29 80
29 86
29 99
29 104
29 115
29 125
29 128
29 132
29 138
29 142
29 143
29 144
29 148
29 158
29 180
29 181
29 186
29 190
29 195
29 197
29 203
29 221
29 227
29 239
29 241
29 249
29 250
29 252
29 255
29 258
29 263
29 269
29 277
29 280
29 283
29 286
29 289
29 295
29 327
29 347
29 360
29 368
29 371
29 384
29 400
29 438
29 439
29 457
29 473
29 501
29 508
29 514
29 560
29 577
29 588
29 592
29 604
29 606
29 608
29 654
29 662
29 674
29 682
29 746
29 801
29 840
30 38
30 48
30 58
30 59
30 69
30 104
30 111
30 114
30 122
30 126
30 127
30 137
30 143
30 151
30 157
30 160
30 170
30 172
30 186
30 196
30 205
30 220
30 222
30 237
30 240
30 244
30 267
30 297
30 304
30 317
30 325
30 333
30 334
30 356
30 364
30 389
30 395
30 418
30 426
30 427
30 437
30 438
30 449
30 455
30 456
30 462
30 489
30 502
30 525
30 538
30 578
30 583
30 584
30 592
30 601
30 604
30 618
30 626
30 632
30 670
30 723
30 758
30 800
30 832
30 876
30 915
30 920
31 32
31 36
31 48
31 49
31 53
31 61
31 63
31 65
31 68
31 70
31 71
31 74
31 75
31 81
31 83
31 84
31 85
31 87
31 88
31 99
31 100
31 105
31 107
31 118
31 126
31 134
31 135
31 137
31 147
31 149
31 158
31 162
31 164
31 169
31 172
31 173
31 187
31 201
31 219
31 229
31 246
31 251
31 255
31 297
31 303
31 305
31 309
31 317
31 362
31 363
31 369
31 382
31 387
31 392
31 414
31 420
31 426
31 427
31 441
31 450
31 519
31 520
31 524
31 543
31 545
31 564
31 572
31 573
31 574
31 583
31 610
31 692
31 731
31 737
32 37
32 38
32 42
32 45
32 46
32 50
32 54
32 55
32 57
32 58
32 60
32 67
32 69
32 73
32 77
32 86
32 91
32 96
32 105
32 115
32 121
32 124
32 125
32 128
32 132
32 143
32 145
32 157
32 161
32 165
32 174
32 175
32 181
32 185
32 193
32 203
32 207
32 211
32 221
32 223
32 253
32 260
32 265
32 269
32 277
32 283
32 286
32 290
32 294
32 295
32 301
32 310
32 316
32 352
32 361
32 366
32 374
32 389
32 394
32 407
32 416
32 450
32 468
32 473
32 480
32 527
32 544
32 570
32 608
32 615
32 654
32 665
32 706
32 732
32 774
32 797
33 43
33 59
33 61
33 68
33 71
33 90
33 106
33 107
33 113
33 117
33 119
33 133
33 136
33 154
33 160
33 164
33 171
33 184
33 200
33 211
33 213
33 217
33 219
33 220
33 234
33 235
33 266
33 286
33 291
33 292
33 333
33 348
33 399
33 403
33 405
33 448
33 449
33 466
33 512
33 523
33 534
33 549
33 592
33 617
33 647
33 653
33 675
33 683
33 711
33 732
33 748
33 757
33 761
33 863
33 957
34 35
34 39
34 46
34 55
34 58
34 60
34 69
34 77
34 103
34 104
34 110
34 112
34 122
34 136
34 138
34 157
34 160
34 161
34 165
34 184
34 191
34 196
34 203
34 209
34 224
34 225
34 230
34 244
34 256
34 260
34 267
34 277
34 281
34 290
34 322
34 323
34 324
34 336
34 349
34 368
34 372
34 386
34 430
34 431
34 433
34 436
34 453
34 458
34 476
34 503
34 504
34 515
34 526
34 546
34 594
34 595
34 606
34 626
34 689
34 690
34 716
34 802
34 910
34 911
35 39
35 53
35 59
35 61
35 72
35 75
35 89
35 103
35 107
35 113
35 117
35 126
35 130
35 131
35 137
35 139
35 140
35 154
35 156
35 158
35 173
35 187
35 208
35 211
35 213
35 217
35 234
35 239
35 268
35 275
35 285
35 287
35 293
35 304
35 310
35 333
35 348
35 351
35 382
35 388
35 395
35 413
35 432
35 452
35 492
35 535
35 540
35 547
35 617
35 623
35 624
35 656
35 698
35 754
35 757
35 761
35 768
35 871
35 915
35 967
36 41
36 42
36 43
36 51
36 52
36 54
36 56
36 60
36 76
36 78
36 80
36 84
36 87
36 91
36 94
36 96
36 113
36 125
36 129
36 132
36 141
36 150
36 191
36 203
36 209
36 223
36 227
36 228
36 230
36 251
36 253
36 256
36 258
36 265
36 270
36 271
36 277
36 284
36 295
36 296
36 297
36 300
36 301
36 323
36 333
36 334
36 342
36 363
36 364
36 368
36 374
36 383
36 386
36 415
36 444
36 463
36 508
36 522
36 531
36 536
36 546
36 571
36 584
36 587
36 609
36 617
36 638
36 669
36 673
36 745
36 818
36 851
36 857
36 928
37 41
37 43
37 48
37 58
37 64
37 71
37 78
37 82
37 87
37 95
37 116
37 127
37 129
37 133
37 141
37 151
37 154
37 155
37 188
37 200
37 202
37 212
37 216
37 218
37 220
37 244
37 261
37 262
37 272
37 282
37 302
37 309
37 314
37 323
37 348
37 373
37 375
37 395
37 428
37 466
37 470
37 511
37 534
37 584
37 586
37 595
37 596
37 651
37 673
37 702
37 714
37 719
37 748
37 812
37 825
37 959
37 960
38 39
38 53
38 56
38 61
38 67
38 82
38 88
38 92
38 98
38 101
38 129
38 136
38 137
38 139
38 148
38 151
38 164
38 169
38 176
38 177
38 183
38 187
38 210
38 219
38 221
38 233
38 246
38 305
38 309
38 314
38 318
38 329
38 362
38 399
38 411
38 412
38 425
38 448
38 452
38 460
38 495
38 548
38 558
38 563
38 572
38 589
38 596
38 610
38 611
38 624
38 643
38 672
38 677
38 693
38 700
38 746
38 769
38 805
38 821
38 837
38 855
38 878
39 43
39 48
39 51
39 53
39 59
39 71
39 82
39 84
39 88
39 103
39 108
39 117
39 127
39 129
39 137
39 140
39 151
39 171
39 173
39 183
39 198
39 202
39 211
39 213
39 239
39 262
39 274
39 285
39 287
39 302
39 304
39 308
39 309
39 314
39 333
39 353
39 364
39 398
39 417
39 443
39 447
39 452
39 462
39 477
39 492
39 500
39 523
39 524
39 530
39 547
39 550
39 585
39 621
39 623
39 649
39 676
39 752
40 52
40 59
40 69
40 70
40 87
40 89
40 93
40 98
40 101
40 104
40 105
40 111
40 127
40 135
40 137
40 143
40 158
40 182
40 191
40 193
40 208
40 220
40 241
40 245
40 253
40 254
40 255
40 258
40 265
40 267
40 295
40 325
40 339
40 375
40 376
40 397
40 423
40 425
40 439
40 445
40 468
40 487
40 544
40 557
40 566
40 576
40 615
40 632
40 652
40 696
40 781
40 813
40 828
40 862
40 900
40 984
41 45
41 54
41 61
41 62
41 65
41 67
41 82
41 84
41 85
41 97
41 98
41 106
41 124
41 146
41 150
41 166
41 168
41 177
41 190
41 197
41 201
41 208
41 259
41 261
41 266
41 272
41 309
41 363
41 380
41 381
41 385
41 387
41 411
41 414
41 448
41 460
41 462
41 505
41 524
41 543
41 587
41 648
41 652
41 663
41 664
41 670
41 676
41 684
41 693
41 695
41 701
41 704
41 727
41 732
41 773
41 779
41 807
41 816
41 836
41 885
41 897
42 46
42 48
42 49
42 50
42 51
42 61
42 65
42 69
42 70
42 82
42 83
42 84
42 91
42 95
42 98
42 100
42 101
42 102
42 108
42 109
42 126
42 131
42 133
42 135
42 147
42 148
42 150
42 151
42 162
42 164
42 166
42 172
42 183
42 198
42 201
42 208
42 214
42 216
42 217
42 220
42 226
42 229
42 246
42 251
42 255
42 295
42 297
42 308
42 313
42 320
42 363
42 377
42 381
42 385
42 414
42 420
42 449
42 460
42 479
42 505
42 548
42 596
42 620
42 685
42 891
43 50
43 52
43 54
43 55
43 57
43 60
43 66
43 69
43 79
43 89
43 101
43 103
43 104
43 105
43 111
43 112
43 122
43 123
43 138
43 156
43 157
43 160
43 161
43 163
43 191
43 216
43 224
43 225
43 230
43 249
43 250
43 260
43 267
43 271
43 322
43 324
43 338
43 344
43 378
43 386
43 397
43 430
43 451
43 471
43 478
43 483
43 484
43 486
43 487
43 501
43 504
43 506
43 515
43 555
43 570
43 602
43 605
43 612
43 668
43 670
43 756
43 802
43 845
44 45
44 48
44 51
44 62
44 70
44 75
44 78
44 81
44 85
44 88
44 92
44 93
44 95
44 101
44 102
44 106
44 107
44 108
44 113
44 118
44 120
44 124
44 129
44 134
44 192
44 198
44 199
44 202
44 210
44 211
44 213
44 218
44 220
44 230
44 232
44 233
44 234
44 244
44 247
44 261
44 266
44 272
44 280
44 288
44 304
44 317
44 344
44 355
44 359
44 367
44 369
44 390
44 392
44 447
44 466
44 531
44 534
44 548
44 596
44 599
44 644
44 702
44 708
44 746
44 770
44 861
44 947
45 51
45 56
45 64
45 82
45 83
45 84
45 85
45 98
45 99
45 100
45 101
45 106
45 107
45 109
45 113
45 116
45 117
45 147
45 150
45 158
45 166
45 169
45 172
45 173
45 210
45 213
45 229
45 231
45 255
45 291
45 292
45 296
45 303
45 315
45 321
45 331
45 333
45 345
45 369
45 381
45 418
45 425
45 445
45 449
45 467
45 485
45 583
45 595
45 607
45 661
45 664
45 666
45 704
45 712
45 714
45 742
45 757
45 803
45 825
46 74
46 75
46 88
46 90
46 103
46 126
46 146
46 147
46 149
46 150
46 166
46 173
46 188
46 202
46 208
46 210
46 216
46 233
46 297
46 314
46 330
46 352
46 364
46 375
46 376
46 387
46 393
46 395
46 400
46 406
46 417
46 426
46 427
46 445
46 448
46 464
46 467
46 479
46 500
46 508
46 512
46 544
46 557
46 558
46 566
46 576
46 578
46 632
46 633
46 675
46 782
46 863
47 55
47 68
47 81
47 83
47 86
47 92
47 99
47 100
47 101
47 102
47 103
47 113
47 125
47 126
47 144
47 161
47 171
47 176
47 183
47 188
47 199
47 210
47 215
47 218
47 238
47 255
47 283
47 310
47 319
47 328
47 333
47 343
47 352
47 364
47 380
47 382
47 387
47 406
47 409
47 418
47 449
47 462
47 494
47 495
47 500
47 505
47 513
47 524
47 528
47 531
47 538
47 568
47 573
47 579
47 607
47 618
47 635
47 691
47 692
47 693
47 796
48 50
48 51
48 55
48 56
48 57
48 59
48 60
48 66
48 69
48 70
48 73
48 76
48 79
48 87
48 97
48 105
48 110
48 111
48 126
48 135
48 138
48 153
48 154
48 160
48 163
48 168
48 180
48 182
48 184
48 193
48 194
48 203
48 205
48 209
48 221
48 222
48 224
48 227
48 237
48 244
48 249
48 250
48 260
48 271
48 280
48 312
48 313
48 322
48 332
48 354
48 378
48 392
48 415
48 433
48 463
48 487
48 506
48 510
48 570
48 571
48 886
49 54
49 67
49 73
49 82
49 91
49 93
49 96
49 119
49 125
49 128
49 136
49 142
49 144
49 169
49 176
49 181
49 183
49 185
49 186
49 192
49 203
49 215
49 221
49 228
49 229
49 238
49 242
49 269
49 275
49 281
49 283
49 289
49 300
49 327
49 328
49 330
49 336
49 352
49 354
49 379
49 436
49 444
49 457
49 461
49 471
49 474
49 479
49 486
49 494
49 505
49 519
49 529
49 551
49 554
49 571
49 580
49 613
49 628
49 636
49 637
49 638
49 645
49 665
49 709
49 784
49 795
49 844
49 880
50 53
50 56
50 57
50 62
50 68
50 70
50 83
50 87
50 88
50 92
50 97
50 98
50 108
50 113
50 120
50 126
50 130
50 131
50 137
50 155
50 156
50 163
50 172
50 179
50 183
50 196
50 202
50 208
50 211
50 220
50 229
50 235
50 241
50 243
50 250
50 262
50 268
50 299
50 303
50 313
50 317
50 319
50 330
50 375
50 398
50 411
50 427
50 465
50 466
50 523
50 525
50 580
50 584
50 618
50 763
51 54
51 56
51 60
51 66
51 70
51 79
51 80
51 81
51 86
51 87
51 92
51 94
51 111
51 119
51 121
51 125
51 132
51 136
51 138
51 145
51 148
51 154
51 164
51 168
51 185
51 190
51 193
51 195
51 219
51 221
51 223
51 263
51 283
51 301
51 313
51 337
51 347
51 358
51 421
51 427
51 467
51 469
51 531
51 559
51 577
51 626
51 635
51 639
51 685
51 707
51 735
51 783
52 56
52 57
52 59
52 70
52 72
52 75
52 82
52 105
52 126
52 133
52 143
52 155
52 156
52 163
52 164
52 176
52 200
52 207
52 211
52 222
52 269
52 270
52 285
52 295
52 330
52 341
52 342
52 346
52 356
52 369
52 384
52 390
52 404
52 418
52 429
52 460
52 477
52 487
52 548
52 649
52 725
52 772
52 807
52 862
53 55
53 57
53 59
53 60
53 73
53 77
53 80
53 86
53 104
53 122
53 144
53 152
53 160
53 168
53 170
53 174
53 184
53 186
53 189
53 191
53 193
53 194
53 199
53 204
53 220
53 222
53 237
53 244
53 258
53 264
53 269
53 281
53 286
53 290
53 310
53 311
53 312
53 326
53 359
53 383
53 401
53 415
53 431
53 451
53 472
53 476
53 504
53 505
53 527
53 552
53 559
53 597
53 660
53 668
53 681
53 687
53 688
53 759
53 829
54 56
54 59
54 62
54 84
54 85
54 100
54 101
54 102
54 107
54 108
54 109
54 139
54 146
54 148
54 155
54 169
54 198
54 223
54 233
54 255
54 259
54 276
54 303
54 305
54 320
54 334
54 392
54 397
54 428
54 448
54 449
54 456
54 512
54 550
54 552
54 573
54 585
54 596
54 618
54 643
54 675
54 679
54 695
54 705
54 714
54 718
54 743
54 816
54 857
54 862
54 878
55 56
55 61
55 63
55 74
55 81
55 87
55 90
55 91
55 93
55 100
55 116
55 118
55 120
55 126
55 127
55 133
55 134
55 135
55 149
55 151
55 153
55 177
55 191
55 200
55 202
55 205
55 210
55 211
55 233
55 243
55 246
55 268
55 279
55 285
55 308
55 319
55 329
55 334
55 353
55 422
55 423
55 424
55 465
55 482
55 496
55 505
55 616
55 680
55 779
55 852
56 57
56 62
56 67
56 72
56 79
56 84
56 92
56 98
56 101
56 102
56 107
56 108
56 125
56 127
56 129
56 134
56 138
56 150
56 151
56 155
56 163
56 169
56 186
56 201
56 208
56 232
56 233
56 244
56 270
56 272
56 333
56 359
56 363
56 365
56 389
56 395
56 413
56 423
56 582
56 679
56 699
56 704
56 823
56 854
56 858
56 948
56 994
57 64
57 82
57 87
57 88
57 97
57 105
57 117
57 120
57 126
57 130
57 133
57 139
57 149
57 155
57 163
57 172
57 183
57 202
57 208
57 213
57 219
57 235
57 243
57 262
57 272
57 295
57 299
57 313
57 318
57 376
57 449
57 464
57 477
57 511
57 534
57 556
57 557
57 580
57 617
57 656
57 744
57 763
57 804
58 88
58 95
58 103
58 106
58 107
58 117
58 127
58 133
58 149
58 150
58 151
58 179
58 188
58 200
58 212
58 220
58 233
58 244
58 261
58 262
58 290
58 314
58 315
58 373
58 375
58 397
58 451
58 455
58 553
58 596
58 623
58 702
58 742
58 752
58 825
58 863
58 908
58 958
59 67
59 78
59 79
59 85
59 87
59 88
59 92
59 105
59 113
59 114
59 117
59 119
59 126
59 133
59 148
59 152
59 153
59 165
59 173
59 182
59 185
59 193
59 199
59 203
59 205
59 209
59 218
59 237
59 245
59 258
59 262
59 271
59 290
59 318
59 340
59 341
59 432
59 443
59 473
59 494
59 564
59 629
59 644
59 658
60 61
60 62
60 63
60 64
60 68
60 100
60 101
60 102
60 116
60 120
60 129
60 130
60 131
60 141
60 155
60 162
60 169
60 171
60 183
60 198
60 210
60 211
60 259
60 268
60 276
60 297
60 302
60 353
60 377
60 398
60 399
60 419
60 425
60 459
60 523
60 576
60 583
60 592
60 620
60 621
60 623
60 671
60 723
60 763
60 788
60 810
61 67
61 69
61 77
61 86
61 96
61 97
61 99
61 104
61 110
61 112
61 121
61 122
61 124
61 125
61 145
61 153
61 157
61 161
61 163
61 165
61 175
61 180
61 184
61 191
61 203
61 204
61 209
61 230
61 238
61 248
61 249
61 252
61 267
61 275
61 277
61 280
61 294
61 310
61 335
61 352
61 355
61 356
61 358
61 473
61 502
61 532
61 536
61 552
61 594
61 609
61 615
61 631
61 735
61 795
62 63
62 68
62 70
62 78
62 80
62 90
62 96
62 97
62 101
62 102
62 110
62 112
62 113
62 119
62 124
62 128
62 129
62 142
62 162
62 164
62 182
62 183
62 185
62 191
62 242
62 266
62 284
62 327
62 335
62 345
62 350
62 355
62 363
62 367
62 378
62 413
62 414
62 439
62 441
62 460
62 494
62 509
62 634
62 644
62 682
62 733
62 734
62 770
62 788
62 849
63 66
63 69
63 73
63 86
63 91
63 96
63 101
63 102
63 118
63 124
63 127
63 128
63 132
63 143
63 144
63 153
63 156
63 174
63 175
63 182
63 193
63 199
63 205
63 222
63 242
63 256
63 271
63 284
63 294
63 311
63 320
63 322
63 327
63 335
63 338
63 339
63 366
63 371
63 386
63 439
63 444
63 446
63 461
63 486
63 501
63 530
63 593
63 613
63 619
63 697
63 699
63 706
63 733
63 747
63 780
63 809
63 946
64 77
64 79
64 110
64 112
64 125
64 152
64 157
64 170
64 180
64 181
64 189
64 195
64 221
64 222
64 240
64 244
64 250
64 257
64 271
64 277
64 280
64 284
64 311
64 355
64 361
64 378
64 384
64 430
64 433
64 453
64 471
64 493
64 501
64 506
64 513
64 521
64 533
64 571
64 575
64 580
64 586
64 603
64 608
64 609
64 659
64 678
64 730
64 789
64 881
64 921
65 66
65 73
65 77
65 80
65 96
65 99
65 118
65 121
65 125
65 128
65 144
65 145
65 147
65 159
65 168
65 182
65 193
65 195
65 210
65 219
65 240
65 247
65 256
65 273
65 280
65 293
65 310
65 321
65 331
65 332
65 347
65 379
65 403
65 406
65 416
65 417
65 446
65 469
65 471
65 472
65 490
65 495
65 521
65 545
65 570
65 600
65 627
65 640
65 926
66 70
66 72
66 74
66 84
66 85
66 86
66 88
66 90
66 98
66 100
66 102
66 108
66 116
66 117
66 135
66 139
66 140
66 147
66 150
66 162
66 166
66 169
66 173
66 183
66 198
66 202
66 229
66 272
66 287
66 302
66 363
66 369
66 380
66 398
66 459
66 467
66 508
66 583
66 589
66 643
66 647
66 661
66 673
66 718
66 857
66 917
67 74
67 81
67 82
67 90
67 95
67 98
67 106
67 118
67 139
67 171
67 172
67 176
67 177
67 190
67 201
67 229
67 231
67 276
67 296
67 317
67 318
67 330
67 362
67 385
67 387
67 410
67 428
67 459
67 495
67 522
67 542
67 545
67 558
67 563
67 564
67 611
67 632
67 643
67 718
67 779
67 790
67 838
68 73
68 75
68 80
68 81
68 83
68 86
68 97
68 99
68 105
68 120
68 122
68 134
68 136
68 179
68 185
68 224
68 232
68 238
68 254
68 256
68 264
68 270
68 289
68 337
68 359
68 391
68 418
68 440
68 457
68 491
68 496
68 498
68 501
68 510
68 513
68 529
68 538
68 559
68 560
68 582
68 691
68 729
68 738
68 771
68 843
68 851
69 71
69 72
69 75
69 81
69 91
69 95
69 97
69 100
69 101
69 105
69 117
69 120
69 127
69 134
69 138
69 149
69 156
69 158
69 163
69 168
69 205
69 211
69 219
69 226
69 227
69 233
69 235
69 241
69 265
69 268
69 279
69 308
69 313
69 330
69 334
69 398
69 405
69 465
69 466
69 496
69 505
69 544
69 558
69 643
69 705
69 802
70 73
70 82
70 86
70 87
70 91
70 104
70 109
70 110
70 111
70 113
70 126
70 129
70 136
70 142
70 154
70 175
70 187
70 199
70 207
70 223
70 242
70 245
70 257
70 260
70 271
70 279
70 300
70 306
70 313
70 322
70 337
70 340
70 341
70 345
70 365
70 392
70 427
70 450
70 614
70 622
70 708
70 748
70 799
71 86
71 89
71 99
71 110
71 116
71 117
71 124
71 170
71 173
71 182
71 187
71 188
71 203
71 216
71 219
71 239
71 248
71 340
71 342
71 347
71 365
71 368
71 379
71 382
71 407
71 418
71 431
71 433
71 473
71 488
71 491
71 513
71 515
71 575
71 592
71 597
71 609
71 637
71 674
71 678
71 692
71 700
71 726
71 802
71 826
72 73
72 75
72 83
72 91
72 97
72 110
72 111
72 112
72 114
72 122
72 129
72 145
72 151
72 152
72 159
72 164
72 175
72 196
72 199
72 202
72 212
72 228
72 386
72 393
72 404
72 440
72 468
72 503
72 506
72 592
72 625
72 631
72 674
72 684
72 686
72 691
72 694
72 704
72 706
72 713
72 735
72 813
72 819
72 866
72 935
72 961
73 74
73 80
73 84
73 100
73 109
73 117
73 128
73 135
73 148
73 162
73 169
73 179
73 201
73 206
73 210
73 228
73 231
73 255
73 297
73 303
73 314
73 317
73 328
73 331
73 364
73 381
73 390
73 408
73 417
73 420
73 423
73 447
73 459
73 520
73 522
73 545
73 561
73 573
73 577
73 610
73 647
73 653
73 720
73 819
73 917
74 77
74 79
74 86
74 94
74 96
74 112
74 114
74 119
74 128
74 142
74 144
74 166
74 170
74 175
74 179
74 184
74 205
74 219
74 222
74 224
74 249
74 270
74 286
74 294
74 301
74 310
74 316
74 327
74 328
74 337
74 351
74 352
74 360
74 368
74 379
74 384
74 389
74 401
74 457
74 530
74 554
74 570
74 605
74 622
74 637
74 660
74 665
74 674
74 689
74 759
74 811
75 77
75 80
75 85
75 99
75 100
75 119
75 121
75 131
75 148
75 175
75 182
75 188
75 189
75 197
75 200
75 214
75 218
75 249
75 258
75 269
75 282
75 286
75 293
75 310
75 328
75 358
75 380
75 444
75 445
75 474
75 484
75 494
75 551
75 565
75 572
75 613
75 634
75 637
75 657
75 725
75 751
75 753
75 846
76 82
76 83
76 84
76 95
76 98
76 101
76 117
76 123
76 129
76 133
76 136
76 137
76 140
76 146
76 158
76 161
76 170
76 171
76 194
76 217
76 235
76 241
76 249
76 286
76 303
76 332
76 348
76 353
76 354
76 362
76 376
76 390
76 460
76 466
76 492
76 510
76 518
76 558
76 718
76 725
76 731
76 734
76 746
76 798
76 861
76 868
76 974
76 976
77 82
77 85
77 131
77 137
77 140
77 146
77 148
77 155
77 190
77 204
77 209
77 217
77 218
77 226
77 234
77 251
77 255
77 259
77 299
77 302
77 426
77 428
77 447
77 449
77 456
77 471
77 488
77 492
77 493
77 535
77 537
77 543
77 557
77 694
77 716
78 87
78 101
78 102
78 107
78 110
78 112
78 113
78 124
78 129
78 137
78 155
78 194
78 198
78 202
78 207
78 209
78 220
78 225
78 230
78 231
78 242
78 243
78 244
78 262
78 271
78 288
78 331
78 332
78 341
78 344
78 367
78 369
78 372
78 373
78 393
78 396
78 412
78 415
78 466
78 482
78 556
78 632
78 652
78 672
78 681
78 702
78 708
78 835
78 855
78 856
79 82
79 83
79 108
79 111
79 113
79 116
79 133
79 139
79 146
79 155
79 158
79 200
79 206
79 208
79 211
79 234
79 235
79 242
79 259
79 282
79 292
79 320
79 373
79 395
79 456
79 485
79 558
79 585
79 606
79 680
79 742
79 744
79 825
80 83
80 84
80 90
80 94
80 97
80 100
80 118
80 127
80 135
80 141
80 148
80 150
80 162
80 164
80 188
80 218
80 296
80 308
80 360
80 364
80 376
80 398
80 414
80 428
80 441
80 454
80 468
80 479
80 514
80 528
80 564
80 571
80 587
80 605
80 611
80 622
80 661
80 725
80 805
80 846
80 894
81 85
81 91
81 93
81 98
81 104
81 124
81 134
81 142
81 144
81 149
81 185
81 192
81 232
81 256
81 279
81 281
81 290
81 300
81 305
81 306
81 311
81 319
81 326
81 338
81 342
81 359
81 362
81 391
81 392
81 402
81 407
81 438
81 465
81 474
81 481
81 482
81 496
81 498
81 582
81 616
81 619
81 640
81 651
81 669
81 700
81 746
82 91
82 94
82 99
82 112
82 119
82 121
82 161
82 184
82 197
82 215
82 223
82 225
82 230
82 250
82 310
82 312
82 321
82 323
82 327
82 335
82 337
82 340
82 347
82 355
82 361
82 384
82 416
82 430
82 478
82 527
82 539
82 552
82 602
82 617
82 654
82 730
82 813
82 941
83 85
83 89
83 99
83 132
83 136
83 140
83 160
83 164
83 174
83 192
83 197
83 198
83 215
83 221
83 227
83 231
83 249
83 274
83 290
83 326
83 335
83 345
83 370
83 387
83 439
83 440
83 458
83 459
83 514
83 641
83 648
83 660
83 699
83 719
83 722
83 728
83 755
83 934
83 968
84 87
84 91
84 92
84 94
84 96
84 102
84 111
84 112
84 132
84 141
84 145
84 148
84 163
84 175
84 207
84 219
84 221
84 224
84 225
84 242
84 251
84 256
84 270
84 284
84 296
84 301
84 339
84 364
84 370
84 374
84 392
84 447
84 480
84 506
84 570
84 587
84 588
84 669
84 673
84 697
85 86
85 91
85 93
85 96
85 97
85 99
85 119
85 122
85 123
85 124
85 126
85 128
85 153
85 215
85 221
85 222
85 223
85 253
85 269
85 270
85 272
85 286
85 313
85 326
85 327
85 328
85 335
85 336
85 347
85 358
85 379
85 380
85 386
85 396
85 415
85 472
85 490
85 502
85 519
85 530
85 554
85 559
85 706
86 92
86 98
86 108
86 116
86 117
86 135
86 148
86 149
86 150
86 162
86 166
86 172
86 173
86 182
86 202
86 229
86 259
86 276
86 303
86 305
86 306
86 315
86 317
86 329
86 330
86 380
86 382
86 385
86 448
86 508
86 573
86 589
86 755
87 92
87 105
87 109
87 113
87 118
87 123
87 126
87 154
87 163
87 172
87 174
87 186
87 194
87 199
87 203
87 223
87 227
87 250
87 260
87 284
87 304
87 306
87 332
87 368
87 411
87 413
87 415
87 450
87 506
87 510
87 591
87 618
87 704
87 707
87 804
87 841
87 877
88 89
88 91
88 97
88 112
88 125
88 153
88 157
88 175
88 184
88 185
88 192
88 193
88 194
88 202
88 207
88 223
88 242
88 256
88 257
88 271
88 284
88 301
88 310
88 336
88 344
88 361
88 365
88 372
88 386
88 463
88 480
88 507
88 510
88 549
88 581
88 738
88 859
88 945
89 103
89 107
89 113
89 117
89 118
89 126
89 129
89 131
89 133
89 139
89 146
89 150
89 152
89 155
89 158
89 173
89 183
89 211
89 234
89 251
89 272
89 346
89 390
89 411
89 426
89 429
89 438
89 442
89 447
89 492
89 535
89 566
89 629
89 631
89 633
89 679
89 711
90 92
90 97
90 99
90 104
90 105
90 121
90 142
90 146
90 157
90 159
90 163
90 174
90 178
90 180
90 195
90 199
90 207
90 224
90 236
90 237
90 247
90 258
90 260
90 269
90 271
90 273
90 278
90 293
90 335
90 343
90 351
90 356
90 371
90 389
90 434
90 440
90 450
90 468
90 478
90 484
90 504
90 603
90 628
90 659
90 686
90 905
91 93
91 102
91 120
91 133
91 134
91 135
91 149
91 162
91 172
91 208
91 232
91 276
91 279
91 288
91 303
91 316
91 319
91 321
91 337
91 342
91 359
91 369
91 391
91 400
91 406
91 410
91 419
91 423
91 460
91 482
91 700
91 734
91 780
91 820
91 853
92 98
92 110
92 118
92 122
92 149
92 174
92 175
92 181
92 199
92 209
92 226
92 232
92 258
92 272
92 281
92 291
92 306
92 317
92 318
92 321
92 338
92 341
92 362
92 364
92 391
92 413
92 415
92 477
92 592
92 593
92 711
92 712
93 96
93 108
93 118
93 120
93 136
93 142
93 160
93 172
93 176
93 199
93 205
93 231
93 232
93 281
93 288
93 292
93 298
93 313
93 326
93 335
93 336
93 359
93 385
93 392
93 402
93 428
93 444
93 459
93 498
93 509
93 510
93 520
93 563
93 582
93 619
93 622
93 692
93 746
93 841
93 929
94 129
94 132
94 135
94 146
94 148
94 150
94 154
94 172
94 179
94 218
94 229
94 262
94 278
94 297
94 302
94 305
94 309
94 314
94 345
94 363
94 402
94 420
94 454
94 456
94 459
94 460
94 500
94 517
94 670
94 677
94 694
94 755
94 887
95 110
95 121
95 128
95 132
95 140
95 142
95 143
95 150
95 174
95 191
95 193
95 194
95 200
95 209
95 220
95 224
95 242
95 244
95 257
95 258
95 260
95 270
95 282
95 290
95 291
95 298
95 323
95 336
95 341
95 342
95 343
95 361
95 368
95 386
95 395
95 407
95 440
95 530
95 532
95 684
95 735
95 961
96 101
96 102
96 131
96 142
96 147
96 150
96 169
96 177
96 183
96 190
96 206
96 246
96 266
96 294
96 303
96 307
96 381
96 409
96 411
96 441
96 452
96 459
96 545
96 611
96 649
96 734
96 769
97 104
97 106
97 117
97 141
97 151
97 154
97 177
97 188
97 200
97 206
97 208
97 212
97 242
97 266
97 332
97 351
97 353
97 358
97 365
97 371
97 388
97 395
97 411
97 438
97 534
97 579
97 606
97 620
97 632
97 696
97 744
98 101
98 104
98 119
98 127
98 138
98 142
98 160
98 163
98 185
98 194
98 198
98 256
98 258
98 272
98 274
98 281
98 289
98 296
98 298
98 320
98 372
98 375
98 393
98 397
98 413
98 414
98 428
98 445
98 607
98 713
99 108
99 109
99 192
99 198
99 213
99 259
99 276
99 287
99 308
99 317
99 348
99 385
99 404
99 411
99 419
99 420
99 426
99 428
99 507
99 531
99 545
99 607
99 676
99 712
99 887
100 104
100 110
100 112
100 124
100 128
100 132
100 157
100 195
100 207
100 228
100 233
100 236
100 237
100 251
100 271
100 328
100 344
100 365
100 384
100 394
100 423
100 460
100 463
100 525
100 539
100 560
100 577
100 587
100 739
100 812
100 894
101 102
101 105
101 113
101 114
101 124
101 127
101 128
101 129
101 143
101 184
101 186
101 193
101 243
101 248
101 271
101 273
101 281
101 286
101 306
101 324
101 338
101 344
101 367
101 427
101 451
101 465
101 579
101 636
101 681
101 709
102 110
102 117
102 124
102 128
102 150
102 154
102 171
102 180
102 185
102 192
102 202
102 206
102 215
102 221
102 228
102 243
102 256
102 269
102 284
102 300
102 335
102 338
102 351
102 355
102 367
102 421
102 473
102 708
102 798
103 111
103 112
103 138
103 144
103 153
103 157
103 173
103 189
103 196
103 203
103 205
103 207
103 209
103 230
103 250
103 278
103 312
103 322
103 323
103 324
103 329
103 339
103 344
103 345
103 407
103 430
103 453
103 489
103 503
103 546
103 549
103 582
103 597
103 602
103 797
103 802
103 892
104 109
104 130
104 133
104 139
104 143
104 158
104 160
104 170
104 177
104 189
104 199
104 202
104 213
104 226
104 241
104 299
104 308
104 330
104 348
104 363
104 408
104 409
104 413
104 452
104 505
104 524
104 544
104 558
104 598
104 868
105 107
105 127
105 130
105 137
105 141
105 167
105 181
105 183
105 206
105 211
105 220
105 239
105 241
105 273
105 285
105 308
105 329
105 375
105 380
105 462
105 540
105 575
105 634
105 653
105 660
105 736
105 745
106 119
106 121
106 122
106 144
106 184
106 186
106 209
106 224
106 267
106 278
106 282
106 283
106 291
106 301
106 321
106 337
106 389
106 403
106 415
106 451
106 468
106 469
106 586
106 645
106 655
106 684
106 713
106 738
106 784
106 786
106 860
107 111
107 112
107 115
107 122
107 136
107 138
107 153
107 165
107 169
107 174
107 178
107 189
107 205
107 209
107 224
107 250
107 260
107 262
107 265
107 279
107 281
107 282
107 295
107 322
107 344
107 372
107 394
107 415
107 489
107 511
107 513
107 529
107 595
107 655
107 674
108 110
108 125
108 136
108 138
108 163
108 174
108 175
108 176
108 182
108 185
108 186
108 197
108 210
108 252
108 281
108 289
108 290
108 300
108 301
108 338
108 339
108 360
108 361
108 365
108 368
108 390
108 416
108 423
108 468
108 486
108 511
108 655
108 711
108 766
108 827
109 128
109 145
109 165
109 181
109 186
109 192
109 193
109 197
109 226
109 231
109 242
109 269
109 272
109 278
109 281
109 290
109 327
109 340
109 341
109 367
109 370
109 438
109 444
109 450
109 463
109 474
109 505
109 521
109 522
109 562
109 602
109 622
109 651
109 653
109 717
109 739
109 824
110 116
110 135
110 155
110 164
110 233
110 234
110 239
110 266
110 308
110 320
110 373
110 395
110 410
110 423
110 425
110 426
110 512
110 518
110 534
110 553
110 596
110 675
110 714
110 721
110 744
110 904
111 112
111 120
111 127
111 133
111 134
111 135
111 155
111 158
111 165
111 167
111 173
111 188
111 202
111 241
111 252
111 307
111 308
111 329
111 405
111 409
111 410
111 423
111 425
111 429
111 566
111 643
111 719
111 800
112 113
112 118
112 129
112 133
112 134
112 141
112 153
112 202
112 226
112 230
112 243
112 274
112 296
112 320
112 352
112 390
112 404
112 539
112 561
112 621
112 810
112 835
113 114
113 123
113 124
113 129
113 138
113 141
113 153
113 171
113 178
113 180
113 224
113 225
113 230
113 250
113 258
113 262
113 295
113 312
113 322
113 393
113 413
113 434
113 459
113 466
113 480
113 506
113 708
113 742
114 117
114 139
114 159
114 198
114 207
114 217
114 236
114 241
114 251
114 331
114 356
114 393
114 424
114 445
114 452
114 467
114 558
114 574
114 612
114 675
114 719
114 731
114 821
115 129
115 131
115 133
115 137
115 141
115 143
115 146
115 154
115 167
115 170
115 173
115 208
115 213
115 216
115 235
115 249
115 297
115 305
115 313
115 353
115 388
115 404
115 447
115 475
115 535
115 542
115 568
115 620
116 121
116 122
116 125
116 166
116 195
116 222
116 223
116 238
116 281
116 310
116 372
116 549
116 565
116 605
116 655
116 678
116 691
116 842
116 893
117 152
117 165
117 174
117 187
117 193
117 196
117 199
117 209
117 218
117 225
117 257
117 264
117 275
117 298
117 321
117 327
117 340
117 343
117 365
117 383
117 455
117 484
117 739
118 122
118 124
118 162
118 165
118 186
118 192
118 205
118 217
118 221
118 230
118 231
118 278
118 293
118 300
118 316
118 360
118 370
118 392
118 401
118 415
118 481
118 514
118 518
118 519
118 521
118 562
118 652
118 725
119 126
119 135
119 162
119 164
119 166
119 179
119 213
119 229
119 242
119 261
119 272
119 296
119 303
119 313
119 314
119 362
119 366
119 445
119 448
119 511
119 563
119 607
119 647
119 704
119 767
119 784
120 122
120 123
120 132
120 134
120 140
120 153
120 161
120 180
120 191
120 225
120 232
120 263
120 279
120 306
120 311
120 319
120 323
120 337
120 346
120 359
120 396
120 402
120 407
120 480
120 506
120 530
120 636
120 911
121 146
121 149
121 151
121 155
121 169
121 177
121 208
121 212
121 220
121 259
121 261
121 299
121 343
121 371
121 381
121 405
121 467
121 501
121 589
121 683
121 686
121 729
121 823
121 866
122 135
122 139
122 140
122 173
122 177
122 213
122 279
122 390
122 411
122 477
122 494
122 518
122 556
122 593
122 620
122 621
122 642
122 671
123 129
123 130
123 131
123 135
123 137
123 155
123 171
123 210
123 216
123 239
123 250
123 274
123 285
123 345
123 399
123 425
123 426
123 447
123 464
123 485
123 624
123 666
123 732
123 824
123 855
124 129
124 134
124 141
124 190
124 201
124 232
124 255
124 266
124 276
124 308
124 334
124 344
124 373
124 381
124 411
124 419
124 543
124 561
124 641
124 649
124 718
124 770
125 139
125 141
125 148
125 149
125 151
125 169
125 177
125 190
125 210
125 218
125 251
125 259
125 266
125 308
125 315
125 327
125 373
125 414
125 548
125 584
125 585
125 589
125 642
125 695
126 138
126 140
126 154
126 172
126 182
126 219
126 270
126 280
126 304
126 313
126 324
126 332
126 334
126 339
126 368
126 392
126 413
126 423
126 453
126 465
126 477
126 579
126 664
126 689
126 838
127 136
127 153
127 156
127 160
127 163
127 165
127 167
127 178
127 188
127 191
127 205
127 217
127 242
127 248
127 260
127 265
127 267
127 291
127 325
127 341
127 366
127 367
127 378
127 397
127 404
127 418
127 490
127 521
127 539
127 547
127 616
127 758
128 135
128 147
128 151
128 162
128 164
128 176
128 198
128 217
128 226
128 233
128 246
128 255
128 259
128 266
128 307
128 308
128 414
128 419
128 524
128 554
128 610
128 675
129 153
129 167
129 180
129 182
129 183
129 189
129 216
129 217
129 262
129 294
129 333
129 413
129 415
129 421
129 425
129 445
129 446
129 529
129 544
129 560
130 138
130 152
130 161
130 178
130 180
130 196
130 199
130 204
130 225
130 236
130 294
130 342
130 378
130 431
130 432
130 446
130 491
130 503
130 516
130 604
130 628
130 654
130 659
130 710
130 717
130 870
130 963
131 188
131 200
131 204
131 223
131 225
131 245
131 262
131 263
131 280
131 284
131 339
131 434
131 437
131 457
131 483
131 485
131 588
131 603
131 627
131 662
131 667
131 721
131 756
131 778
131 780
132 137
132 141
132 151
132 172
132 183
132 190
132 218
132 229
132 251
132 262
132 266
132 296
132 297
132 314
132 317
132 398
132 408
132 475
132 523
132 561
132 567
132 572
132 573
132 576
132 610
132 669
132 683
132 727
133 138
133 153
133 157
133 161
133 165
133 194
133 196
133 219
133 224
133 225
133 230
133 336
133 384
133 436
133 440
133 463
133 503
133 594
133 608
133 847
134 141
134 149
134 158
134 163
134 191
134 232
134 252
134 269
134 270
134 281
134 286
134 288
134 298
134 311
134 319
134 359
134 423
134 474
134 482
134 498
134 502
134 510
134 700
134 931
135 144
135 176
135 184
135 197
135 207
135 224
135 228
135 230
135 244
135 252
135 253
135 281
135 289
135 290
135 294
135 311
135 313
135 356
135 392
135 451
135 586
135 637
135 747
136 154
136 162
136 172
136 187
136 194
136 281
136 291
136 298
136 306
136 313
136 326
136 330
136 336
136 359
136 367
136 427
136 474
136 479
136 498
136 547
136 599
136 616
136 634
136 776
137 161
137 162
137 168
137 175
137 180
137 205
137 207
137 227
137 228
137 274
137 301
137 322
137 339
137 346
137 354
137 355
137 383
137 409
137 415
137 453
137 472
137 536
137 540
137 541
137 646
137 680
137 786
137 834
137 848
137 856
138 140
138 151
138 158
138 164
138 171
138 211
138 217
138 220
138 377
138 390
138 452
138 456
138 488
138 548
138 553
138 566
138 585
139 152
139 157
139 159
139 160
139 181
139 206
139 209
139 215
139 264
139 275
139 283
139 286
139 293
139 310
139 342
139 346
139 380
139 383
139 436
139 453
139 458
139 493
139 500
139 597
139 688
139 837
140 153
140 167
140 180
140 203
140 222
140 225
140 230
140 239
140 249
140 257
140 294
140 322
140 324
140 342
140 346
140 355
140 365
140 407
140 453
140 471
140 516
140 575
141 143
141 146
141 170
141 185
141 192
141 251
141 280
141 301
141 322
141 355
141 376
141 381
141 468
141 536
141 571
141 587
141 629
141 669
141 726
141 758
141 881
142 144
142 146
142 164
142 172
142 179
142 208
142 235
142 255
142 280
142 305
142 316
142 381
142 426
142 428
142 494
142 605
142 634
142 671
142 703
142 760
142 814
142 918
142 965
143 151
143 156
143 166
143 198
143 207
143 258
143 265
143 283
143 353
143 378
143 429
143 446
143 458
143 463
143 484
143 510
143 528
143 546
143 560
143 578
143 640
143 680
143 739
143 754
143 759
144 146
144 164
144 169
144 201
144 208
144 217
144 234
144 235
144 303
144 309
144 315
144 332
144 364
144 380
144 406
144 411
144 445
144 563
144 939
145 164
145 173
145 179
145 188
145 255
145 308
145 331
145 363
145 400
145 414
145 420
145 425
145 447
145 454
145 467
145 478
145 479
145 514
145 736
145 749
145 800
145 938
146 181
146 184
146 236
146 278
146 293
146 312
146 360
146 371
146 383
146 396
146 432
146 435
146 458
146 513
146 516
146 526
146 678
146 689
146 831
147 185
147 192
147 215
147 256
147 274
147 286
147 294
147 300
147 322
147 327
147 329
147 347
147 355
147 365
147 366
147 381
147 382
147 401
147 514
147 625
147 630
147 637
147 650
147 849
148 152
148 154
148 173
148 174
148 175
148 186
148 190
148 228
148 252
148 263
148 270
148 310
148 351
148 421
148 446
148 527
148 531
148 559
148 635
148 726
148 794
148 902
148 926
149 172
149 176
149 184
149 185
149 193
149 219
149 232
149 252
149 279
149 288
149 338
149 340
149 358
149 366
149 367
149 394
149 423
149 451
149 527
149 530
149 533
149 576
149 733
150 186
150 195
150 218
150 256
150 272
150 275
150 278
150 283
150 362
150 363
150 394
150 439
150 486
150 511
150 669
150 740
151 152
151 165
151 191
151 193
151 227
151 230
151 270
151 323
151 326
151 343
151 344
151 384
151 430
151 433
151 440
151 470
151 503
151 526
151 532
151 570
151 713
151 775
151 951
152 155
152 158
152 171
152 190
152 208
152 211
152 234
152 241
152 287
152 346
152 377
152 396
152 445
152 452
152 538
152 612
152 623
152 698
153 183
153 230
153 279
153 295
153 319
153 377
153 390
153 397
153 402
153 404
153 447
153 464
153 523
153 810
154 157
154 160
154 167
154 171
154 184
154 212
154 223
154 224
154 247
154 264
154 311
154 312
154 313
154 322
154 324
154 349
154 392
154 415
154 427
154 633
155 159
155 185
155 193
155 209
155 230
155 270
155 298
155 323
155 342
155 354
155 365
155 372
155 374
155 396
155 407
155 416
155 469
155 654
155 709
156 167
156 182
156 183
156 239
156 247
156 248
156 287
156 304
156 313
156 317
156 318
156 353
156 364
156 388
156 418
156 436
156 443
156 465
156 496
156 568
156 698
156 761
156 787
156 828
156 972
157 160
157 171
157 200
157 208
157 211
157 217
157 268
157 285
157 287
157 445
157 518
157 576
157 682
157 698
157 750
157 757
157 768
158 189
158 232
158 248
158 253
158 265
158 378
158 489
158 497
158 515
158 612
158 625
158 690
158 710
158 845
158 872
159 188
159 208
159 233
159 234
159 241
159 251
159 259
159 287
159 348
159 393
159 425
159 454
159 456
159 545
159 624
159 723
160 170
160 179
160 186
160 199
160 214
160 239
160 254
160 271
160 291
160 298
160 349
160 435
160 471
160 492
160 497
160 505
160 568
161 183
161 204
161 221
161 235
161 239
161 241
161 276
161 285
161 297
161 330
161 331
161 334
161 369
161 411
161 455
161 488
161 624
162 168
162 176
162 186
162 189
162 205
162 207
162 215
162 248
162 278
162 337
162 338
162 340
162 347
162 383
162 409
162 502
162 521
162 530
162 540
162 622
163 202
163 217
163 232
163 248
163 266
163 276
163 438
163 534
163 642
163 643
163 693
163 750
163 763
163 817
163 888
164 180
164 247
164 248
164 270
164 289
164 301
164 362
164 399
164 412
164 421
164 527
164 551
164 685
164 949
165 177
165 183
165 200
165 211
165 268
165 285
165 377
165 456
165 550
165 562
165 622
165 647
166 238
166 247
166 273
166 278
166 310
166 499
166 530
166 605
166 730
166 733
166 797
166 946
167 171
167 174
167 178
167 188
167 205
167 249
167 273
167 332
167 366
167 372
167 377
167 404
167 415
167 436
167 510
167 529
167 542
167 547
167 568
167 636
167 798
168 173
168 176
168 180
168 188
168 214
168 248
168 333
168 339
168 409
168 436
168 438
168 497
168 541
168 657
168 864
169 256
169 277
169 289
169 300
169 316
169 338
169 361
169 374
169 416
169 444
169 465
169 470
169 495
169 502
169 546
169 733
170 171
170 190
170 213
170 251
170 255
170 279
170 315
170 318
170 369
170 380
170 471
170 492
170 535
170 573
170 883
171 173
171 184
171 216
171 217
171 283
171 291
171 350
171 418
171 466
171 496
171 537
171 547
171 601
172 181
172 186
172 223
172 294
172 306
172 316
172 340
172 415
172 450
172 451
172 507
172 519
172 529
172 614
172 636
172 778
173 182
173 191
173 203
173 216
173 236
173 252
173 256
173 283
173 383
173 386
173 444
173 464
173 549
173 778
173 797
173 801
174 176
174 187
174 211
174 213
174 231
174 296
174 302
174 509
174 534
174 598
174 619
174 705
174 809
175 177
175 198
175 201
175 202
175 255
175 296
175 302
175 307
175 315
175 319
175 400
175 475
175 523
175 663
175 695
175 711
176 201
176 233
176 259
176 314
176 332
176 487
176 491
176 611
176 634
176 645
176 668
176 770
176 864
176 873
177 184
177 194
177 242
177 257
177 271
177 273
177 282
177 290
177 291
177 323
177 336
177 340
177 357
177 366
177 374
177 533
177 594
177 595
177 655
177 741
177 749
178 190
178 255
178 268
178 274
178 276
178 304
178 305
178 315
178 319
178 350
178 367
178 398
178 400
178 413
178 483
178 616
178 626
178 715
178 754
178 787
178 888
179 223
179 224
179 247
179 250
179 275
179 318
179 325
179 335
179 339
179 351
179 368
179 379
179 459
179 562
179 605
179 607
179 677
179 787
180 190
180 208
180 218
180 239
180 268
180 285
180 314
180 329
180 388
180 496
180 518
180 553
180 598
181 190
181 216
181 263
181 268
181 284
181 287
181 307
181 314
181 317
181 348
181 390
181 402
181 461
181 518
181 592
181 656
181 724
181 767
181 844
182 187
182 198
182 213
182 220
182 241
182 261
182 298
182 390
182 443
182 466
182 494
182 559
182 828
183 197
183 207
183 221
183 230
183 280
183 294
183 422
183 497
183 588
183 627
183 814
184 208
184 243
184 292
184 314
184 315
184 566
184 598
185 202
185 210
185 233
185 246
185 266
185 287
185 302
185 449
185 508
185 514
185 531
185 550
185 642
185 904
186 199
186 218
186 234
186 287
186 305
186 315
186 402
186 414
186 471
186 508
186 554
186 649
186 737
186 754
186 874
187 196
187 203
187 204
187 219
187 225
187 247
187 249
187 261
187 432
187 488
187 561
187 575
187 631
187 648
187 658
187 747
188 189
188 197
188 201
188 206
188 227
188 249
188 250
188 252
188 286
188 289
188 310
188 354
188 371
188 375
188 484
188 499
188 551
188 952
189 208
189 213
189 234
189 235
189 348
189 353
189 388
189 413
189 443
189 454
189 483
189 538
189 561
189 624
189 656
189 757
189 798
190 195
190 263
190 284
190 316
190 328
190 347
190 351
190 421
190 439
190 457
190 507
190 509
190 559
190 626
190 635
190 789
191 200
191 216
191 232
191 274
191 298
191 304
191 342
191 456
191 466
191 474
191 568
191 582
191 700
192 229
192 303
192 307
192 317
192 362
192 373
192 408
192 449
192 520
192 531
192 545
192 552
192 621
192 679
192 683
193 218
193 271
193 303
193 305
193 317
193 552
193 590
193 621
193 821
194 202
194 243
194 259
194 287
194 366
194 448
194 509
194 511
194 547
194 585
194 633
194 647
194 732
194 776
195 201
195 255
195 273
195 310
195 315
195 318
195 348
195 350
195 373
195 383
195 411
195 508
195 567
195 604
195 635
195 677
196 211
196 213
196 216
196 233
196 333
196 353
196 399
196 455
196 544
196 566
196 578
196 598
197 227
197 275
197 356
197 388
197 398
197 408
197 445
197 456
197 524
197 537
197 701
197 712
197 744
198 199
198 252
198 256
198 289
198 290
198 300
198 341
198 364
198 365
198 366
198 408
198 428
198 474
198 603
199 226
199 266
199 280
199 339
199 471
199 505
199 533
199 582
199 799
199 858
200 230
200 245
200 258
200 281
200 312
200 320
200 384
200 407
200 415
200 446
200 453
200 473
200 503
200 515
200 526
200 549
200 646
200 801
200 901
201 209
201 215
201 269
201 270
201 310
201 379
201 401
201 470
201 740
201 995
202 219
202 300
202 301
202 389
202 405
202 504
202 638
202 659
202 709
203 208
203 216
203 219
203 268
203 285
203 333
203 353
203 462
203 485
203 558
204 208
204 213
204 217
204 235
204 304
204 399
204 413
204 535
204 544
204 598
204 723
205 217
205 237
205 251
205 273
205 279
205 285
205 303
205 332
205 367
205 383
205 398
205 498
205 541
205 569
206 207
206 210
206 215
206 230
206 239
206 306
206 323
206 371
206 373
206 396
206 416
206 425
206 430
206 503
206 532
206 644
206 710
206 811
206 822
206 936
207 210
207 217
207 226
207 287
207 304
207 429
207 546
207 569
207 583
207 658
207 732
208 254
208 257
208 270
208 329
208 396
208 458
208 513
208 551
208 638
209 211
209 235
209 243
209 259
209 292
209 475
209 534
209 623
209 769
209 779
210 224
210 229
210 254
210 278
210 299
210 321
210 370
210 384
210 394
210 530
210 532
210 610
211 293
211 298
211 308
211 372
211 431
211 503
211 549
211 732
211 775
212 245
212 261
212 264
212 350
212 416
212 442
212 487
212 489
212 516
212 555
212 557
212 616
212 652
212 707
212 826
213 214
213 240
213 333
213 340
213 346
213 432
213 437
213 516
213 687
213 747
214 217
214 272
214 291
214 345
214 350
214 367
214 405
214 415
214 438
214 492
214 528
214 541
214 666
214 672
214 839
214 925
215 259
215 302
215 328
215 417
215 429
215 452
215 459
215 467
215 542
215 657
215 695
215 916
216 225
216 230
216 236
216 257
216 260
216 378
216 430
216 475
216 609
216 632
216 831
216 881
217 222
217 249
217 264
217 265
217 270
217 300
217 378
217 486
217 628
218 244
218 257
218 263
218 270
218 283
218 290
218 362
218 405
218 484
218 873
219 254
219 279
219 282
219 345
219 575
219 648
219 664
219 747
220 273
220 278
220 312
220 322
220 341
220 372
220 413
220 444
221 266
221 276
221 307
221 317
221 319
221 373
221 449
221 621
221 693
222 226
222 239
222 245
222 259
222 329
222 393
222 418
222 478
222 542
222 568
222 578
223 255
223 299
223 303
223 313
223 369
223 397
223 427
223 449
223 484
223 589
223 618
224 226
224 233
224 292
224 306
224 402
224 477
224 500
224 591
224 721
225 279
225 308
225 377
225 399
225 424
225 429
225 475
225 477
225 556
226 227
226 236
226 248
226 249
226 254
226 257
226 265
226 288
226 339
226 406
226 463
226 487
226 580
226 587
226 890
227 235
227 241
227 250
227 287
227 309
227 353
227 400
227 517
227 550
227 649
228 231
228 266
228 276
228 307
228 321
228 328
228 402
228 438
228 452
228 522
228 543
228 569
228 574
228 695
228 724
228 844
228 987
229 278
229 318
229 321
229 322
229 364
229 382
229 394
229 444
229 546
229 554
230 287
230 377
230 464
230 475
231 238
231 288
231 290
231 332
231 335
231 337
231 338
231 368
231 385
231 406
231 414
231 455
231 481
231 492
231 583
231 704
231 767
232 252
232 288
232 298
232 340
232 359
232 370
232 482
232 498
232 510
232 529
232 735
232 852
233 254
233 260
233 261
233 271
233 366
233 374
233 450
233 539
233 653
234 258
234 264
234 370
234 379
234 403
234 432
234 440
234 489
234 516
234 532
234 565
234 601
234 625
235 240
235 241
235 264
235 310
235 330
235 358
235 403
235 476
235 487
235 507
235 580
235 626
235 660
235 785
236 264
236 275
236 315
236 395
236 437
236 454
236 458
236 525
236 576
236 595
236 632
236 633
236 736
236 740
236 756
237 253
237 292
237 319
237 369
237 393
237 397
237 404
237 409
237 445
237 539
237 568
238 406
238 410
238 417
238 418
238 544
238 555
238 568
238 573
238 605
238 664
238 715
238 883
238 884
239 260
239 275
239 277
239 299
239 301
239 329
239 480
239 527
239 661
239 933
240 263
240 274
240 287
240 317
240 370
240 390
240 417
240 452
240 454
240 488
240 543
240 569
240 581
240 796
240 818
241 249
241 273
241 291
241 325
241 346
241 356
241 463
241 469
241 471
241 486
241 571
241 678
241 682
242 266
242 272
242 320
242 441
242 466
242 468
242 651
242 705
243 244
243 260
243 280
243 288
243 290
243 304
243 312
243 334
243 336
243 341
243 367
243 407
243 644
243 945
244 299
244 329
244 443
244 511
244 590
245 259
245 325
245 342
245 365
245 442
245 468
245 487
245 542
245 555
245 591
245 773
245 780
246 286
246 294
246 300
246 316
246 337
246 346
246 401
246 431
246 451
246 461
246 501
246 504
246 507
246 522
246 604
246 716
246 794
247 377
247 417
247 424
247 431
247 485
247 493
247 694
248 255
248 276
248 292
248 404
248 409
248 428
248 438
248 459
248 528
248 541
248 572
248 790
248 819
248 856
249 319
249 353
249 404
249 448
249 568
250 268
250 285
250 329
250 375
250 413
250 456
250 518
250 810
251 283
251 289
251 301
251 347
251 356
251 401
251 439
251 513
251 536
251 546
251 629
252 287
252 369
252 410
252 728
252 772
252 864
253 265
253 287
253 308
253 317
253 371
253 402
253 404
253 478
253 539
253 714
253 724
253 844
254 280
254 329
254 380
254 426
254 462
254 485
254 500
254 509
254 528
254 567
254 615
254 692
254 727
254 773
255 338
255 360
255 495
255 509
255 559
255 600
255 795
256 297
256 309
256 447
256 464
256 481
256 556
256 584
256 817
256 821
257 427
257 695
258 270
258 275
258 305
258 314
258 404
258 607
258 677
258 761
259 277
259 321
259 347
259 379
259 401
259 450
259 741
259 777
259 822
259 847
260 290
260 292
260 296
260 302
260 475
260 553
260 590
261 273
261 291
261 434
261 702
262 324
262 345
262 356
262 362
262 409
262 462
262 469
262 470
262 783
263 279
263 356
263 395
263 402
263 443
263 461
263 542
263 676
263 790
264 275
264 314
264 437
264 443
264 458
264 517
265 267
265 297
265 375
265 393
265 398
265 413
265 477
265 514
265 539
265 658
265 661
265 762
266 355
266 375
266 405
266 441
266 614
266 843
266 890
267 330
267 369
267 375
267 400
267 402
267 404
267 412
267 427
267 462
267 463
268 273
268 280
268 320
268 322
268 346
268 354
268 436
268 602
268 628
268 697
269 296
269 448
269 460
269 475
269 506
269 541
269 585
269 778
270 332
270 455
270 481
270 677
271 276
271 552
271 621
271 698
272 364
272 552
272 562
272 573
272 622
272 647
272 651
272 739
273 314
273 395
273 443
273 455
273 475
273 658
273 736
274 275
274 336
274 346
274 386
274 510
274 668
274 840
275 442
275 458
275 605
275 660
276 322
276 334
276 355
276 358
276 419
276 450
276 472
276 502
276 565
276 766
276 770
276 799
277 449
277 556
277 558
277 762
277 800
278 299
278 302
278 420
278 445
278 479
278 587
278 815
279 306
279 311
279 359
279 401
279 407
279 464
279 480
279 717
279 726
279 758
280 305
280 423
280 435
280 477
280 542
280 671
280 703
280 814
281 298
281 482
282 329
282 382
282 398
282 514
282 534
282 558
282 895
283 292
283 437
283 550
283 592
283 682
284 297
284 302
284 391
284 397
284 420
284 523
284 657
284 743
284 833
284 857
285 324
285 346
285 431
285 436
285 549
285 606
285 729
286 307
286 317
286 561
287 294
287 322
287 356
287 374
287 446
287 572
287 625
288 319
288 385
288 391
288 397
288 402
288 444
288 482
288 498
289 412
289 420
289 460
289 500
289 524
289 589
289 590
289 685
289 785
290 341
290 590
291 321
291 350
292 294
292 300
292 327
292 346
292 374
292 401
292 403
292 432
292 457
292 691
293 315
293 350
293 392
293 666
293 787
293 831
293 874
293 888
293 924
293 943
294 315
294 419
294 449
294 643
294 657
294 897
295 301
295 304
295 390
295 466
295 528
295 589
295 705
296 310
296 474
296 499
296 587
296 715
297 337
297 360
297 464
297 570
297 614
297 625
298 306
298 326
298 336
298 368
298 391
298 498
298 582
298 620
298 651
299 306
299 343
299 344
299 376
299 603
299 659
299 777
299 830
300 315
300 320
300 373
300 520
300 583
300 765
301 320
301 475
301 561
301 612
301 742
302 355
302 403
302 453
302 457
302 480
302 504
302 515
302 559
302 577
303 321
303 356
303 421
303 484
303 533
303 742
304 334
304 346
304 560
304 598
304 799
305 328
305 339
305 494
305 760
305 964
306 391
306 405
306 553
306 618
306 621
306 638
307 328
307 354
307 386
307 451
307 461
307 507
307 554
307 645
307 811
307 842
307 845
308 463
308 503
308 639
308 640
309 359
309 360
309 371
309 424
309 470
309 624
309 667
309 956
310 380
310 543
310 837
311 334
311 464
311 490
311 496
311 498
311 525
311 542
312 405
312 414
312 452
312 518
313 318
313 334
313 388
313 402
313 721
314 327
314 328
314 386
314 764
315 347
315 355
315 453
315 489
315 499
315 536
316 381
316 449
316 750
316 814
317 351
317 444
317 621
317 812
318 352
318 362
318 455
318 507
318 532
318 593
318 602
318 648
318 691
319 327
319 337
319 521
319 665
319 820
320 322
320 330
320 368
320 422
320 622
320 651
321 369
321 564
321 712
321 718
321 900
322 534
322 542
322 545
322 651
323 343
323 405
323 512
323 686
324 377
324 407
324 445
324 544
324 576
325 400
325 411
325 442
325 499
325 555
325 557
325 716
325 774
326 367
326 418
326 474
326 523
326 537
326 599
326 616
326 668
327 420
327 428
327 569
327 767
328 420
328 522
328 806
328 879
329 400
329 630
329 808
330 390
330 457
330 478
330 493
330 507
330 679
330 798
330 854
331 335
331 364
331 365
331 381
332 335
332 385
332 481
332 509
332 547
332 652
333 344
333 352
333 376
333 397
333 422
334 360
334 422
334 423
335 338
335 371
335 408
335 619
335 699
335 950
336 391
336 428
336 442
336 585
336 817
337 482
337 498
337 589
337 731
337 773
337 838
338 372
338 385
338 509
338 619
338 711
338 790
338 809
338 898
339 400
339 417
340 409
340 599
340 620
340 647
340 862
341 375
341 393
341 395
341 426
341 553
341 642
341 866
342 407
342 477
342 612
343 388
343 394
343 694
344 367
344 475
344 556
344 617
344 702
344 782
344 861
345 416
345 439
345 492
345 495
345 876
345 922
346 393
346 566
347 363
347 461
347 522
347 661
348 432
348 453
348 516
348 593
348 688
348 710
349 395
349 456
349 483
349 517
349 518
349 538
349 658
349 662
349 791
350 357
350 417
350 508
350 509
350 572
350 690
350 768
351 358
351 410
351 656
351 701
351 754
352 398
352 448
352 548
352 766
353 440
353 476
353 503
353 606
353 893
354 381
354 460
354 477
354 491
354 563
354 612
354 720
355 441
355 565
355 592
356 364
356 369
356 544
357 477
357 484
357 485
357 666
357 672
357 680
357 696
359 391
359 419
359 422
359 423
359 498
359 520
359 852
359 853
360 514
360 543
360 583
360 672
360 676
360 879
361 381
361 482
361 611
361 706
362 410
362 542
362 804
362 820
363 370
363 374
363 403
363 467
363 469
363 669
364 380
364 532
365 400
365 417
365 419
366 376
366 448
366 547
366 590
366 776
367 528
367 895
368 448
368 509
368 591
368 638
368 768
369 626
369 756
369 785
370 375
370 397
370 414
370 429
370 522
370 525
370 581
370 806
370 829
371 478
371 748
372 429
373 571
373 639
373 655
373 749
374 470
374 990
375 440
375 490
375 496
376 442
376 491
376 652
377 407
377 434
377 453
377 504
377 539
377 625
377 775
377 924
378 424
378 456
378 496
378 556
378 698
378 723
378 750
379 414
379 417
379 535
379 543
379 673
380 381
380 408
380 560
380 563
380 575
380 755
381 491
381 519
382 461
382 597
382 630
382 726
382 796
383 452
383 540
383 541
383 632
383 719
384 388
384 445
384 454
384 671
385 450
385 461
385 481
385 499
385 509
385 565
385 619
385 665
386 419
386 475
386 548
386 574
387 406
387 408
387 491
387 564
387 641
387 722
388 469
388 539
388 594
389 406
389 420
389 429
389 583
389 585
389 589
389 633
390 574
390 679
390 854
391 402
391 474
391 498
391 520
391 582
391 743
391 841
392 427
392 519
392 614
393 396
393 410
393 683
394 452
394 511
394 784
394 864
395 608
396 432
396 485
396 512
396 556
397 402
397 478
397 484
398 559
398 646
399 502
399 517
399 791
400 500
400 663
400 737
400 973
401 428
401 610
402 562
402 600
403 424
403 434
403 454
403 483
403 508
403 743
403 872
404 457
405 532
406 530
406 577
406 611
406 803
407 566
407 750
408 421
408 567
408 641
408 665
408 722
408 765
409 438
409 491
409 521
409 540
409 607
409 734
409 839
409 848
410 441
410 457
410 478
410 633
410 677
410 772
410 883
411 465
411 491
412 479
412 685
412 786
412 949
413 532
414 554
414 729
415 541
416 666
417 454
417 475
417 535
417 586
418 494
418 591
418 606
418 745
419 450
419 502
419 513
419 519
419 554
419 577
420 639
421 579
421 663
422 482
422 899
423 853
424 516
424 624
424 772
424 801
425 477
425 588
425 900
425 901
426 588
426 602
426 660
426 690
427 471
427 591
427 614
428 520
428 766
429 469
429 478
429 601
429 631
430 470
431 452
431 598
431 680
432 547
432 550
432 752
433 434
433 464
433 480
433 496
433 602
434 535
434 662
434 870
434 919
435 483
435 870
436 443
436 628
436 720
437 458
437 535
437 752
438 474
438 521
438 541
438 839
439 520
439 564
439 634
439 766
440 583
440 694
441 459
441 890
442 487
442 555
442 696
443 473
443 504
444 520
444 884
446 449
446 528
446 896
447 489
447 631
448 767
449 780
450 647
450 712
451 590
451 714
451 875
452 472
453 489
454 493
454 603
454 771
455 491
455 598
455 604
455 678
456 507
456 559
457 460
457 670
457 683
458 756
460 600
461 494
462 537
462 724
462 880
463 944
464 480
464 609
465 632
466 506
467 486
467 530
468 590
469 524
469 782
470 750
472 743
473 537
473 563
473 668
473 818
475 942
476 538
476 561
476 630
476 812
477 804
479 715
479 815
481 509
481 547
481 615
481 619
485 546
485 615
485 686
486 579
486 658
486 783
487 557
488 663
488 761
489 564
490 491
490 553
491 868
492 497
492 710
493 537
494 867
495 545
495 803
496 762
497 560
497 690
498 582
498 599
499 613
499 637
499 664
500 501
500 502
500 663
500 755
501 816
504 623
506 524
506 778
507 569
507 929
508 551
510 841
510 863
511 517
511 531
512 546
512 651
513 693
515 612
515 728
515 872
516 556
516 768
517 661
517 791
517 920
519 676
519 692
520 562
520 622
520 833
521 540
521 541
522 724
523 553
523 580
525 527
525 765
526 623
526 909
527 702
527 937
528 697
528 758
531 554
532 861
534 594
535 667
536 629
536 669
538 707
541 569
541 985
544 572
545 615
547 627
548 581
548 619
548 902
549 561
549 670
549 698
549 702
550 625
550 859
552 621
552 955
554 590
555 652
555 696
556 822
557 716
559 742
560 561
562 666
564 682
565 641
565 769
565 792
565 923
567 597
567 615
569 733
570 769
571 629
571 805
571 834
572 765
572 836
574 672
574 679
574 703
574 753
574 854
574 982
575 719
578 653
579 744
579 850
581 796
581 846
584 642
584 706
584 896
584 899
585 709
586 696
586 871
587 673
588 663
591 648
591 712
593 743
594 769
595 867
597 788
599 657
599 835
599 877
600 792
601 720
603 659
603 715
603 838
604 828
614 657
617 677
617 850
617 991
619 809
620 721
622 705
624 875
626 728
627 662
627 671
627 703
627 793
628 720
630 808
633 806
636 680
637 650
640 803
641 722
642 866
642 896
642 899
643 948
646 836
648 684
649 970
650 988
651 717
657 753
658 759
659 830
661 856
663 737
664 719
672 885
673 928
677 701
685 957
689 880
692 837
695 983
699 780
703 760
703 793
715 867
716 774
722 874
724 930
724 936
730 736
730 846
731 813
749 938
756 913
760 793
764 771
764 839
772 806
785 836
792 912
812 937
814 918
817 950
830 835
833 843
834 879
849 887
868 933
894 980
909 910
