0 1
0 2
0 4
0 5
0 6
0 7
0 8
0 10
0 11
0 12
0 14
0 17
0 18
0 19
0 21
0 23
0 25
0 26
0 27
0 29
0 31
0 34
0 35
0 39
0 41
0 44
0 45
0 49
0 54
0 55
0 58
0 61
0 64
0 66
0 67
0 75
0 76
0 78
0 82
0 83
0 89
0 91
0 92
0 95
0 97
0 98
0 99
0 102
0 103
0 104
0 105
0 108
0 110
0 117
0 118
0 119
0 120
0 125
0 126
0 129
0 132
0 138
0 145
0 147
0 150
0 151
0 165
0 167
0 168
0 170
0 188
0 198
0 200
0 201
0 216
0 218
0 226
0 233
0 235
0 247
0 256
0 257
0 271
0 273
0 276
0 279
0 287
0 288
0 292
0 294
0 307
0 308
0 309
0 310
0 313
0 334
0 335
0 341
0 345
0 346
0 347
0 355
0 356
0 362
0 374
0 381
0 385
0 386
0 388
0 391
0 392
0 408
0 409
0 423
0 431
0 442
0 448
0 455
0 459
0 464
0 477
0 481
0 494
0 524
0 533
0 553
0 554
0 570
0 586
0 593
0 617
0 618
0 619
0 625
0 629
0 635
0 642
0 644
0 670
0 671
0 680
0 687
0 699
0 700
0 718
0 726
0 744
0 757
0 762
0 765
0 837
0 841
0 844
0 849
0 857
0 867
1 2
1 3
1 5
1 6
1 7
1 8
1 9
1 10
1 11
1 12
1 13
1 14
1 16
1 20
1 21
1 25
1 26
1 27
1 29
1 30
1 32
1 34
1 38
1 41
1 44
1 45
1 48
1 54
1 55
1 56
1 58
1 61
1 62
1 63
1 65
1 67
1 68
1 75
1 77
1 78
1 79
1 82
1 91
1 92
1 95
1 97
1 98
1 102
1 105
1 108
1 116
1 117
1 119
1 121
1 126
1 129
1 137
1 145
1 150
1 151
1 164
1 165
1 170
1 174
1 177
1 183
1 188
1 190
1 193
1 194
1 200
1 218
1 233
1 235
1 251
1 256
1 257
1 271
1 280
1 288
1 308
1 309
1 313
1 324
1 327
1 332
1 338
1 340
1 345
1 364
1 391
1 397
1 409
1 418
1 449
1 457
1 464
1 477
1 494
1 508
1 520
1 535
1 557
1 561
1 576
1 604
1 618
1 620
1 622
1 629
1 633
1 639
1 645
1 648
1 692
1 699
1 700
1 707
1 710
1 722
1 734
1 762
1 839
1 848
1 857
1 866
2 3
2 4
2 12
2 17
2 23
2 37
2 39
2 40
2 44
2 49
2 53
2 59
2 66
2 69
2 90
2 96
2 103
2 136
2 148
2 149
2 155
2 158
2 182
2 196
2 247
2 253
2 259
2 261
2 266
2 279
2 316
2 336
2 376
2 396
2 398
2 406
2 420
2 435
2 459
2 465
2 485
2 493
2 498
2 510
2 537
2 570
2 572
2 588
2 611
2 613
2 626
2 642
2 652
2 670
2 704
2 709
2 721
2 765
2 769
2 793
3 4
3 5
3 6
3 7
3 10
3 11
3 13
3 14
3 16
3 20
3 21
3 23
3 24
3 27
3 29
3 31
3 32
3 33
3 39
3 42
3 46
3 47
3 48
3 49
3 55
3 57
3 61
3 66
3 69
3 70
3 71
3 72
3 76
3 79
3 81
3 83
3 86
3 89
3 94
3 99
3 101
3 103
3 104
3 108
3 115
3 130
3 135
3 140
3 141
3 146
3 151
3 161
3 163
3 171
3 181
3 185
3 188
3 198
3 201
3 213
3 214
3 223
3 231
3 234
3 263
3 269
3 270
3 285
3 315
3 320
3 334
3 359
3 360
3 373
3 387
3 389
3 390
3 405
3 432
3 439
3 440
3 441
3 456
3 460
3 474
3 475
3 500
3 506
3 507
3 513
3 520
3 582
3 584
3 587
3 590
3 622
3 632
3 656
3 678
3 681
3 748
3 778
3 846
3 847
4 5
4 6
4 9
4 15
4 16
4 17
4 24
4 27
4 39
4 42
4 46
4 47
4 49
4 51
4 57
4 59
4 61
4 66
4 72
4 73
4 78
4 99
4 103
4 104
4 108
4 114
4 124
4 141
4 153
4 164
4 172
4 195
4 221
4 233
4 234
4 246
4 281
4 290
4 337
4 338
4 351
4 359
4 369
4 465
4 479
4 499
4 519
4 546
4 547
4 592
4 602
4 696
4 745
4 793
4 798
4 799
5 6
5 7
5 8
5 10
5 11
5 13
5 18
5 19
5 25
5 27
5 32
5 34
5 35
5 36
5 41
5 44
5 45
5 48
5 55
5 58
5 67
5 82
5 83
5 92
5 95
5 97
5 98
5 105
5 107
5 108
5 119
5 125
5 151
5 165
5 167
5 200
5 204
5 207
5 219
5 231
5 233
5 235
5 241
5 275
5 283
5 289
5 296
5 298
5 327
5 332
5 334
5 335
5 346
5 358
5 367
5 392
5 401
5 408
5 409
5 413
5 464
5 487
5 488
5 494
5 580
5 582
5 609
5 634
5 635
5 651
5 663
5 680
5 685
5 718
5 720
5 722
5 738
5 785
5 864
6 7
6 12
6 17
6 20
6 23
6 25
6 42
6 55
6 58
6 61
6 66
6 67
6 70
6 71
6 72
6 80
6 81
6 91
6 97
6 108
6 109
6 119
6 125
6 138
6 151
6 180
6 188
6 216
6 233
6 250
6 262
6 268
6 297
6 304
6 318
6 326
6 328
6 334
6 335
6 341
6 343
6 347
6 348
6 367
6 373
6 391
6 428
6 436
6 442
6 461
6 470
6 553
6 572
6 577
6 580
6 582
6 614
6 625
6 629
6 657
6 680
6 718
6 741
6 776
6 817
6 887
6 935
7 11
7 13
7 26
7 33
7 35
7 43
7 57
7 61
7 70
7 72
7 79
7 81
7 85
7 91
7 112
7 114
7 118
7 122
7 135
7 138
7 146
7 147
7 157
7 175
7 181
7 191
7 211
7 212
7 213
7 224
7 226
7 236
7 240
7 250
7 262
7 268
7 277
7 282
7 289
7 303
7 304
7 326
7 328
7 342
7 343
7 347
7 348
7 371
7 380
7 393
7 415
7 425
7 432
7 456
7 460
7 461
7 478
7 480
7 507
7 511
7 560
7 580
7 589
7 590
7 632
7 638
7 683
7 771
8 11
8 13
8 20
8 26
8 28
8 34
8 35
8 36
8 38
8 48
8 62
8 65
8 71
8 79
8 83
8 85
8 87
8 91
8 92
8 93
8 102
8 129
8 138
8 145
8 151
8 177
8 179
8 180
8 198
8 201
8 206
8 207
8 208
8 232
8 235
8 241
8 243
8 252
8 274
8 278
8 287
8 293
8 300
8 303
8 323
8 327
8 343
8 362
8 386
8 426
8 427
8 449
8 454
8 466
8 487
8 489
8 513
8 521
8 528
8 536
8 550
8 555
8 562
8 572
8 576
8 607
8 621
8 632
8 662
8 668
8 674
8 741
8 747
8 785
9 13
9 30
9 64
9 75
9 77
9 78
9 83
9 106
9 131
9 138
9 147
9 168
9 194
9 198
9 216
9 236
9 244
9 256
9 273
9 274
9 276
9 288
9 307
9 310
9 355
9 356
9 362
9 364
9 379
9 381
9 402
9 403
9 481
9 533
9 541
9 554
9 560
9 568
9 586
9 593
9 596
9 671
9 735
9 757
9 785
9 844
10 14
10 16
10 20
10 28
10 32
10 43
10 48
10 62
10 77
10 83
10 86
10 106
10 107
10 129
10 133
10 154
10 156
10 175
10 227
10 252
10 256
10 274
10 278
10 293
10 317
10 322
10 323
10 379
10 386
10 401
10 404
10 414
10 424
10 434
10 437
10 466
10 487
10 495
10 503
10 516
10 521
10 528
10 539
10 558
10 573
10 574
10 597
10 598
10 608
10 666
10 673
10 703
10 706
10 785
11 12
11 19
11 20
11 25
11 28
11 34
11 58
11 67
11 75
11 95
11 105
11 120
11 131
11 137
11 147
11 216
11 242
11 244
11 268
11 308
11 310
11 391
11 413
11 426
11 477
11 481
11 523
11 524
11 551
11 568
11 700
11 821
11 906
12 14
12 20
12 28
12 32
12 38
12 45
12 65
12 87
12 126
12 129
12 145
12 167
12 207
12 215
12 241
12 268
12 275
12 276
12 282
12 283
12 296
12 298
12 304
12 320
12 326
12 345
12 346
12 448
12 521
12 525
12 534
12 577
12 635
12 651
12 667
12 685
13 19
13 33
13 58
13 89
13 97
13 99
13 114
13 115
13 119
13 135
13 159
13 161
13 185
13 263
13 269
13 270
13 282
13 320
13 327
13 341
13 384
13 389
13 405
13 410
13 456
13 475
13 577
13 582
13 583
13 650
13 656
13 672
13 682
13 738
13 817
13 833
13 850
13 932
14 16
14 18
14 19
14 20
14 21
14 25
14 26
14 32
14 38
14 41
14 48
14 56
14 62
14 68
14 77
14 86
14 95
14 102
14 109
14 145
14 154
14 167
14 174
14 177
14 178
14 204
14 227
14 252
14 256
14 306
14 378
14 397
14 446
14 487
14 516
14 557
14 558
14 567
14 625
14 761
14 767
14 934
15 24
15 39
15 42
15 46
15 50
15 51
15 66
15 76
15 99
15 104
15 124
15 202
15 234
15 245
15 258
15 264
15 295
15 372
15 405
15 441
15 504
15 519
15 650
15 748
15 790
15 807
15 846
16 21
16 30
16 32
16 37
16 48
16 78
16 79
16 141
16 180
16 205
16 290
16 323
16 353
16 369
16 553
16 574
16 579
16 592
16 636
16 732
17 23
17 28
17 35
17 36
17 49
17 59
17 68
17 69
17 103
17 128
17 148
17 149
17 153
17 155
17 182
17 213
17 259
17 316
17 336
17 370
17 372
17 376
17 398
17 424
17 444
17 491
17 493
17 570
17 572
17 626
17 688
18 20
18 28
18 32
18 48
18 52
18 62
18 86
18 107
18 120
18 126
18 133
18 154
18 156
18 170
18 175
18 180
18 204
18 220
18 293
18 317
18 318
18 322
18 323
18 361
18 363
18 386
18 401
18 404
18 424
18 434
18 454
18 466
18 503
18 528
18 531
18 545
18 608
18 615
18 662
18 666
18 706
18 760
19 20
19 28
19 52
19 56
19 62
19 75
19 85
19 86
19 88
19 133
19 145
19 175
19 179
19 180
19 195
19 202
19 206
19 209
19 252
19 300
19 317
19 378
19 379
19 401
19 424
19 434
19 528
19 562
19 600
19 666
19 697
19 845
20 21
20 25
20 26
20 27
20 29
20 34
20 41
20 52
20 56
20 68
20 71
20 80
20 106
20 123
20 144
20 160
20 164
20 178
20 291
20 319
20 416
20 446
20 454
20 564
20 631
20 640
20 734
20 754
20 758
20 796
20 813
20 885
21 28
21 32
21 56
21 61
21 62
21 71
21 77
21 83
21 85
21 86
21 93
21 106
21 107
21 149
21 167
21 175
21 180
21 204
21 209
21 240
21 244
21 252
21 262
21 269
21 274
21 317
21 318
21 319
21 336
21 379
21 404
21 495
21 516
21 600
21 627
21 755
21 858
22 30
22 78
22 168
22 265
22 301
22 355
22 385
22 604
22 788
22 791
22 812
22 900
23 40
23 49
23 69
23 90
23 108
23 112
23 149
23 158
23 182
23 197
23 247
23 279
23 316
23 431
23 459
23 493
23 529
23 536
23 570
24 26
24 46
24 50
24 51
24 57
24 84
24 112
24 122
24 143
24 162
24 198
24 221
24 234
24 245
24 258
24 264
24 266
24 295
24 297
24 342
24 344
24 372
24 405
24 412
24 419
24 421
24 458
24 473
24 486
24 552
24 596
24 624
24 701
25 26
25 35
25 49
25 57
25 60
25 61
25 70
25 71
25 72
25 86
25 89
25 106
25 112
25 113
25 129
25 143
25 151
25 159
25 224
25 296
25 300
25 384
25 388
25 424
25 434
25 456
25 461
25 478
25 503
25 637
25 773
25 858
26 27
26 52
26 56
26 57
26 61
26 86
26 87
26 99
26 112
26 133
26 143
26 146
26 159
26 163
26 187
26 202
26 311
26 343
26 349
26 478
26 496
26 559
26 581
26 615
26 659
26 675
27 35
27 36
27 57
27 61
27 70
27 71
27 84
27 89
27 103
27 106
27 112
27 113
27 136
27 146
27 173
27 179
27 182
27 191
27 216
27 231
27 237
27 296
27 300
27 321
27 327
27 384
27 388
27 424
27 456
27 461
27 637
27 682
27 684
27 756
28 41
28 58
28 80
28 90
28 164
28 431
28 640
28 758
28 796
28 813
28 838
28 977
29 34
29 45
29 64
29 87
29 91
29 117
29 131
29 150
29 215
29 240
29 242
29 268
29 271
29 281
29 289
29 310
29 313
29 320
29 324
29 328
29 345
29 347
29 381
29 391
29 451
29 477
29 481
29 523
29 554
29 581
29 618
29 649
30 32
30 56
30 59
30 68
30 69
30 77
30 78
30 108
30 141
30 168
30 172
30 193
30 218
30 260
30 308
30 340
30 369
30 380
30 411
30 502
30 561
30 602
30 648
30 660
30 805
31 33
31 39
31 46
31 50
31 76
31 89
31 115
31 176
31 231
31 239
31 245
31 285
31 303
31 375
31 384
31 410
31 417
31 463
31 472
31 475
31 478
31 480
31 653
31 668
31 676
31 681
31 690
32 37
32 41
32 62
32 106
32 205
32 256
32 278
32 284
32 292
32 317
32 386
32 464
32 487
32 494
32 579
32 597
32 636
32 694
32 714
32 732
32 811
33 39
33 68
33 72
33 81
33 84
33 89
33 103
33 118
33 135
33 142
33 161
33 185
33 210
33 212
33 231
33 250
33 270
33 303
33 320
33 333
33 354
33 384
33 389
33 398
33 405
33 465
33 475
33 514
33 560
33 571
33 577
33 587
34 38
34 58
34 64
34 67
34 71
34 87
34 91
34 106
34 150
34 167
34 170
34 189
34 215
34 218
34 242
34 251
34 289
34 309
34 313
34 334
34 349
34 426
34 449
34 457
34 470
34 477
34 523
34 525
34 532
34 533
34 645
34 662
35 36
35 55
35 58
35 151
35 270
35 296
35 300
35 334
35 367
35 553
35 587
35 680
35 718
35 739
35 777
35 887
35 907
36 58
36 151
36 334
36 367
36 555
36 674
36 680
36 718
36 739
36 777
36 848
36 895
36 930
36 931
37 56
37 59
37 69
37 141
37 205
37 246
37 340
37 351
37 411
37 546
37 766
37 832
37 873
38 41
38 56
38 62
38 82
38 87
38 94
38 102
38 106
38 145
38 167
38 170
38 177
38 188
38 189
38 201
38 223
38 228
38 229
38 251
38 255
38 308
38 362
38 397
38 401
38 447
38 509
38 606
38 633
38 639
39 50
39 66
39 76
39 99
39 122
39 203
39 238
39 244
39 245
39 264
39 344
39 410
39 458
39 463
39 506
39 514
39 607
39 652
39 744
40 47
40 59
40 69
40 73
40 90
40 148
40 182
40 196
40 259
40 261
40 314
40 351
40 407
40 695
40 765
40 878
41 56
41 62
41 88
41 106
41 133
41 145
41 154
41 167
41 174
41 175
41 204
41 252
41 255
41 278
41 280
41 293
41 317
41 322
41 401
41 404
41 509
41 531
41 545
41 567
41 666
42 46
42 51
42 84
42 143
42 162
42 176
42 195
42 198
42 202
42 234
42 238
42 245
42 264
42 315
42 319
42 344
42 372
42 375
42 382
42 394
42 405
42 519
42 595
42 596
42 607
42 690
42 701
43 55
43 134
43 156
43 163
43 335
43 694
43 713
43 741
43 772
43 797
43 822
43 920
44 65
44 74
44 171
44 263
44 272
44 307
44 366
44 536
44 593
44 614
44 624
44 667
44 697
45 57
45 64
45 117
45 120
45 139
45 147
45 170
45 211
45 215
45 239
45 289
45 349
45 381
45 477
45 523
45 525
45 554
45 647
45 687
45 699
46 50
46 122
46 143
46 162
46 198
46 221
46 245
46 258
46 264
46 266
46 295
46 344
46 372
46 412
46 419
46 422
46 458
46 501
46 552
46 565
46 591
47 53
47 68
47 96
47 155
47 196
47 253
47 260
47 329
47 337
47 398
47 420
47 421
47 435
47 445
47 467
47 510
47 512
47 542
47 599
47 611
47 702
47 704
47 712
48 95
48 154
48 204
48 219
48 227
48 278
48 284
48 292
48 293
48 323
48 379
48 386
48 557
48 573
48 597
48 627
48 703
49 53
49 103
49 136
49 140
49 149
49 152
49 153
49 163
49 182
49 237
49 246
49 253
49 352
49 376
49 398
49 433
49 662
49 693
49 793
49 816
50 51
50 66
50 81
50 99
50 127
50 157
50 212
50 248
50 254
50 312
50 432
50 439
50 441
50 504
50 641
50 746
50 800
51 99
51 122
51 143
51 162
51 198
51 221
51 245
51 264
51 295
51 344
51 372
51 382
51 419
51 458
51 552
51 565
51 624
52 56
52 61
52 80
52 87
52 88
52 106
52 113
52 116
52 147
52 159
52 160
52 177
52 178
52 195
52 203
52 280
52 754
53 73
53 103
53 113
53 136
53 152
53 155
53 203
53 237
53 261
53 321
53 396
53 440
53 445
53 512
53 775
53 804
53 853
54 65
54 71
54 75
54 77
54 91
54 106
54 150
54 167
54 189
54 228
54 229
54 307
54 309
54 313
54 449
54 457
54 532
54 686
54 757
55 61
55 79
55 85
55 118
55 129
55 151
55 191
55 216
55 262
55 282
55 287
55 296
55 318
55 343
55 347
55 388
55 415
55 434
55 461
55 480
55 513
55 560
55 577
55 614
55 632
55 635
56 61
56 77
56 85
56 110
56 116
56 120
56 201
56 209
56 256
56 272
56 283
56 495
56 522
56 549
56 561
56 723
56 836
56 850
57 61
57 63
57 84
57 85
57 114
57 125
57 140
57 166
57 185
57 191
57 277
57 296
57 348
57 418
57 543
57 553
58 71
58 85
58 180
58 231
58 243
58 262
58 318
58 327
58 387
58 388
58 426
58 484
58 489
58 550
58 580
58 637
58 741
58 845
59 90
59 136
59 155
59 172
59 196
59 197
59 237
59 510
59 537
59 546
59 547
59 740
60 72
60 89
60 115
60 135
60 183
60 185
60 224
60 263
60 268
60 270
60 282
60 320
60 354
60 380
60 384
60 389
60 578
60 662
60 815
61 72
61 85
61 86
61 120
61 146
61 188
61 202
61 236
61 277
61 334
61 348
61 439
61 461
61 507
61 543
62 77
62 78
62 106
62 154
62 167
62 174
62 178
62 227
62 228
62 256
62 322
62 487
62 561
62 623
62 636
63 131
63 137
63 174
63 183
63 186
63 225
63 280
63 484
63 795
64 117
64 455
64 533
64 549
64 563
64 619
64 763
64 870
64 899
65 67
65 82
65 111
65 190
65 198
65 218
65 309
65 325
65 356
65 374
65 381
66 99
66 195
66 238
66 344
66 372
66 375
66 384
66 410
66 463
66 480
66 486
66 506
66 708
67 91
67 92
67 129
67 216
67 241
67 275
67 287
67 296
67 298
67 327
67 448
67 461
67 462
67 495
67 563
67 606
67 628
68 80
68 89
68 115
68 121
68 135
68 161
68 163
68 174
68 183
68 194
68 280
68 353
68 620
68 648
69 90
69 136
69 146
69 203
69 237
69 259
69 266
69 373
70 84
70 87
70 94
70 102
70 120
70 169
70 179
70 187
70 192
70 206
70 222
70 321
70 349
70 368
70 559
71 80
71 388
71 605
71 629
71 739
71 776
71 852
71 854
72 89
72 101
72 115
72 135
72 146
72 161
72 185
72 197
72 231
72 263
72 270
72 285
72 312
72 365
72 475
72 488
72 587
72 638
72 681
72 721
73 128
73 152
73 153
73 155
73 213
73 239
73 261
73 314
73 329
73 398
73 407
73 417
73 421
73 445
73 599
73 611
73 676
73 684
73 712
74 416
74 828
74 840
74 890
74 899
74 946
74 947
74 948
74 949
74 950
74 951
74 952
74 953
74 954
75 121
75 257
75 524
75 618
75 644
75 768
76 104
76 112
76 238
76 264
76 365
76 375
76 384
76 519
76 643
76 683
77 82
77 121
77 132
77 145
77 218
77 223
77 256
77 350
77 369
77 385
77 397
77 403
77 561
77 636
78 141
78 168
78 217
78 265
78 290
78 301
78 340
78 353
78 360
78 385
78 502
78 707
78 789
78 791
79 98
79 108
79 119
79 125
79 151
79 165
79 216
79 270
79 332
79 373
79 428
79 536
79 563
79 582
79 614
80 144
80 147
80 178
80 187
80 226
80 251
80 262
80 291
80 300
80 318
80 424
80 426
80 454
80 487
80 530
80 564
80 585
81 108
81 114
81 118
81 157
81 390
81 439
81 469
81 550
81 657
82 91
82 106
82 150
82 167
82 177
82 189
82 218
82 228
82 229
82 255
82 307
82 313
82 325
82 457
82 645
82 686
83 88
83 179
83 181
83 188
83 192
83 201
83 219
83 334
83 615
83 692
83 820
83 854
83 862
83 933
84 87
84 94
84 136
84 160
84 187
84 237
84 297
84 298
84 321
84 724
85 87
85 114
85 118
85 119
85 125
85 138
85 191
85 209
85 213
85 262
85 356
85 461
85 495
85 511
85 850
86 133
86 143
86 159
86 201
86 269
86 343
86 478
86 528
86 603
86 662
87 91
87 94
87 102
87 117
87 120
87 145
87 167
87 169
87 170
87 188
87 194
87 223
87 262
87 308
87 397
87 403
88 133
88 179
88 192
88 208
88 219
88 220
88 267
88 286
88 315
88 368
88 460
89 114
89 115
89 118
89 135
89 142
89 146
89 161
89 185
89 231
89 269
89 270
89 285
89 389
89 587
90 113
90 192
90 321
90 376
90 491
90 688
90 775
91 106
91 120
91 167
91 170
91 190
91 218
91 228
91 271
91 309
91 457
91 524
91 763
92 95
92 97
92 98
92 105
92 129
92 200
92 207
92 233
92 241
92 275
92 294
92 332
92 409
92 429
92 448
92 449
92 593
93 94
93 102
93 106
93 120
93 145
93 160
93 177
93 178
93 229
93 240
93 244
93 251
93 319
93 383
93 442
93 742
94 107
94 138
94 154
94 187
94 201
94 202
94 204
94 206
94 222
94 228
94 229
94 298
94 321
94 362
94 368
94 387
94 487
95 102
95 156
95 195
95 235
95 298
95 317
95 327
95 361
95 401
95 429
95 462
95 466
95 489
95 551
95 562
95 609
95 651
95 663
95 668
96 113
96 247
96 329
96 499
96 816
96 888
97 126
97 129
97 207
97 241
97 275
97 287
97 298
97 300
97 346
97 361
97 429
97 488
97 489
97 508
97 513
97 560
97 651
97 730
98 126
98 129
98 275
98 287
98 409
98 429
98 448
98 462
98 489
98 521
98 563
98 609
98 616
98 668
98 685
98 738
99 112
99 122
99 143
99 162
99 234
99 264
99 344
99 372
99 375
99 519
99 595
99 596
99 624
100 109
100 220
100 357
100 414
100 461
100 503
100 534
100 630
100 743
100 784
101 142
101 185
101 210
101 214
101 263
101 354
101 380
101 425
101 583
101 638
101 856
101 925
101 957
102 106
102 107
102 159
102 167
102 170
102 180
102 192
102 204
102 206
102 222
102 298
102 362
103 128
103 136
103 146
103 149
103 152
103 153
103 203
103 237
103 314
103 398
103 407
103 693
103 721
104 112
104 238
104 264
104 365
104 375
104 384
104 405
104 410
104 469
104 572
104 595
104 643
104 690
105 207
105 241
105 275
105 287
105 346
105 361
105 409
105 448
105 508
105 521
105 562
105 563
105 628
105 730
106 116
106 144
106 145
106 167
106 177
106 189
106 218
106 223
106 306
106 362
106 397
107 154
107 188
107 204
107 206
107 227
107 538
107 558
107 573
107 580
107 608
107 896
108 114
108 118
108 180
108 191
108 211
108 262
108 277
108 296
108 318
108 326
108 380
108 425
108 428
108 472
108 516
108 632
109 171
109 175
109 254
109 357
109 363
109 399
109 414
109 450
109 503
109 528
109 534
109 743
109 824
110 141
110 159
110 169
110 250
110 255
110 267
110 291
110 322
110 509
110 535
110 539
110 603
111 117
111 121
111 132
111 211
111 271
111 423
111 554
111 644
111 705
111 901
112 187
112 202
112 478
112 483
113 140
113 152
113 329
113 499
114 115
114 118
114 119
114 151
114 163
114 191
114 270
114 282
114 335
114 380
114 393
114 590
114 617
114 657
115 118
115 135
115 212
115 231
115 250
115 270
115 282
115 285
115 320
115 341
115 389
115 456
115 475
115 577
115 584
116 144
116 145
116 194
116 306
116 376
116 403
116 631
116 754
117 139
117 215
117 226
117 239
117 349
117 381
117 523
117 554
117 647
118 151
118 163
118 191
118 269
118 282
118 335
118 425
118 456
118 617
118 657
119 180
119 262
119 282
119 294
119 326
119 428
119 448
119 477
119 536
119 563
119 614
119 667
120 169
120 170
120 225
120 271
120 289
120 349
120 437
120 606
120 640
121 131
121 139
121 147
121 230
121 256
121 276
121 288
121 299
121 324
121 345
121 349
121 423
121 481
121 508
121 669
122 124
122 221
122 234
122 331
122 746
122 830
122 843
123 522
123 796
123 915
124 143
124 162
124 176
124 198
124 221
124 295
124 325
124 342
124 365
124 405
124 419
124 458
124 473
124 552
124 565
124 591
124 624
125 138
125 191
125 262
125 343
125 356
125 387
125 507
125 511
125 580
125 632
126 129
126 165
126 241
126 327
126 332
126 346
126 408
126 428
126 864
127 130
127 157
127 171
127 249
127 394
127 473
127 486
127 939
128 153
128 196
128 213
128 372
128 407
128 417
128 421
128 467
128 542
128 569
128 583
128 599
128 607
128 676
128 684
129 233
129 241
129 275
129 332
129 346
129 408
129 685
130 171
130 249
130 486
130 498
130 544
130 716
131 137
131 193
131 283
131 299
131 481
131 556
131 691
131 710
131 768
132 139
132 144
132 147
132 194
132 226
132 239
132 251
132 288
132 294
132 403
132 437
132 554
132 603
133 179
133 192
133 219
133 274
133 300
133 302
133 468
133 518
133 733
134 156
134 713
134 822
135 161
135 185
135 231
135 263
135 270
135 285
135 312
135 382
135 389
135 578
135 833
136 152
136 155
136 196
136 237
136 396
136 611
136 704
136 804
137 225
137 273
137 310
137 531
137 545
137 669
138 163
138 181
138 223
138 334
138 342
138 580
138 639
138 839
138 877
139 215
139 644
139 691
139 705
139 857
140 182
140 201
140 203
140 224
141 369
141 385
141 482
141 929
142 185
142 195
142 210
142 285
142 303
142 333
142 354
142 520
142 571
142 578
142 661
142 736
142 808
143 162
143 214
143 258
143 411
143 412
143 483
143 504
144 178
144 251
144 291
144 383
145 167
145 170
145 177
145 194
145 228
145 256
145 358
145 606
146 214
146 263
146 336
146 475
146 506
146 712
146 802
147 288
147 289
147 554
147 606
147 726
148 851
148 853
149 158
149 336
149 459
149 529
149 570
149 572
149 610
149 842
150 168
150 190
150 313
150 455
150 533
150 586
151 180
151 191
151 296
151 326
151 425
151 741
152 237
152 396
152 775
152 804
152 853
153 213
153 407
153 417
153 440
153 583
153 684
153 803
154 188
154 538
154 580
154 608
154 623
154 840
154 863
155 246
155 260
155 351
155 352
155 546
155 547
155 792
156 358
156 881
156 920
157 248
157 312
157 439
157 472
157 641
157 655
158 253
158 370
158 420
158 435
158 570
158 588
158 610
158 626
158 709
159 166
159 269
159 306
159 328
159 347
159 393
159 397
159 415
159 603
160 169
160 222
160 320
160 522
160 803
160 883
160 927
160 999
161 231
161 285
161 384
161 389
161 475
161 584
162 441
162 504
162 751
162 807
162 808
162 884
163 181
163 183
163 195
163 269
163 300
163 302
163 434
163 637
163 676
163 693
164 178
164 291
164 350
164 378
164 446
164 585
164 612
164 662
165 294
165 429
165 448
165 462
165 488
165 609
165 667
165 738
166 203
166 376
166 400
166 496
166 530
166 612
166 675
167 170
167 177
167 189
167 218
167 228
167 251
167 255
167 470
167 509
167 731
168 265
168 355
168 593
168 844
169 170
169 227
169 319
169 350
169 416
169 457
169 631
170 228
170 618
171 212
171 249
171 486
171 544
172 173
172 181
172 444
172 544
172 801
173 181
173 224
173 343
173 444
173 482
173 486
173 622
174 183
174 193
174 194
174 280
174 283
174 556
175 284
175 323
175 357
175 386
175 630
175 759
175 761
176 202
176 350
176 438
176 500
176 504
176 831
177 189
177 218
177 228
177 255
177 309
177 509
177 639
177 731
178 189
178 229
178 251
178 442
178 446
178 734
179 187
179 192
179 209
179 219
179 220
179 315
179 368
180 318
180 326
180 373
180 495
180 617
180 787
181 224
181 482
181 505
181 534
181 615
181 958
182 237
182 510
182 693
183 194
183 280
183 648
184 259
184 310
184 352
184 418
184 433
184 620
185 199
185 282
185 333
185 833
186 342
186 541
186 594
186 654
187 222
187 321
187 397
187 723
188 204
188 211
188 450
188 461
188 580
189 218
189 229
189 455
189 470
189 870
189 970
189 971
190 228
190 229
190 309
190 313
190 457
190 532
191 318
191 335
191 373
191 617
191 657
192 219
192 222
192 274
192 305
192 336
192 368
193 283
193 299
193 300
193 444
193 488
193 535
194 271
194 403
194 484
194 490
195 320
195 341
195 415
195 589
195 650
196 237
196 546
196 740
196 792
197 214
197 247
197 431
197 465
197 578
197 638
197 878
198 202
198 438
199 543
199 884
200 207
200 287
200 317
200 345
200 429
200 551
201 298
201 383
201 442
201 495
201 639
202 234
202 311
202 325
202 395
202 723
202 748
203 305
203 376
203 434
203 572
203 637
203 675
204 227
204 608
204 863
204 896
205 290
205 834
205 868
205 897
206 223
206 397
206 639
207 241
207 346
207 494
208 219
208 338
208 820
209 262
209 267
209 286
209 315
209 368
209 495
209 580
210 303
210 333
210 389
210 440
210 520
210 571
210 622
210 829
211 212
211 359
211 381
211 474
211 495
211 511
212 248
212 371
212 474
212 511
212 780
213 371
213 432
213 440
213 478
213 507
213 708
214 231
214 263
214 285
214 312
214 365
214 638
214 712
215 239
215 289
215 349
215 470
215 477
215 554
216 436
216 479
216 671
216 809
216 825
217 265
217 301
217 353
217 791
217 812
217 900
218 244
218 309
218 324
218 457
219 267
219 368
220 267
220 315
220 460
220 468
220 514
221 245
221 258
221 295
221 331
221 419
221 501
221 504
221 552
221 591
222 321
222 444
222 518
223 298
223 362
223 387
223 548
223 663
224 249
224 343
224 402
224 482
224 527
225 271
225 418
225 443
225 654
225 710
226 271
226 423
226 554
226 705
227 267
227 538
227 573
228 229
228 309
228 397
228 509
228 639
229 251
229 457
229 633
230 257
230 710
230 889
230 910
230 943
230 944
231 334
231 389
231 681
232 739
232 875
233 313
233 346
233 355
233 361
233 402
233 586
234 238
234 245
234 264
234 295
234 412
234 519
234 748
235 361
235 429
235 464
235 551
235 576
235 663
236 277
236 355
236 479
236 809
237 611
238 375
238 928
239 271
239 705
239 726
239 837
240 269
240 340
240 387
240 393
240 411
240 603
241 346
241 408
242 391
242 505
242 549
242 619
242 849
243 287
243 334
243 367
243 388
243 893
243 913
243 923
244 319
244 585
244 723
244 836
245 295
245 655
246 259
246 352
246 453
246 485
246 510
246 794
247 253
247 435
247 444
247 452
247 493
247 529
247 610
248 371
248 474
248 641
249 394
249 444
249 486
249 544
249 782
249 801
250 303
250 347
250 415
250 560
251 291
251 383
251 442
251 447
251 734
252 358
252 466
252 605
252 777
252 779
253 774
253 879
253 888
253 941
254 743
254 824
254 967
254 968
255 447
255 495
255 509
255 973
256 369
256 561
256 604
257 288
257 324
257 532
257 618
258 295
258 390
258 819
259 465
259 696
260 338
260 352
260 547
260 660
260 805
261 279
261 622
261 878
262 318
262 367
263 492
263 578
263 638
263 751
264 519
264 748
265 301
265 353
265 355
265 385
265 886
266 286
266 338
266 412
266 846
267 322
267 692
268 282
268 391
268 647
269 320
269 387
270 371
270 432
270 587
271 289
271 349
271 403
271 699
272 889
273 296
273 436
273 671
273 725
274 723
275 287
275 408
275 413
275 449
275 628
276 299
276 691
276 710
276 768
277 360
278 292
278 386
278 573
278 694
278 714
278 787
279 431
279 435
279 491
279 493
279 529
279 570
279 626
280 392
280 574
281 340
281 604
281 832
282 334
282 335
282 475
282 617
282 657
283 634
283 711
284 293
284 322
284 323
284 401
284 454
284 503
284 573
284 597
284 608
284 706
285 478
285 656
286 339
286 412
286 421
287 494
287 521
287 632
288 309
288 403
289 347
289 554
290 301
290 788
290 791
290 834
290 873
291 707
292 293
292 401
292 454
292 658
293 323
293 401
293 436
293 911
294 629
294 841
295 331
295 790
295 819
295 843
296 335
297 436
297 589
297 672
297 874
299 484
299 556
299 768
300 391
300 392
300 464
300 617
301 340
301 353
301 633
302 305
302 518
302 530
302 637
302 675
303 304
303 333
303 520
303 571
304 589
304 672
305 518
306 665
307 309
307 647
307 686
308 449
308 488
308 508
308 730
309 324
309 618
309 825
310 567
310 767
310 795
311 325
311 383
311 438
311 549
312 390
312 641
312 656
313 455
313 533
314 316
314 336
314 407
314 440
314 465
314 498
314 769
315 368
315 460
315 468
316 336
316 407
316 431
316 498
317 530
317 531
317 545
317 698
318 336
318 373
318 393
318 459
318 516
318 617
318 769
319 723
319 836
322 557
322 733
322 761
323 598
323 689
323 715
323 759
324 644
324 762
325 790
326 428
326 582
326 617
326 671
327 464
327 651
328 426
328 477
328 632
328 672
329 482
329 499
329 526
330 430
330 526
330 770
331 438
331 500
331 501
331 746
331 843
332 409
332 428
332 448
332 563
332 576
332 614
332 667
332 738
333 389
333 520
333 571
333 622
334 388
334 480
334 513
334 550
335 456
335 472
335 480
335 536
335 560
335 632
336 407
336 498
337 400
337 522
337 695
337 798
338 339
339 751
339 807
339 808
340 385
340 395
340 517
340 603
341 364
341 475
341 507
341 587
342 418
342 443
342 624
343 483
343 615
344 421
344 441
344 650
344 701
344 744
345 616
345 629
345 926
347 415
348 359
349 523
349 910
350 640
350 731
351 352
351 433
351 453
351 485
351 512
351 794
352 433
352 546
352 696
353 385
353 602
353 648
353 692
354 780
354 856
354 925
355 360
355 593
355 602
356 359
356 374
356 395
357 363
357 399
357 414
357 450
357 659
357 716
358 363
358 404
358 434
358 608
358 706
359 371
359 527
359 543
360 602
360 861
361 413
361 464
361 720
361 818
362 397
362 639
362 839
362 871
363 414
363 760
363 773
363 869
363 979
364 455
364 664
364 882
365 860
366 400
367 388
367 608
367 845
367 894
368 468
369 579
369 732
369 787
370 642
370 774
370 781
371 432
371 474
371 695
372 441
373 380
373 516
373 572
373 697
374 381
374 395
374 586
375 410
377 544
377 782
377 938
378 640
379 558
379 761
379 862
380 425
380 891
380 892
381 672
381 901
382 499
382 742
382 905
383 483
384 410
384 749
385 502
386 392
387 411
387 877
388 718
388 739
388 776
388 852
389 583
390 469
390 560
391 477
391 523
391 677
392 444
392 637
394 504
394 985
395 438
395 604
396 775
396 793
397 663
398 479
398 942
399 414
399 503
399 784
399 903
400 417
400 467
400 506
400 542
400 569
400 599
400 823
401 733
401 898
402 586
402 782
404 811
405 441
405 504
405 817
406 526
406 661
406 781
407 417
407 440
407 498
407 769
408 738
409 429
409 462
409 609
409 616
409 818
410 690
411 517
411 646
411 648
411 742
413 562
413 628
413 668
414 659
416 665
416 754
417 440
417 467
417 506
417 542
417 569
417 599
417 810
418 484
418 541
418 581
418 615
418 624
418 679
419 552
419 830
420 435
420 526
421 441
421 542
422 565
422 800
422 966
423 533
423 705
424 557
424 758
425 891
425 892
426 470
427 621
427 914
428 614
429 462
429 563
430 515
430 770
430 829
431 459
431 491
432 708
432 771
433 547
433 696
433 745
434 637
435 670
436 625
437 831
439 472
439 478
439 507
440 507
440 571
441 701
442 995
443 594
443 624
443 786
445 660
445 859
446 734
446 855
447 633
447 734
448 462
448 629
450 503
450 784
450 903
451 540
451 619
452 583
453 512
453 547
453 660
453 745
454 573
458 807
458 846
459 529
459 537
459 842
460 514
462 494
462 616
463 479
463 652
463 653
464 466
464 488
464 551
464 576
465 588
465 626
466 739
467 506
467 542
467 569
467 599
467 802
467 810
467 924
468 528
469 550
469 657
470 477
470 523
470 525
470 618
471 472
471 497
471 826
471 991
473 591
474 802
475 560
476 502
476 623
477 523
479 565
479 596
480 718
480 750
481 524
481 586
481 725
482 505
482 534
482 615
484 767
484 783
484 809
485 547
485 660
485 972
486 678
486 695
487 871
490 620
490 980
491 688
492 737
492 751
492 808
492 981
494 521
494 634
495 509
496 803
497 548
497 778
498 801
500 501
500 575
501 751
501 808
502 886
503 630
503 706
503 827
504 683
504 708
505 534
506 542
506 599
506 810
507 802
508 700
508 978
510 745
510 766
510 792
511 527
511 580
512 547
512 794
512 805
512 916
513 680
513 718
515 770
515 829
521 632
522 594
522 665
523 525
523 926
525 618
526 537
526 727
526 786
529 842
530 969
531 725
531 917
533 705
535 707
536 661
536 715
538 573
538 608
539 658
539 872
540 549
541 654
542 599
542 924
544 782
545 725
545 917
547 702
548 778
550 680
550 718
551 848
552 830
553 747
555 893
556 691
556 768
557 574
558 915
559 758
559 922
562 700
562 720
562 722
563 614
563 667
564 585
564 621
564 758
565 591
566 713
566 736
566 750
567 767
567 783
568 598
568 728
568 873
568 912
568 988
569 599
569 810
570 626
570 642
570 670
570 709
572 990
573 689
573 694
574 733
574 779
575 746
575 800
576 818
577 799
577 837
578 712
579 851
579 996
581 635
581 654
581 664
581 679
581 882
582 741
583 638
584 643
584 724
584 749
584 837
585 838
585 855
585 885
586 602
587 856
588 642
588 940
590 602
591 965
592 868
592 904
592 918
593 975
594 654
595 867
596 748
597 689
597 911
598 759
601 635
602 789
603 604
605 717
605 756
605 858
606 726
606 974
608 689
610 670
610 774
610 983
610 984
611 735
611 909
612 814
613 803
613 987
616 634
619 649
625 672
625 955
626 642
626 781
627 703
627 733
627 872
628 700
630 761
633 645
641 655
643 724
643 749
643 752
643 799
646 823
649 849
650 682
650 701
652 653
655 861
659 783
661 697
661 806
661 865
662 678
666 872
668 720
669 835
670 815
673 772
673 848
673 914
673 989
674 875
675 992
676 810
676 876
677 919
677 993
677 994
679 882
679 921
681 847
682 797
685 722
686 908
687 699
687 726
690 928
693 793
693 816
694 760
696 702
697 825
697 880
702 860
702 945
704 792
706 827
706 906
709 781
709 815
711 728
713 736
717 752
717 777
717 854
719 724
719 749
719 778
719 883
728 834
728 897
728 956
729 841
729 959
729 960
729 961
729 962
729 963
729 964
730 864
732 868
732 904
735 909
737 751
737 808
737 986
739 894
745 764
747 923
753 859
753 937
755 776
756 895
757 976
760 824
760 869
763 844
764 766
773 922
773 997
773 998
775 813
783 786
788 789
827 852
835 902
859 936
865 880
866 902
908 982
