0 118
0 134
0 137
0 147
0 152
0 184
0 199
0 208
0 247
0 249
0 293
0 350
0 402
0 415
0 418
0 468
0 470
0 485
0 500
0 504
0 506
0 518
0 567
0 572
0 614
0 618
0 650
0 651
0 688
0 698
0 720
0 726
0 730
0 740
0 751
0 758
0 765
0 792
0 793
0 803
0 834
0 846
0 868
0 874
0 912
0 950
1 29
1 80
1 81
1 84
1 114
1 116
1 117
1 132
1 324
1 326
1 332
1 478
1 503
1 513
1 579
1 646
1 715
1 727
1 749
1 822
1 839
1 936
2 3
2 39
2 63
2 139
2 222
2 242
2 250
2 281
2 286
2 325
2 481
2 527
2 543
2 652
2 671
2 672
2 732
2 915
2 920
2 956
2 968
3 8
3 113
3 124
3 164
3 239
3 273
3 321
3 338
3 342
3 365
3 396
3 397
3 460
3 516
3 677
3 686
3 872
3 937
3 996
4 74
4 90
4 190
4 253
4 283
4 291
4 343
4 465
4 495
4 550
4 605
4 705
4 718
4 719
4 748
4 775
4 817
4 836
4 939
5 19
5 27
5 52
5 67
5 71
5 75
5 77
5 169
5 182
5 191
5 197
5 230
5 275
5 444
5 533
5 638
5 673
5 742
5 944
6 79
6 99
6 135
6 170
6 202
6 574
6 588
6 590
6 647
6 654
6 687
6 703
6 746
6 800
6 886
6 946
6 953
7 40
7 107
7 168
7 244
7 287
7 319
7 354
7 369
7 510
7 592
7 612
7 754
7 760
7 833
7 858
7 889
7 993
8 160
9 92
9 212
9 268
9 333
9 400
9 408
9 433
9 446
9 456
9 511
9 581
9 665
9 679
9 722
9 779
10 30
10 45
10 96
10 142
10 159
10 277
10 394
10 544
10 566
10 589
10 766
10 788
10 799
10 927
10 933
11 56
11 171
11 236
11 272
11 274
11 649
11 921
12 28
12 35
12 46
12 47
12 66
12 101
12 108
12 153
12 259
12 271
12 298
12 310
12 458
12 712
13 69
13 189
13 203
13 339
13 505
13 519
13 563
13 648
13 669
13 699
13 709
13 831
13 960
14 97
14 122
14 188
14 323
14 347
14 353
14 530
14 548
14 578
14 721
14 745
14 823
14 852
15 39
15 206
15 305
15 309
15 390
15 434
15 546
15 562
15 591
15 881
15 882
15 932
15 989
16 122
16 127
16 284
16 318
16 497
16 539
16 598
16 724
16 761
16 808
16 867
16 935
16 990
17 54
17 62
17 349
17 357
17 576
17 594
17 625
17 629
17 737
17 782
17 940
17 958
17 998
18 56
18 106
18 185
18 257
18 316
18 346
18 361
18 608
18 678
18 773
18 925
18 975
19 35
19 83
19 395
19 410
19 425
19 496
19 531
19 556
19 704
19 735
20 41
20 149
20 176
20 352
20 431
20 439
20 524
20 571
20 597
20 644
20 861
21 56
21 202
21 494
22 62
22 263
22 358
22 509
22 521
22 593
22 602
22 862
22 866
22 934
22 969
23 341
23 378
23 560
23 642
23 697
23 702
23 835
23 892
23 938
23 948
23 970
24 201
24 216
24 375
24 384
24 437
24 454
24 632
24 676
24 706
24 774
24 983
25 78
25 296
26 66
26 155
26 157
26 174
26 615
26 695
26 776
26 896
26 906
26 916
27 131
27 179
27 278
27 312
27 406
27 449
27 747
27 809
27 893
28 60
28 133
28 577
28 657
28 812
28 821
28 900
28 959
28 963
29 148
29 311
29 489
29 816
29 871
29 966
30 75
30 178
30 182
30 791
30 815
30 877
30 884
30 918
30 973
31 38
31 70
31 93
31 255
31 432
31 557
31 633
31 674
31 928
32 71
32 144
32 153
32 163
32 262
32 636
32 656
32 778
32 943
33 74
33 89
33 276
33 381
33 499
33 520
33 549
33 670
33 955
34 42
34 223
34 269
34 294
34 409
34 639
34 804
34 930
34 962
35 91
35 126
35 204
35 238
35 275
35 660
36 68
36 261
36 386
36 467
36 711
36 750
36 757
36 897
37 87
37 146
37 231
37 306
37 473
37 515
37 535
37 910
38 216
38 360
38 580
38 584
38 759
38 860
38 926
39 59
39 127
39 211
39 233
39 284
39 829
40 345
40 587
40 744
40 789
40 819
40 848
40 961
41 373
41 401
41 422
41 484
41 653
41 869
41 964
42 114
42 475
42 585
42 643
42 689
42 827
42 967
43 53
43 221
43 246
43 265
43 596
43 853
43 854
44 315
44 595
44 762
44 814
45 125
45 603
45 668
45 692
45 755
45 909
46 123
46 136
46 507
46 640
46 641
46 655
47 440
47 627
47 753
47 783
47 957
48 154
48 421
48 498
48 558
48 681
48 952
48 987
49 70
49 362
49 469
49 479
49 508
49 924
49 988
50 74
50 482
50 502
50 743
50 931
50 977
50 992
51 85
51 385
51 399
51 405
51 532
51 604
52 389
52 667
52 716
52 756
52 767
53 483
53 490
53 564
53 738
53 790
54 372
54 448
54 599
54 619
54 813
55 147
55 303
55 451
55 476
55 529
55 795
56 568
56 856
57 76
57 86
57 204
57 300
57 708
57 859
58 66
58 232
58 234
58 288
58 666
58 701
59 64
59 254
59 364
59 391
59 903
60 348
61 144
61 220
61 254
61 426
61 887
61 913
62 73
62 74
62 359
62 947
63 435
63 474
63 725
63 806
63 949
64 713
64 818
64 885
64 890
64 978
65 68
65 382
65 388
65 445
65 879
65 985
66 176
66 193
66 322
67 356
67 417
67 423
67 659
67 997
68 140
68 156
68 537
69 534
69 675
69 728
69 770
70 387
70 683
70 786
71 209
71 700
71 796
72 322
72 512
72 610
72 797
72 820
73 263
73 492
73 611
73 739
74 111
75 189
75 842
75 863
76 98
76 412
76 438
76 876
77 336
77 380
77 403
77 472
78 271
78 443
78 801
79 95
79 194
79 424
80 214
80 471
82 85
82 105
82 112
82 129
82 980
83 138
83 200
83 600
83 981
85 196
85 398
86 351
86 586
86 601
87 393
87 525
87 616
88 231
88 262
88 404
88 645
89 121
89 447
89 450
90 419
90 573
90 723
91 143
91 367
91 663
92 109
92 522
92 736
93 252
93 630
93 717
94 177
94 285
94 366
94 769
95 416
96 442
96 545
96 772
97 575
97 694
97 771
98 810
99 551
99 707
99 710
100 145
100 151
100 175
101 270
101 279
101 292
102 183
102 258
102 374
102 838
103 238
103 528
103 768
103 840
104 111
104 114
104 177
104 340
105 235
105 248
105 282
106 213
106 215
106 857
107 215
107 370
107 864
108 187
108 289
108 811
109 407
109 464
109 898
110 245
110 256
110 875
110 902
111 832
111 914
112 280
112 304
112 429
113 124
113 164
113 273
114 459
115 192
115 337
115 371
115 488
117 144
117 317
117 466
118 455
118 942
118 965
119 181
119 320
119 971
120 309
120 327
120 607
120 911
121 125
121 542
121 994
122 690
122 999
123 186
123 392
124 239
125 154
126 151
126 570
127 217
128 173
128 565
128 658
129 241
129 583
130 188
130 493
130 684
131 536
131 696
133 226
134 457
134 691
135 178
135 729
136 314
137 514
137 613
138 582
138 733
139 181
139 784
140 763
140 785
141 224
141 486
141 802
142 377
142 805
143 214
143 807
145 794
146 501
146 741
147 480
149 526
149 624
150 162
150 172
150 376
151 335
152 685
152 888
153 297
154 891
155 463
155 850
156 731
156 899
157 540
157 905
158 242
158 752
158 908
159 251
159 919
160 240
160 922
161 302
161 312
161 631
162 228
162 313
163 164
163 383
165 569
165 851
165 929
166 310
166 941
166 945
167 210
167 298
167 951
168 217
168 954
169 523
169 826
170 315
170 637
172 462
172 974
173 764
173 982
174 330
174 414
175 355
175 991
176 824
179 323
180 243
180 427
183 184
185 453
186 187
190 477
191 428
192 328
193 541
195 320
195 552
196 553
197 368
198 228
198 491
199 559
200 561
201 436
203 236
205 206
205 420
207 251
207 461
208 413
209 617
210 334
211 622
212 626
213 628
218 219
218 229
219 244
220 555
221 224
222 623
223 441
225 247
225 295
226 227
229 269
230 693
232 411
233 554
234 237
235 714
237 734
241 299
243 260
245 297
246 264
248 664
249 780
250 781
252 787
253 609
255 379
256 680
257 329
258 825
259 260
261 828
264 265
266 267
266 661
267 430
268 830
270 662
272 837
276 331
277 841
278 843
279 844
280 845
281 847
282 849
283 855
285 865
286 870
287 547
288 308
289 290
290 798
291 878
292 880
293 883
294 295
296 363
299 901
300 904
301 302
301 777
303 907
304 306
305 917
307 308
311 344
313 517
314 923
316 452
317 538
318 682
319 873
321 972
324 976
325 979
327 606
328 984
329 986
330 487
331 995
620 621
634 635
894 895
