0 1
0 2
0 3
0 4
0 5
0 6
0 7
0 8
0 9
0 10
0 11
0 13
0 14
0 15
0 16
0 17
0 18
0 19
0 20
0 21
0 22
0 24
0 25
0 26
0 27
0 28
0 29
0 30
0 31
0 32
0 33
0 34
0 35
0 36
0 37
0 38
0 39
0 42
0 43
0 44
0 45
0 46
0 47
0 48
0 50
0 65
0 100
0 103
0 112
0 126
0 127
0 138
0 140
0 162
0 182
0 203
0 211
0 221
0 246
0 249
0 250
0 341
0 399
0 403
0 453
0 465
0 521
0 522
0 552
0 706
1 2
1 3
1 4
1 5
1 6
1 7
1 8
1 9
1 10
1 11
1 13
1 14
1 15
1 16
1 17
1 18
1 19
1 20
1 21
1 22
1 24
1 25
1 26
1 27
1 28
1 29
1 30
1 31
1 32
1 33
1 34
1 35
1 36
1 37
1 38
1 39
1 42
1 43
1 44
1 45
1 46
1 47
1 50
1 65
1 96
1 117
1 139
1 240
1 248
1 375
1 377
1 388
1 391
1 415
1 482
1 520
1 529
1 540
1 797
1 903
2 3
2 4
2 5
2 6
2 7
2 8
2 9
2 10
2 11
2 13
2 14
2 15
2 16
2 17
2 18
2 19
2 20
2 21
2 22
2 24
2 25
2 26
2 27
2 28
2 29
2 30
2 31
2 32
2 33
2 34
2 35
2 36
2 37
2 38
2 39
2 42
2 43
2 44
2 45
2 47
2 48
2 50
2 100
2 103
2 112
2 127
2 138
2 140
2 214
2 246
2 249
2 399
2 403
2 420
2 447
2 453
2 465
2 522
2 638
2 662
2 706
2 741
2 749
3 4
3 5
3 6
3 7
3 8
3 9
3 10
3 11
3 13
3 14
3 15
3 16
3 17
3 18
3 19
3 20
3 21
3 22
3 24
3 25
3 26
3 27
3 28
3 29
3 30
3 31
3 32
3 33
3 34
3 35
3 36
3 37
3 38
3 39
3 42
3 43
3 44
3 45
3 46
3 47
3 48
3 50
3 65
3 69
3 118
3 140
3 150
3 183
3 211
3 221
3 229
3 230
3 275
3 312
3 404
3 409
3 444
3 455
3 541
3 565
3 668
4 5
4 6
4 7
4 8
4 9
4 10
4 11
4 13
4 14
4 15
4 16
4 17
4 18
4 19
4 20
4 21
4 22
4 24
4 25
4 26
4 27
4 28
4 29
4 30
4 31
4 32
4 33
4 34
4 35
4 36
4 37
4 38
4 39
4 42
4 43
4 44
4 45
4 46
4 47
4 48
4 50
4 65
4 120
4 229
4 268
4 278
4 384
4 402
4 413
5 6
5 7
5 8
5 9
5 10
5 11
5 13
5 14
5 15
5 16
5 17
5 18
5 19
5 20
5 21
5 22
5 24
5 25
5 26
5 27
5 28
5 29
5 30
5 31
5 32
5 33
5 34
5 35
5 36
5 37
5 38
5 39
5 42
5 43
5 44
5 45
5 46
5 47
5 50
5 65
5 97
5 99
5 111
5 120
5 146
5 196
5 248
5 298
5 311
5 314
5 691
5 994
6 7
6 8
6 9
6 10
6 11
6 13
6 14
6 15
6 16
6 17
6 18
6 19
6 20
6 21
6 22
6 24
6 25
6 26
6 27
6 28
6 29
6 30
6 31
6 32
6 33
6 34
6 35
6 36
6 37
6 38
6 39
6 42
6 43
6 44
6 45
6 46
6 47
6 48
6 50
6 65
6 183
6 229
6 268
6 278
6 312
6 384
6 402
6 404
6 413
6 444
6 455
6 565
7 8
7 9
7 10
7 11
7 13
7 14
7 15
7 16
7 17
7 18
7 19
7 20
7 21
7 22
7 24
7 25
7 26
7 27
7 28
7 29
7 30
7 31
7 32
7 33
7 34
7 35
7 36
7 37
7 38
7 39
7 41
7 42
7 43
7 44
7 45
7 46
7 47
7 50
7 65
7 100
7 103
7 110
7 112
7 118
7 127
7 150
7 162
7 182
7 317
7 521
7 554
7 668
7 671
7 696
7 701
8 9
8 10
8 11
8 13
8 14
8 15
8 16
8 17
8 18
8 19
8 20
8 21
8 22
8 24
8 25
8 26
8 27
8 28
8 29
8 30
8 31
8 32
8 33
8 34
8 35
8 36
8 37
8 38
8 39
8 42
8 43
8 44
8 45
8 46
8 47
8 48
8 50
8 65
8 103
8 112
8 126
8 127
8 140
8 162
8 182
8 203
8 211
8 221
8 229
8 250
8 341
8 399
8 465
9 10
9 11
9 13
9 14
9 15
9 16
9 17
9 18
9 19
9 20
9 21
9 22
9 24
9 25
9 26
9 27
9 28
9 29
9 30
9 31
9 32
9 33
9 34
9 35
9 36
9 37
9 38
9 39
9 42
9 43
9 44
9 45
9 46
9 47
9 50
9 65
9 96
9 100
9 112
9 138
9 139
9 246
9 248
9 249
9 338
9 364
9 377
9 453
9 529
9 694
9 797
9 808
10 11
10 13
10 14
10 15
10 16
10 17
10 18
10 19
10 20
10 21
10 22
10 24
10 25
10 26
10 27
10 28
10 29
10 30
10 31
10 32
10 33
10 34
10 35
10 36
10 37
10 38
10 39
10 42
10 43
10 44
10 45
10 46
10 47
10 48
10 50
10 65
10 183
10 186
10 229
10 268
10 278
10 384
10 402
10 404
10 413
11 13
11 14
11 15
11 16
11 17
11 18
11 19
11 20
11 21
11 22
11 24
11 25
11 26
11 27
11 28
11 29
11 30
11 31
11 32
11 33
11 34
11 35
11 36
11 37
11 38
11 39
11 42
11 43
11 44
11 45
11 46
11 47
11 50
11 65
11 103
11 112
11 127
11 138
11 162
11 250
11 280
11 399
11 465
11 522
12 23
12 49
12 51
12 52
12 53
12 54
12 55
12 56
12 57
12 58
12 59
12 60
12 61
12 62
12 63
12 64
12 66
12 67
12 68
12 71
12 74
12 80
12 81
12 87
12 88
12 89
12 90
12 94
12 95
12 137
12 217
12 265
12 320
13 14
13 15
13 16
13 17
13 18
13 19
13 20
13 21
13 22
13 24
13 25
13 26
13 27
13 28
13 29
13 30
13 31
13 32
13 33
13 34
13 35
13 36
13 37
13 38
13 39
13 42
13 43
13 44
13 45
13 46
13 47
13 48
13 50
13 65
13 116
13 229
13 312
14 15
14 16
14 17
14 18
14 19
14 20
14 21
14 22
14 24
14 25
14 26
14 27
14 28
14 29
14 30
14 31
14 32
14 33
14 34
14 35
14 36
14 37
14 38
14 39
14 42
14 43
14 44
14 45
14 46
14 47
14 48
14 50
14 65
14 107
14 221
14 229
14 656
15 16
15 17
15 18
15 19
15 20
15 21
15 22
15 24
15 25
15 26
15 27
15 28
15 29
15 30
15 31
15 32
15 33
15 34
15 35
15 36
15 37
15 38
15 39
15 42
15 43
15 44
15 45
15 46
15 47
15 48
15 50
15 65
15 221
15 229
15 656
16 17
16 18
16 19
16 20
16 21
16 22
16 24
16 25
16 26
16 27
16 28
16 29
16 30
16 31
16 32
16 33
16 34
16 35
16 36
16 37
16 38
16 39
16 42
16 43
16 44
16 45
16 46
16 47
16 50
16 65
16 96
16 139
16 377
16 520
16 529
17 18
17 19
17 20
17 21
17 22
17 24
17 25
17 26
17 27
17 28
17 29
17 30
17 31
17 32
17 33
17 34
17 35
17 36
17 37
17 38
17 39
17 42
17 43
17 44
17 45
17 46
17 47
17 48
17 50
17 65
17 138
17 140
17 211
17 399
17 465
17 522
17 595
17 706
18 19
18 20
18 21
18 22
18 24
18 25
18 26
18 27
18 28
18 29
18 30
18 31
18 32
18 33
18 34
18 35
18 36
18 37
18 38
18 39
18 42
18 43
18 44
18 45
18 46
18 47
18 50
18 65
18 268
18 509
19 20
19 21
19 22
19 24
19 25
19 26
19 27
19 28
19 29
19 30
19 31
19 32
19 33
19 34
19 35
19 36
19 37
19 38
19 39
19 42
19 43
19 44
19 45
19 46
19 47
19 50
19 65
19 83
19 97
19 218
19 240
19 530
19 540
19 679
20 21
20 22
20 24
20 25
20 26
20 27
20 28
20 29
20 30
20 31
20 32
20 33
20 34
20 35
20 36
20 37
20 38
20 39
20 42
20 43
20 44
20 45
20 46
20 47
20 50
20 65
20 205
20 361
20 412
20 576
21 22
21 24
21 25
21 26
21 27
21 28
21 29
21 30
21 31
21 32
21 33
21 34
21 35
21 36
21 37
21 38
21 39
21 42
21 43
21 44
21 45
21 46
21 47
21 50
21 65
21 103
21 127
21 250
21 399
21 465
22 24
22 25
22 26
22 27
22 28
22 29
22 30
22 31
22 32
22 33
22 34
22 35
22 36
22 37
22 38
22 39
22 42
22 43
22 44
22 45
22 46
22 47
22 50
22 65
22 129
22 214
22 679
23 49
23 51
23 52
23 53
23 54
23 55
23 56
23 57
23 58
23 59
23 60
23 61
23 62
23 63
23 64
23 66
23 67
23 68
23 71
23 74
23 80
23 81
23 87
23 88
23 89
23 90
23 94
23 95
23 506
24 25
24 26
24 27
24 28
24 29
24 30
24 31
24 32
24 33
24 34
24 35
24 36
24 37
24 38
24 39
24 42
24 43
24 44
24 45
24 46
24 47
24 50
24 65
24 138
24 399
25 26
25 27
25 28
25 29
25 30
25 31
25 32
25 33
25 34
25 35
25 36
25 37
25 38
25 39
25 42
25 43
25 44
25 45
25 46
25 47
25 48
25 50
25 140
25 211
25 576
26 27
26 28
26 29
26 30
26 31
26 32
26 33
26 34
26 35
26 36
26 37
26 38
26 39
26 42
26 43
26 44
26 45
26 46
26 47
26 50
26 65
26 399
26 465
26 706
27 28
27 29
27 30
27 31
27 32
27 33
27 34
27 35
27 36
27 37
27 38
27 39
27 42
27 43
27 44
27 45
27 46
27 47
27 50
27 65
27 140
27 255
27 374
28 29
28 30
28 31
28 32
28 33
28 34
28 35
28 36
28 37
28 38
28 39
28 42
28 43
28 44
28 45
28 46
28 47
28 50
28 65
28 576
29 30
29 31
29 32
29 33
29 34
29 35
29 36
29 37
29 38
29 39
29 42
29 43
29 44
29 45
29 46
29 47
29 50
29 65
29 107
30 31
30 32
30 33
30 34
30 35
30 36
30 37
30 38
30 39
30 42
30 43
30 44
30 45
30 46
30 47
30 50
30 65
30 679
31 32
31 33
31 34
31 35
31 36
31 37
31 38
31 39
31 42
31 43
31 44
31 45
31 46
31 47
31 50
31 65
32 33
32 34
32 35
32 36
32 37
32 38
32 39
32 42
32 43
32 44
32 45
32 46
32 47
32 50
32 65
33 34
33 35
33 36
33 37
33 38
33 39
33 42
33 43
33 44
33 45
33 46
33 47
33 50
33 65
33 509
34 35
34 36
34 37
34 38
34 39
34 42
34 43
34 44
34 45
34 46
34 47
34 50
34 65
35 36
35 37
35 38
35 39
35 42
35 43
35 44
35 45
35 46
35 47
35 50
35 65
36 37
36 38
36 39
36 42
36 43
36 44
36 45
36 46
36 47
36 50
36 65
37 38
37 39
37 42
37 43
37 44
37 45
37 46
37 47
37 50
37 65
38 39
38 42
38 43
38 44
38 45
38 46
38 47
38 50
38 65
39 42
39 43
39 44
39 45
39 46
39 47
39 50
39 65
40 83
40 115
40 135
40 143
40 157
40 184
40 199
40 262
40 270
40 279
40 286
40 328
40 330
40 350
40 428
40 499
40 623
41 98
41 110
41 113
41 115
41 121
41 135
41 143
41 181
41 191
41 225
41 244
41 252
41 290
41 300
41 317
41 371
41 408
41 419
41 516
41 533
41 558
41 561
41 588
41 626
41 632
41 633
41 664
41 665
41 671
41 695
41 783
41 812
41 821
41 822
41 859
41 942
42 43
42 44
42 45
42 46
42 47
42 50
42 65
43 44
43 45
43 46
43 47
43 50
43 65
44 45
44 46
44 47
44 50
44 65
45 46
45 47
45 50
45 65
46 47
46 65
46 679
47 50
47 65
48 118
48 140
48 149
48 150
48 170
48 197
48 203
48 211
48 221
48 229
48 230
48 250
48 275
48 312
48 444
48 541
48 565
48 650
49 51
49 52
49 53
49 54
49 55
49 56
49 57
49 58
49 59
49 60
49 61
49 62
49 63
49 64
49 66
49 67
49 68
49 71
49 74
49 80
49 81
49 87
49 88
49 89
49 90
49 94
49 95
51 52
51 53
51 54
51 55
51 56
51 57
51 58
51 59
51 60
51 61
51 62
51 63
51 64
51 66
51 67
51 68
51 71
51 74
51 80
51 81
51 87
51 88
51 89
51 90
51 94
51 95
52 53
52 54
52 55
52 56
52 57
52 58
52 59
52 60
52 61
52 62
52 63
52 64
52 66
52 67
52 68
52 71
52 74
52 80
52 81
52 87
52 88
52 89
52 90
52 94
52 95
53 54
53 55
53 56
53 57
53 58
53 59
53 60
53 61
53 62
53 63
53 64
53 66
53 67
53 68
53 71
53 74
53 80
53 81
53 87
53 88
53 89
53 90
53 94
53 95
54 55
54 56
54 57
54 58
54 59
54 60
54 61
54 62
54 63
54 64
54 66
54 67
54 68
54 71
54 74
54 80
54 81
54 87
54 88
54 89
54 90
54 94
54 95
55 56
55 57
55 58
55 59
55 60
55 61
55 62
55 63
55 64
55 66
55 67
55 68
55 71
55 74
55 80
55 81
55 87
55 88
55 89
55 90
55 94
55 95
56 57
56 58
56 59
56 60
56 61
56 62
56 63
56 64
56 66
56 67
56 68
56 71
56 74
56 80
56 81
56 87
56 88
56 89
56 90
56 94
56 95
57 58
57 59
57 60
57 61
57 62
57 63
57 64
57 66
57 67
57 68
57 71
57 74
57 80
57 81
57 87
57 88
57 89
57 90
57 94
57 95
58 59
58 60
58 61
58 62
58 63
58 64
58 66
58 67
58 68
58 71
58 74
58 80
58 81
58 87
58 88
58 89
58 90
58 94
58 95
59 60
59 61
59 62
59 63
59 64
59 66
59 67
59 68
59 71
59 74
59 80
59 81
59 87
59 88
59 89
59 90
59 94
59 95
60 61
60 62
60 63
60 64
60 66
60 67
60 68
60 71
60 74
60 80
60 81
60 87
60 88
60 89
60 90
60 94
60 95
61 62
61 63
61 64
61 66
61 67
61 68
61 71
61 74
61 80
61 81
61 87
61 88
61 89
61 90
61 94
61 95
62 63
62 64
62 66
62 67
62 68
62 71
62 74
62 80
62 81
62 87
62 88
62 89
62 90
62 94
62 95
63 64
63 66
63 67
63 68
63 71
63 74
63 80
63 81
63 87
63 88
63 89
63 90
63 94
63 95
64 66
64 67
64 68
64 71
64 74
64 80
64 81
64 87
64 88
64 89
64 90
64 94
64 95
66 67
66 68
66 71
66 74
66 80
66 81
66 87
66 88
66 89
66 90
66 94
66 95
67 68
67 71
67 74
67 80
67 81
67 87
67 88
67 89
67 90
67 94
67 95
68 71
68 81
68 87
68 88
68 89
68 90
68 247
68 320
68 528
68 680
68 731
69 93
69 96
69 97
69 99
69 102
69 104
69 111
69 123
69 129
69 144
69 145
69 146
69 175
69 189
69 192
69 193
69 194
69 198
69 200
69 202
69 206
69 212
69 218
69 228
69 235
69 236
69 409
69 592
70 75
70 107
70 155
70 156
70 158
70 159
70 160
70 161
70 165
70 166
70 187
70 195
70 201
70 213
71 81
71 87
71 88
71 89
71 90
71 98
72 123
72 174
72 187
72 412
72 490
72 577
72 627
73 76
73 77
73 78
73 79
73 82
73 84
73 85
73 164
73 282
73 439
74 80
74 94
74 95
74 168
74 171
75 107
75 136
75 155
75 156
75 158
75 159
75 160
75 161
75 165
75 166
75 245
75 517
76 77
76 78
76 79
76 82
76 84
76 85
77 78
77 79
77 82
77 84
77 85
78 79
78 82
78 84
78 85
79 82
79 84
79 85
80 94
80 95
80 168
80 385
80 400
81 87
81 88
81 89
81 90
82 84
82 85
83 149
83 198
83 215
83 271
83 340
83 366
83 627
83 851
84 85
86 99
86 115
86 117
86 139
86 185
86 279
86 288
86 313
86 331
86 493
86 703
86 713
86 849
87 88
87 89
87 90
88 89
88 90
89 90
91 106
91 125
91 134
91 176
91 220
91 225
91 760
92 367
92 372
92 574
92 737
93 96
93 102
93 104
93 105
93 123
93 129
93 144
93 145
93 175
93 189
93 192
93 193
93 194
93 200
93 202
93 206
93 272
93 290
94 95
96 97
96 99
96 102
96 104
96 123
96 129
96 139
96 144
96 145
96 175
96 189
96 192
96 193
96 194
96 200
96 202
96 206
96 788
96 789
97 99
97 102
97 111
97 120
97 123
97 136
97 146
97 149
97 196
97 212
97 218
97 240
97 248
97 298
97 311
97 314
97 530
97 540
98 141
98 142
98 368
98 481
98 588
99 111
99 115
99 117
99 123
99 146
99 196
99 242
99 248
99 298
99 311
99 314
99 423
99 446
99 494
99 503
99 526
99 604
99 699
100 103
100 112
100 118
100 127
100 138
100 150
100 164
100 182
100 218
100 246
100 249
100 251
100 364
100 389
100 448
100 453
100 514
100 521
100 578
100 700
100 710
100 721
100 780
100 802
100 884
100 928
101 142
101 198
101 207
101 212
101 315
101 343
101 348
101 397
101 407
101 651
101 748
101 905
102 104
102 120
102 123
102 129
102 144
102 145
102 175
102 189
102 192
102 193
102 194
102 200
102 202
102 206
102 310
102 537
102 566
102 667
102 802
103 112
103 127
103 131
103 138
103 182
103 228
103 246
103 250
103 341
103 403
103 521
103 552
104 111
104 118
104 123
104 129
104 144
104 145
104 146
104 175
104 189
104 192
104 193
104 194
104 200
104 202
104 206
104 218
104 228
104 313
104 777
105 129
105 137
105 214
105 272
105 309
105 335
105 383
105 452
105 718
105 930
106 125
106 134
106 176
106 297
106 452
107 113
107 124
107 150
107 155
107 156
107 158
107 159
107 160
107 161
107 165
107 166
107 209
107 252
108 131
108 135
108 142
108 148
108 153
108 178
108 252
108 304
108 329
108 347
108 373
108 392
108 395
108 463
108 582
108 654
108 704
108 828
108 910
108 987
109 121
109 303
109 436
109 610
110 154
110 300
110 319
110 336
110 405
110 416
110 451
110 553
110 658
110 671
110 685
110 691
110 730
110 878
111 115
111 145
111 146
111 154
111 196
111 214
111 248
111 298
111 311
111 314
111 409
111 771
112 127
112 138
112 150
112 162
112 182
112 246
112 249
112 259
112 453
112 514
112 521
112 554
112 615
112 653
112 696
112 701
112 721
113 148
113 181
113 191
113 208
113 252
113 281
113 305
113 317
113 326
113 363
113 474
113 476
113 495
113 511
113 561
113 590
113 595
113 611
113 822
113 855
113 859
113 881
114 128
114 133
114 142
114 180
114 190
114 216
114 233
114 335
114 379
114 434
114 476
114 581
114 600
114 652
114 719
114 751
114 772
114 814
114 906
115 117
115 135
115 139
115 143
115 157
115 196
115 313
115 493
115 648
115 689
115 713
115 849
116 281
116 318
116 353
116 381
116 386
116 393
116 398
116 438
116 500
116 641
116 717
116 723
117 139
117 144
117 157
117 185
117 262
117 279
117 375
117 388
117 391
117 415
117 429
117 703
118 143
118 146
118 150
118 228
118 251
118 444
118 501
118 541
118 550
118 668
118 700
119 121
119 151
119 167
119 210
119 267
119 287
119 322
119 406
119 510
119 835
120 123
120 140
120 212
120 255
120 271
120 380
121 204
121 303
121 320
121 507
121 558
121 560
121 598
121 644
121 672
121 815
122 232
122 235
122 253
122 410
122 593
123 129
123 144
123 145
123 175
123 189
123 192
123 193
123 194
123 200
123 202
123 206
123 212
123 412
124 149
124 170
124 177
124 191
124 209
124 351
124 359
124 365
124 374
124 381
124 471
124 500
124 572
124 657
124 871
125 134
125 176
126 148
126 265
126 308
126 469
127 138
127 182
127 203
127 211
127 221
127 250
127 341
127 403
127 521
127 552
128 133
128 180
128 190
128 216
128 233
128 324
128 379
128 459
128 468
128 539
128 579
128 767
128 906
129 144
129 145
129 175
129 189
129 192
129 193
129 194
129 200
129 202
129 206
129 214
129 272
130 143
130 243
130 293
130 299
130 306
130 334
130 439
130 475
130 496
130 562
130 563
130 570
130 585
130 619
131 353
131 394
131 649
132 171
132 340
132 343
132 370
132 390
132 545
132 655
133 231
133 233
133 344
133 356
133 486
133 519
133 661
133 726
134 176
135 142
135 143
135 153
135 178
135 181
135 237
135 327
135 632
136 149
136 273
136 566
137 225
137 241
137 296
137 309
137 310
137 515
138 214
138 246
138 249
138 403
138 453
138 522
139 144
139 157
139 185
139 251
139 313
139 333
139 364
139 377
139 429
139 493
139 520
139 529
140 203
140 211
140 250
140 255
140 275
140 374
141 142
141 153
141 336
141 434
141 440
141 481
141 681
141 872
142 153
142 227
142 237
142 327
142 329
142 434
142 582
142 654
142 796
143 242
143 306
143 334
143 534
143 645
144 145
144 175
144 185
144 189
144 192
144 193
144 194
144 200
144 202
144 206
145 175
145 189
145 192
145 193
145 194
145 200
145 202
145 206
145 218
145 235
145 642
146 174
146 175
146 196
146 228
146 248
146 298
146 311
146 314
146 700
147 271
147 432
147 435
147 458
147 913
148 208
148 252
148 287
148 300
148 304
148 308
148 321
148 347
148 371
148 469
148 617
148 664
148 691
148 704
148 711
148 773
148 828
149 170
149 269
149 332
149 351
149 412
150 228
150 272
150 276
150 297
150 383
150 501
150 541
150 668
150 700
150 857
151 162
151 167
151 244
151 287
151 322
151 406
151 510
151 546
151 551
151 775
152 179
152 224
152 257
152 258
152 263
152 277
152 283
152 284
152 337
152 349
152 383
152 528
152 980
153 327
153 329
153 440
153 481
153 582
153 654
154 180
154 181
154 292
154 357
154 361
154 382
154 451
154 490
154 553
154 621
154 635
154 637
154 646
154 647
154 750
154 813
154 913
154 958
155 156
155 158
155 159
155 160
155 161
155 165
155 166
156 158
156 159
156 160
156 161
156 165
156 166
157 199
157 262
157 279
157 339
157 362
157 683
157 713
157 755
157 982
158 159
158 160
158 161
158 165
158 166
159 160
159 161
159 165
159 166
160 161
160 165
160 166
161 165
161 166
162 178
162 259
162 304
162 322
162 373
162 401
162 608
162 615
162 622
162 653
162 684
163 223
163 239
163 264
163 323
163 418
163 425
163 504
163 543
163 544
163 548
163 592
163 639
163 752
163 856
163 901
164 282
164 293
164 355
164 364
164 398
164 429
164 439
164 448
164 513
164 549
164 578
164 684
164 708
164 710
164 716
164 780
164 836
164 848
165 166
167 287
167 411
167 421
167 509
167 761
168 171
168 173
168 243
168 286
168 290
168 385
168 400
168 414
168 718
168 846
169 207
169 285
169 487
170 351
170 359
170 365
170 374
170 471
170 572
170 625
170 882
170 927
170 940
170 963
171 237
171 262
171 340
171 715
172 184
172 362
172 431
172 450
172 508
172 536
172 795
173 234
173 253
173 288
173 368
173 385
173 400
173 555
173 612
174 205
174 250
174 682
174 891
175 189
175 192
175 193
175 194
175 200
175 202
175 206
175 228
177 230
177 374
177 424
177 478
177 492
177 500
177 524
177 657
177 779
177 871
178 191
178 280
178 363
178 373
178 392
178 433
178 463
178 608
178 724
178 789
178 868
178 886
179 220
179 224
179 257
179 258
179 263
179 277
179 283
179 284
179 602
180 190
180 216
180 219
180 291
180 324
180 346
180 379
180 449
180 459
180 468
180 539
180 579
180 750
180 813
180 844
181 208
181 225
181 241
181 286
181 292
181 357
181 511
181 534
181 547
181 611
181 626
181 632
181 665
181 743
182 203
182 211
182 221
182 341
182 403
182 521
182 552
183 186
183 254
183 332
183 404
183 455
183 461
184 431
184 450
184 484
184 508
185 279
185 288
185 463
186 188
186 290
186 292
186 323
186 352
186 404
186 418
186 460
186 624
187 195
187 201
187 213
188 292
188 323
188 331
188 352
188 460
188 497
188 506
188 544
188 624
188 677
188 698
188 967
189 192
189 193
189 194
189 200
189 202
189 206
190 216
190 358
190 379
190 468
190 535
190 579
190 770
190 772
190 814
190 824
190 831
191 252
191 363
191 371
191 381
191 392
191 463
191 473
191 507
191 561
191 596
191 792
191 817
192 193
192 194
192 200
192 202
192 206
193 194
193 200
193 202
193 206
194 200
194 202
194 206
195 201
195 213
196 248
196 298
196 311
196 314
196 493
196 648
196 689
196 953
197 230
197 464
197 650
198 271
198 504
199 302
199 328
199 330
199 333
199 339
199 350
199 428
199 499
199 567
199 623
199 702
199 755
200 202
200 206
201 213
202 206
203 211
203 221
203 232
203 264
203 345
203 612
204 320
204 598
204 672
205 250
205 268
205 509
205 576
205 682
207 285
207 348
207 487
208 252
208 326
208 371
208 476
208 561
208 590
208 620
208 793
208 822
208 834
208 985
209 273
209 299
209 334
209 826
210 215
210 351
210 395
210 440
210 746
210 912
211 221
211 275
211 599
212 218
212 235
212 255
212 380
214 272
215 319
215 347
215 416
215 594
215 730
215 757
215 830
215 843
215 932
216 581
216 600
216 652
216 719
216 751
216 772
217 247
217 296
217 327
217 329
217 603
217 609
217 841
217 911
217 920
217 936
218 235
218 240
218 251
218 530
218 540
218 642
218 928
219 291
219 346
219 449
219 467
219 825
220 224
220 760
221 230
221 656
222 347
223 323
223 376
223 411
223 426
223 488
223 489
223 900
224 257
224 258
224 263
224 277
224 283
224 284
225 296
225 309
225 483
225 518
225 588
225 665
225 714
226 305
226 422
226 495
226 593
226 607
226 629
226 806
226 896
227 243
227 244
227 419
227 527
227 796
228 297
228 433
228 452
229 312
229 444
229 565
230 424
230 478
230 492
230 524
230 944
231 238
231 344
231 356
231 568
232 345
232 368
232 715
232 965
233 344
233 486
233 519
233 661
233 726
234 238
234 241
234 253
234 555
234 568
234 805
234 845
234 975
235 262
235 414
235 642
236 405
236 409
236 617
236 782
237 327
238 241
238 344
238 394
238 555
238 568
238 961
239 264
239 425
239 544
239 639
239 752
239 899
239 908
240 417
240 530
240 540
241 286
241 349
241 357
241 394
241 445
241 515
241 555
241 568
241 743
241 832
242 604
243 385
244 322
244 408
244 419
244 527
244 533
244 730
245 354
245 517
245 738
246 249
246 318
246 453
246 924
247 276
247 371
247 382
247 528
247 584
247 613
247 680
247 693
247 731
247 759
247 841
247 949
248 298
248 311
248 314
248 797
249 272
249 393
249 453
249 514
249 676
250 682
250 891
250 945
251 273
251 377
251 444
251 480
251 490
251 802
252 326
252 371
252 473
252 561
252 611
252 664
253 555
254 332
254 873
255 374
255 380
256 340
256 370
256 628
257 258
257 263
257 277
257 283
257 284
258 263
258 277
258 283
258 284
259 276
259 556
259 580
259 615
259 631
259 653
259 862
259 864
260 685
261 266
261 298
261 630
261 810
262 279
262 362
263 277
263 283
263 284
264 292
264 324
264 559
264 669
264 883
264 899
265 372
265 537
265 574
265 606
266 295
266 383
266 682
266 754
266 810
267 321
267 742
267 835
268 278
268 384
268 402
268 413
268 509
269 274
269 323
269 332
269 361
269 418
270 330
270 491
270 550
270 816
271 357
271 426
271 464
271 504
271 888
271 947
272 514
272 636
272 742
272 809
273 294
274 512
274 525
274 542
274 738
274 800
274 860
275 312
276 556
276 580
276 584
276 631
276 759
277 283
277 284
278 384
278 402
278 413
279 339
279 703
280 289
280 433
280 546
280 551
280 587
280 728
281 833
281 842
282 293
282 355
282 398
282 429
282 439
282 513
282 549
282 684
282 708
282 716
282 836
283 284
285 618
285 765
285 781
286 534
286 547
286 743
287 321
287 711
287 837
287 921
288 300
288 405
288 612
288 840
289 295
289 317
289 401
289 587
289 890
290 846
291 346
291 449
291 467
291 825
291 844
292 352
292 357
292 361
292 544
292 990
293 355
293 398
293 496
293 513
293 549
293 563
293 758
293 939
295 308
295 469
295 587
295 754
295 787
295 818
295 890
295 943
296 309
296 483
296 518
296 603
296 609
296 714
297 300
297 452
298 311
298 314
299 334
299 439
299 826
299 962
300 405
300 474
300 617
301 328
301 330
301 491
301 550
302 333
302 339
302 470
302 567
302 702
302 811
302 861
302 880
303 436
303 560
303 815
303 819
304 401
304 622
304 828
305 422
305 495
305 511
305 629
305 999
306 358
306 407
306 634
306 645
306 674
306 732
307 315
307 316
307 475
307 497
307 585
307 614
308 401
308 469
308 787
308 818
309 348
309 483
309 518
309 562
309 714
309 995
310 518
311 314
312 444
312 565
313 493
313 777
315 316
315 397
315 479
315 784
316 325
316 342
316 505
317 561
317 633
317 639
317 998
318 641
318 924
319 538
319 594
319 730
319 757
320 598
320 870
321 711
321 837
321 921
322 406
322 510
322 775
323 352
323 418
323 460
323 592
323 624
324 379
324 459
324 468
324 539
324 579
325 342
325 396
325 485
325 505
325 557
325 564
325 573
325 768
325 894
326 437
326 457
326 516
326 588
326 611
326 834
326 863
328 428
329 582
329 654
330 350
330 428
330 499
330 567
331 409
331 497
331 917
332 437
333 338
333 339
333 529
333 702
333 811
333 950
333 968
334 439
334 475
334 826
335 342
335 417
335 477
335 930
336 451
336 605
337 349
337 445
337 454
337 528
337 591
337 720
337 778
337 838
338 364
338 377
338 501
338 531
338 808
338 977
339 470
339 755
339 811
340 669
340 803
342 417
342 477
342 505
343 571
343 905
344 568
344 661
344 726
345 598
346 449
346 825
346 844
347 932
348 562
349 445
349 528
349 778
349 832
349 838
350 428
350 499
350 567
350 623
351 395
352 460
352 624
352 786
353 378
353 394
353 464
353 670
353 744
353 769
354 517
354 675
354 722
355 398
355 429
355 439
355 513
355 549
355 708
355 716
356 360
357 382
357 595
357 647
357 839
357 888
358 462
358 535
358 559
358 674
358 732
358 770
358 831
359 365
359 374
359 471
359 572
361 601
361 854
363 392
363 463
363 596
363 807
364 377
364 745
364 780
364 808
364 876
365 374
365 471
365 515
365 572
365 640
366 707
366 727
367 372
368 434
368 941
368 986
369 421
369 426
369 481
369 488
369 919
370 443
370 532
371 382
371 617
371 633
371 693
372 574
372 606
373 392
373 608
374 471
374 572
375 388
375 391
375 415
375 903
376 900
377 520
377 745
378 394
378 692
378 725
378 744
378 969
379 459
379 468
379 539
379 579
381 393
382 531
382 595
382 643
382 693
382 938
383 452
384 402
384 413
385 400
385 414
385 718
385 993
386 443
386 500
386 641
386 717
386 762
387 729
387 740
387 853
388 391
388 415
389 502
389 569
389 660
389 799
389 801
389 884
389 960
390 734
390 735
390 785
391 415
392 463
392 473
392 792
392 817
393 438
393 858
394 744
395 912
396 485
396 557
396 564
396 573
396 768
396 877
397 472
397 594
397 651
398 438
398 513
398 549
398 873
399 465
400 534
400 547
400 774
400 865
400 934
401 587
401 622
402 413
403 552
404 455
404 461
405 474
406 510
407 634
407 651
408 419
408 622
408 695
410 590
411 431
411 489
414 525
414 718
416 740
416 830
416 843
417 477
418 456
418 543
418 739
418 829
419 527
419 533
420 447
420 638
420 662
420 749
421 488
421 530
421 761
421 887
422 495
422 593
422 607
422 806
423 446
423 494
423 503
423 526
423 699
424 478
424 492
424 524
425 574
425 639
425 889
426 488
427 457
427 776
428 499
429 529
429 703
429 708
430 627
431 484
431 536
432 435
432 458
433 886
435 458
436 560
436 819
437 457
437 516
437 678
437 852
437 898
438 723
438 874
438 909
439 716
440 582
440 686
440 764
441 523
441 616
441 688
441 747
442 456
442 647
442 673
442 709
442 790
442 922
442 970
443 532
443 762
444 565
445 454
445 591
445 720
445 832
446 494
446 503
446 526
446 699
447 638
447 662
447 741
447 749
448 531
448 578
448 659
448 663
448 710
448 736
450 484
450 508
450 536
451 538
451 553
451 753
454 591
454 720
455 461
456 647
456 673
456 709
456 739
456 829
457 516
457 776
459 468
459 539
459 579
460 624
461 690
462 559
462 643
462 719
462 756
462 823
462 935
463 910
464 630
464 649
464 670
464 769
466 597
466 632
466 712
466 974
467 575
467 705
467 885
468 539
470 567
470 861
471 515
471 572
472 498
472 594
473 792
473 817
474 879
474 918
475 697
475 820
476 814
478 492
478 524
479 735
479 784
479 902
479 996
482 584
482 893
482 914
482 929
483 714
484 508
484 536
485 557
485 562
485 564
485 573
486 519
486 593
486 850
488 919
489 504
490 621
490 635
490 637
490 646
491 550
492 524
493 648
493 689
494 503
494 526
494 699
495 511
496 563
496 570
496 585
496 763
496 798
497 917
498 895
499 623
500 599
500 717
501 875
501 897
501 964
501 984
502 569
502 660
502 799
502 801
502 937
503 526
504 508
504 904
505 578
505 931
505 959
505 976
506 677
506 698
507 556
507 596
507 633
507 644
507 923
508 536
508 795
509 851
511 611
511 855
512 738
512 800
513 549
513 848
514 676
514 721
516 852
516 971
517 675
517 722
519 850
523 616
523 688
523 747
525 542
528 680
528 731
529 702
530 540
530 887
531 659
531 663
531 736
531 938
533 558
533 695
534 547
534 774
535 692
535 725
537 667
538 753
541 857
542 860
542 981
543 592
544 752
544 856
545 655
546 551
546 728
547 764
547 774
548 901
551 728
554 696
554 701
554 721
555 568
556 580
556 631
556 644
557 564
557 573
558 588
558 812
559 643
559 669
559 883
560 815
560 819
562 619
563 570
563 585
563 798
564 573
569 799
569 957
570 585
574 606
575 705
575 988
577 687
577 948
578 710
578 931
580 631
581 600
581 652
581 751
582 654
583 586
583 613
583 666
583 737
583 766
583 804
584 759
584 929
586 666
586 791
587 973
589 605
591 720
593 806
595 881
596 807
597 712
597 733
597 966
599 643
599 717
599 926
600 652
601 854
601 866
601 925
601 983
604 686
613 737
613 766
613 804
614 794
614 827
615 653
616 790
616 867
617 782
618 765
618 781
620 697
620 793
620 915
621 635
621 637
621 646
625 940
626 632
626 665
630 649
630 670
633 644
635 637
635 646
636 809
636 869
637 646
638 662
638 741
639 889
643 926
644 923
647 709
648 689
651 748
658 878
659 663
659 736
660 801
660 937
661 726
663 736
670 769
671 979
673 709
674 732
675 722
676 690
677 698
678 847
678 898
680 731
681 872
683 954
684 836
686 764
691 773
692 725
693 955
696 701
697 820
697 915
707 727
711 837
712 956
712 991
719 935
724 868
734 785
734 823
734 992
735 785
735 902
737 804
738 800
739 829
740 853
745 876
750 813
756 823
758 939
763 989
765 781
766 946
768 894
770 831
778 838
786 907
787 818
790 952
794 827
794 916
795 978
798 972
805 845
816 904
827 916
830 843
833 842
834 863
839 892
839 933
862 864
865 934
866 925
874 909
875 897
879 918
882 927
892 933
893 914
907 951
911 920
922 997
