0 35
0 185
0 246
0 537
0 686
0 714
0 1032
0 1303
0 1398
0 1459
1 164
1 288
1 331
1 1274
1 1372
1 1381
1 1426
1 1443
1 1898
2 265
2 364
2 629
2 670
2 863
2 1061
2 1119
2 1300
3 302
3 1022
3 1456
3 1463
4 952
4 1037
4 1209
5 150
5 204
5 365
5 498
5 751
5 929
5 1271
5 1381
5 1412
5 1533
6 69
6 82
6 171
6 183
6 201
6 273
6 327
6 339
6 355
6 388
6 402
6 483
6 486
6 492
6 537
6 627
6 792
6 793
6 951
6 1241
6 1276
6 1319
6 1330
6 1355
6 1360
6 1422
6 1425
6 1442
6 1508
6 1572
6 1595
6 1604
6 1664
6 1665
6 1666
6 1667
6 1670
6 1678
6 1709
6 1873
6 1874
6 1875
6 1876
6 1877
6 1878
6 1879
6 1880
6 1881
6 1882
7 262
7 273
7 1441
7 1547
8 26
8 44
8 55
8 288
8 505
8 559
8 1505
8 1556
8 1945
9 289
9 594
9 737
9 821
9 1059
9 1125
10 171
10 595
10 859
10 1185
10 1368
11 131
11 1080
11 1405
11 1614
11 1652
11 1654
11 1666
11 1847
11 1848
12 110
12 468
12 878
12 995
12 1336
13 120
13 293
13 498
13 543
13 862
13 948
13 1212
14 496
14 540
14 907
14 1086
15 85
15 319
15 444
15 445
15 599
16 59
16 497
16 645
16 701
16 826
16 1439
16 1532
17 65
17 328
17 413
17 445
17 599
17 664
18 188
18 1275
18 1514
19 100
19 139
19 599
19 735
19 791
20 119
20 665
20 894
20 1461
21 259
21 578
21 966
21 1597
21 1954
22 82
22 397
22 636
22 962
22 1991
23 44
23 195
24 238
24 540
24 1498
24 1560
24 1842
24 1843
25 642
25 656
25 803
26 226
26 288
26 381
26 501
26 1393
27 559
27 646
28 905
28 915
28 1307
29 115
29 330
29 399
29 638
29 794
30 82
30 187
30 792
30 1263
30 1529
31 53
31 68
31 611
31 731
31 967
31 1541
32 900
32 1360
33 1274
33 1739
34 99
34 116
34 800
34 1270
35 250
35 910
35 1092
36 113
36 1092
37 291
37 885
38 79
38 349
38 513
38 876
38 1399
38 1714
38 1950
39 459
39 505
39 515
40 1203
40 1518
41 183
41 191
41 274
41 922
41 923
41 1280
42 73
42 288
42 576
42 655
42 742
42 756
42 1019
42 1201
42 1297
42 1377
42 1378
42 1424
42 1561
42 1657
43 428
43 624
44 263
44 288
44 882
44 1372
44 1404
44 1606
45 133
45 432
45 594
45 737
45 821
45 924
45 1449
46 869
46 933
46 1761
47 251
47 1154
48 80
48 82
48 127
48 521
48 804
48 875
48 1134
49 247
49 316
49 528
49 576
50 880
50 957
51 83
51 216
51 872
52 87
52 216
52 312
52 1223
53 629
53 1610
54 198
54 382
54 870
55 288
55 769
55 1238
55 1558
56 342
56 1319
56 1930
57 187
57 337
57 679
57 957
57 1147
57 1175
58 355
58 1457
59 145
59 950
60 301
61 399
61 865
62 868
62 1200
63 70
63 217
63 460
63 838
63 951
63 1168
63 1198
63 1224
64 147
64 372
64 373
64 1170
65 137
65 151
65 258
65 656
65 664
66 67
66 255
66 356
66 700
67 312
67 456
68 324
68 338
68 456
68 693
68 1097
68 1291
68 1316
69 187
69 223
69 1105
69 1321
69 1396
69 1454
70 145
70 374
70 804
70 950
71 392
71 543
71 737
71 998
71 1002
71 1286
72 173
72 414
72 505
72 673
72 827
72 883
73 120
73 144
73 544
74 93
74 113
74 374
74 882
74 950
75 86
75 94
75 101
75 724
76 92
76 797
76 1211
77 1294
77 1673
78 864
78 1370
78 1514
79 250
79 490
79 573
79 645
79 669
79 807
79 838
79 918
79 1313
80 412
80 1447
80 1737
81 1223
82 88
82 94
82 100
82 106
82 186
82 303
82 691
82 1122
82 1205
83 130
83 135
83 434
83 594
83 713
84 187
84 198
84 382
85 222
85 563
85 691
85 1203
85 1205
86 301
86 334
86 629
86 1143
86 1204
86 1279
87 1264
88 114
88 260
88 296
88 750
89 823
89 861
89 1409
89 1460
90 110
90 149
90 430
90 459
90 1277
91 184
91 244
91 395
91 912
92 110
92 537
92 657
93 120
93 300
93 436
93 629
93 902
94 187
94 902
95 115
95 128
95 227
95 1282
96 737
96 821
96 924
96 1532
97 1304
97 1360
97 1480
98 132
98 793
98 1150
98 1209
99 1043
99 1154
99 1943
100 471
100 496
100 646
100 1406
101 251
101 547
101 669
101 902
101 1154
102 219
102 507
102 879
102 1758
103 904
103 951
103 1164
103 1973
104 299
104 319
104 1252
105 115
105 125
105 128
105 257
105 561
105 641
105 1282
106 187
106 307
106 356
106 370
107 335
107 457
107 489
107 508
107 734
107 1060
108 227
109 804
109 875
109 950
109 1029
109 1300
110 152
110 290
110 652
111 791
111 933
112 146
112 744
112 955
113 436
113 764
113 1052
114 668
114 724
115 173
115 733
115 886
116 358
116 1043
116 1154
116 1215
117 865
117 1063
117 1129
117 1213
118 124
118 125
118 194
118 258
118 308
118 668
119 248
119 335
119 762
120 547
120 652
120 801
120 1161
121 496
121 904
122 1311
122 1334
122 1462
122 1615
123 256
123 316
123 1134
123 1619
124 545
124 1200
125 220
125 306
125 1171
126 151
126 356
126 357
126 958
126 1407
127 128
127 334
127 412
127 1143
127 1181
128 260
128 697
128 1999
129 458
129 574
129 649
130 750
130 872
130 953
130 1061
131 516
131 1162
132 294
133 155
133 373
133 395
133 1168
134 689
135 368
135 1132
135 1174
135 1737
136 464
136 816
137 393
137 691
137 980
137 1128
138 479
138 906
138 955
139 596
139 699
140 230
140 298
140 315
140 540
140 1427
140 1828
140 1829
141 757
141 920
141 991
141 1069
141 1454
142 788
142 957
142 1144
142 1384
143 292
143 765
143 800
143 979
144 415
144 1147
144 1351
145 217
145 234
146 244
146 343
146 680
146 750
146 1733
147 148
147 368
147 680
147 887
147 892
147 1949
148 189
148 378
148 1102
148 1245
149 709
149 818
149 1216
149 1253
149 1989
150 200
150 501
150 813
151 178
151 208
151 316
151 408
151 846
151 916
151 931
151 980
151 996
151 1706
151 1707
152 1601
152 1724
153 319
153 554
153 568
153 573
153 934
153 1298
153 1374
153 1389
153 1466
153 1534
153 1559
153 1574
153 1586
153 1776
153 1777
154 318
154 843
154 1512
155 216
155 264
155 999
155 1052
155 1091
156 325
156 1149
156 1285
157 504
157 797
158 271
158 662
158 812
159 494
159 697
159 792
160 208
160 283
160 504
160 961
160 1159
160 1288
160 1385
160 1506
161 223
161 1110
162 508
162 734
162 908
163 183
163 748
163 1172
164 204
164 983
164 1121
164 1164
165 748
165 929
165 1276
166 381
166 1174
166 1248
167 192
167 264
168 173
168 193
168 1182
169 825
169 1601
170 198
170 382
170 870
170 1015
170 1982
171 221
171 293
171 653
171 868
171 903
171 1134
172 1208
172 1408
172 1764
173 435
173 638
173 822
174 194
174 295
175 529
175 588
175 954
175 963
176 709
176 970
176 977
177 341
177 473
177 617
177 1030
178 716
179 245
179 508
179 972
180 435
180 982
181 243
181 1495
181 1702
182 433
182 993
182 1194
182 1332
182 1453
182 1972
183 938
183 979
184 1126
185 1436
186 370
186 547
186 653
186 883
186 1043
186 1070
188 440
188 934
189 208
189 244
189 307
189 524
189 887
189 892
189 1176
189 1511
189 1512
189 1725
189 1726
189 1964
190 305
190 696
190 919
191 437
191 908
191 1530
192 1244
193 465
193 699
193 1237
193 1528
194 423
194 872
195 754
195 1345
195 1668
196 630
196 1305
197 798
197 900
197 919
198 1150
199 282
199 472
199 491
199 757
199 991
200 508
200 734
200 768
201 734
201 1277
201 1921
202 203
202 635
202 1723
202 1732
203 971
203 1092
203 1932
204 878
204 1500
205 346
205 890
206 679
206 1147
207 938
207 1171
208 209
208 253
208 379
208 423
208 521
208 635
208 682
208 1051
208 1269
208 1443
208 1507
208 1508
208 1748
208 1956
208 1957
208 1958
209 420
209 472
209 708
209 751
209 757
209 991
209 1268
210 545
210 1517
211 216
211 945
211 1025
211 1391
211 1392
212 874
212 1190
212 1278
212 1968
213 475
213 914
213 1603
214 874
214 1188
215 1129
216 331
216 1746
216 1984
217 657
217 1603
218 694
219 387
219 879
220 224
220 1124
221 289
221 1217
222 1400
222 1519
223 867
223 1503
224 233
225 472
225 574
225 757
225 991
226 489
226 1420
226 1581
227 249
227 1856
228 383
228 486
228 693
228 1028
228 1571
229 316
229 818
230 1421
231 764
232 265
232 493
232 1135
233 266
233 422
233 523
233 661
233 742
233 766
233 1097
233 1246
233 1290
233 1434
233 1592
233 1658
234 500
234 993
234 1923
235 931
235 1071
235 1081
236 1671
237 381
237 416
237 1126
238 386
238 789
238 1041
239 661
239 1369
240 410
240 479
240 1519
240 1966
241 537
241 1142
242 1136
242 1139
242 1276
243 722
243 1969
245 783
245 1705
246 798
246 891
247 1051
247 1065
247 1073
248 465
248 1336
248 1337
249 596
249 898
249 916
250 1712
251 1990
252 293
252 909
252 1746
253 295
253 322
253 877
253 1215
253 1367
253 1409
253 1526
253 1965
253 1974
253 1975
253 1976
254 973
254 1153
255 1753
257 698
257 1210
258 833
258 1278
258 1750
259 895
260 342
260 366
261 635
261 709
261 1742
262 1469
262 1646
263 964
263 1224
263 1851
264 769
264 1228
264 1861
264 1862
265 384
266 1361
267 570
267 1562
268 482
268 1103
269 486
270 1323
271 975
271 1084
272 793
272 824
272 1151
272 1883
273 433
273 482
273 1010
273 1021
273 1488
274 1131
274 1156
275 415
275 810
276 326
276 964
276 1907
277 758
277 858
277 1611
278 280
278 327
278 405
278 638
279 363
279 917
279 1089
280 751
280 817
281 1262
281 1305
281 1726
281 1937
282 715
283 654
283 783
283 1436
284 1085
285 1009
285 1074
286 1104
286 1463
286 1591
287 686
287 729
287 772
287 966
287 1071
287 1153
287 1184
288 1300
289 422
289 532
290 1277
291 580
291 615
291 969
292 946
293 687
293 1983
294 1095
294 1308
296 396
296 1607
297 534
297 1435
297 1722
297 1739
299 1091
300 1752
301 1728
302 1269
302 1401
302 1499
303 480
304 438
304 525
304 1165
304 1993
305 695
306 1174
306 1731
306 1967
307 1767
308 341
308 792
309 409
309 580
309 1449
310 520
310 521
310 1226
310 1416
311 1346
311 1501
312 711
313 540
313 1236
313 1844
314 1005
314 1025
314 1363
314 1458
315 329
317 726
317 1889
318 1070
318 1260
318 1477
318 1489
319 417
319 573
319 1003
319 1017
319 1324
319 1462
319 1490
319 1866
319 1867
320 340
320 825
320 1317
321 512
321 774
321 1057
322 516
322 1429
323 522
323 725
323 1051
323 1093
324 775
324 976
324 1345
324 1665
324 1859
325 1095
326 821
327 478
327 980
327 1254
327 1687
328 502
328 1348
329 633
329 764
330 854
330 910
331 440
331 1346
332 486
332 1322
333 834
333 1924
334 834
334 850
335 490
335 811
336 601
336 1079
336 1947
337 521
337 609
337 807
338 736
338 1292
338 1330
338 1333
338 1587
338 1699
339 505
339 690
339 1918
340 577
341 1367
341 1474
342 1461
343 401
343 660
343 890
344 423
344 836
345 660
345 843
345 1297
345 1360
345 1437
346 620
346 856
347 733
347 930
347 973
347 1288
348 1113
348 1149
350 373
350 395
350 426
350 1196
350 1402
350 1748
350 1985
350 1986
351 706
351 1106
351 1987
352 896
352 1410
353 497
353 893
353 1280
354 692
354 1364
355 616
355 1027
355 1309
356 362
357 922
358 1740
359 492
359 542
359 571
359 770
360 552
360 562
361 945
361 1337
361 1998
362 507
362 1763
363 1329
364 741
364 925
364 995
365 570
365 584
365 922
365 1034
366 900
367 1647
367 1698
369 609
369 926
369 1234
371 604
371 1083
371 1599
371 1858
372 1066
373 666
375 829
375 1087
376 444
377 826
377 1491
377 1660
377 1864
378 1425
379 748
379 1016
379 1222
379 1577
379 1904
380 386
380 494
380 773
381 618
382 488
383 857
383 1870
384 856
385 512
385 1690
386 1138
386 1163
387 801
388 808
388 1456
389 642
389 1380
390 450
390 1366
391 731
391 1318
391 1505
392 503
392 536
392 753
393 1113
394 1163
394 1704
395 666
396 1934
396 1935
397 611
397 733
398 850
398 1691
399 741
399 1008
400 504
400 1507
401 790
401 1710
402 1112
402 1326
403 811
403 1355
403 1381
403 1936
404 772
404 1521
405 721
405 1169
406 806
406 1251
407 760
407 833
407 1140
407 1145
408 1740
409 531
409 682
410 513
410 1730
411 495
411 1922
412 1055
413 438
413 1221
413 1970
414 1265
415 582
415 703
415 770
416 1119
417 1114
417 1944
418 419
419 1189
420 1513
421 681
421 743
422 510
423 745
423 1014
423 1193
423 1523
423 1731
424 820
424 1298
425 864
426 1021
426 1261
427 1083
427 1091
428 1335
429 1192
429 1520
429 1988
430 491
430 1757
431 1522
431 1754
431 1755
432 1756
433 839
434 1326
434 1452
435 905
436 439
437 623
437 777
437 1729
438 678
438 1971
439 1617
440 1437
441 1459
441 1751
442 911
443 506
444 879
444 1767
444 1996
446 865
446 1768
446 1769
446 1997
447 633
447 1572
447 1792
448 1479
448 1631
449 624
449 927
450 698
450 878
451 745
451 950
452 462
452 578
452 1541
452 1634
452 1800
453 564
453 714
454 569
454 573
454 963
454 1785
454 1786
455 624
455 789
455 917
455 1807
455 1808
456 1012
457 586
457 1287
457 1585
457 1816
459 985
459 1020
460 984
460 1085
460 1425
461 1448
461 1509
462 1366
463 1035
463 1485
463 1644
464 1151
465 1018
465 1023
466 540
466 620
467 586
467 913
467 1118
467 1430
467 1451
468 761
468 1650
469 1042
469 1238
470 874
471 1021
471 1328
472 1339
473 538
474 592
474 1562
475 1423
475 1426
476 485
476 1422
477 580
477 1009
477 1157
477 1850
478 771
479 974
479 1245
480 1132
481 501
481 744
481 1516
481 1563
482 1376
483 1149
483 1327
483 1351
483 1380
483 1885
484 507
484 714
484 1351
486 618
486 665
486 1123
486 1673
486 1674
487 1302
487 1343
487 1496
488 1015
488 1651
489 583
489 1367
489 1811
489 1812
490 910
490 1152
490 1429
490 1686
491 1005
492 548
492 644
493 1259
494 842
494 1255
495 679
495 1185
496 1853
496 1854
497 511
497 1765
497 1915
497 1916
498 730
498 1013
498 1813
499 600
499 1037
499 1664
499 1837
500 1435
501 1914
503 1692
504 1899
504 1900
505 844
506 1164
506 1928
509 830
509 1386
510 888
510 1130
511 1321
513 800
513 1120
514 934
514 1282
515 1506
516 880
517 884
517 1398
518 1102
518 1273
519 552
519 963
520 1441
521 550
521 1169
522 937
522 1074
523 665
523 1153
524 674
525 1017
525 1050
525 1051
526 862
526 891
526 1720
526 1721
526 1952
527 1306
528 1926
529 1513
530 682
530 1155
531 1448
532 1190
533 840
533 1146
534 1600
534 1677
534 1678
534 1901
535 869
535 1621
536 659
536 1613
536 1723
536 1960
538 954
538 1049
539 1411
540 573
540 1210
540 1245
541 1189
541 1605
542 1509
542 1715
543 1013
544 551
544 690
545 1977
546 1524
546 1763
547 1104
549 1762
550 703
550 944
551 1211
551 1766
552 963
552 1955
553 1217
553 1218
554 1478
554 1479
555 558
555 683
556 706
556 1534
557 707
557 943
557 997
557 1225
557 1226
557 1564
558 722
558 926
558 1627
560 570
560 963
561 973
561 1784
563 720
563 1554
564 925
564 1797
565 681
565 914
566 962
566 1376
567 572
567 1097
567 1694
567 1804
568 573
568 720
568 989
568 1312
568 1343
568 1421
568 1465
568 1590
569 1637
570 1801
571 953
571 961
571 1001
572 575
572 900
573 900
573 966
573 1389
573 1466
573 1508
573 1809
573 1810
574 1339
575 726
576 737
577 1680
578 1028
578 1830
579 1431
581 898
581 1019
581 1157
581 1259
581 1387
581 1642
582 1042
583 586
583 1594
584 1265
585 1298
585 1353
586 742
586 796
586 932
586 1296
586 1474
587 758
587 1378
588 1671
589 632
589 661
589 1428
589 1472
590 765
590 1257
591 1081
592 799
592 1473
593 600
593 1567
595 1653
595 1663
596 788
596 1246
597 1284
597 1348
597 1676
598 1229
598 1347
598 1565
598 1661
598 1668
599 792
599 1069
599 1849
601 1567
602 1319
602 1570
603 782
604 1502
604 1863
605 683
605 756
605 1075
605 1489
606 963
606 1191
606 1538
606 1790
606 1791
607 1057
607 1069
607 1438
608 897
608 1838
609 780
609 781
609 1234
609 1316
610 761
610 1377
611 1549
612 1160
612 1303
613 621
614 1320
615 766
615 1557
616 619
616 1336
616 1346
617 1598
619 814
619 1318
621 1131
622 784
622 823
622 1581
623 1401
624 947
625 839
625 1588
626 910
626 1910
627 826
627 1607
627 1753
627 1886
627 1887
627 1888
628 1198
628 1300
628 1917
629 772
630 914
631 789
631 1301
631 1498
632 1440
633 897
634 1342
635 1293
635 1684
635 1908
635 1909
636 841
637 738
637 1032
637 1086
637 1231
638 1911
639 968
639 1025
640 1584
640 1588
641 1202
642 679
642 835
642 1258
643 1051
643 1098
646 843
647 1302
647 1704
648 837
648 1494
648 1701
649 1297
649 1698
650 844
651 1317
651 1495
652 862
652 1277
653 1093
654 682
654 1197
654 1621
655 1386
656 1106
656 1892
657 1095
658 1334
659 852
659 866
662 791
663 895
663 1362
665 983
666 1223
667 683
667 1517
667 1523
667 1931
669 1187
670 825
671 763
671 1734
671 1752
672 868
672 1180
672 1337
673 1522
674 1173
674 1174
674 1182
674 1963
675 876
675 892
675 1760
676 872
676 876
677 1282
677 1308
677 1528
678 1735
681 984
681 1216
681 1417
682 1327
682 1446
682 1531
682 1942
684 966
684 1403
684 1741
685 761
685 1749
685 1766
687 1615
688 892
688 1962
689 1745
692 1206
693 1586
694 987
694 1017
695 1744
696 699
696 1518
699 1612
700 779
701 889
701 1195
701 1410
701 1747
702 1405
702 1774
703 947
703 963
703 1782
704 958
704 1179
705 1249
706 959
709 1293
710 1272
710 1540
710 1630
711 1468
712 1175
712 1628
713 964
716 1542
717 1293
717 1382
718 982
718 1391
718 1417
719 988
719 1798
720 1796
721 981
721 1683
722 1466
722 1716
723 744
723 830
723 1019
723 1065
723 1371
723 1633
724 927
725 954
725 1404
726 1232
726 1477
726 1634
727 897
727 1543
728 1178
728 1351
729 1431
730 855
730 1465
730 1806
732 951
732 1640
733 855
733 1207
733 1359
735 1004
735 1482
736 1124
736 1557
738 996
738 1545
739 1020
739 1768
740 1620
741 1011
742 1346
742 1477
742 1508
742 1641
742 1642
742 1645
742 1821
742 1822
742 1823
743 1284
743 1546
744 1294
746 900
746 1470
747 1036
747 1291
747 1424
749 1346
750 1046
751 762
751 1329
752 1319
752 1339
753 1040
753 1042
753 1650
754 1041
754 1455
755 909
755 1238
755 1655
756 1377
759 1058
759 1427
759 1648
760 1058
760 1341
761 1033
761 1647
762 1177
763 770
764 1231
764 1344
766 1240
767 1344
768 1563
769 1486
771 1569
771 1609
773 1239
774 907
775 1599
776 1248
777 797
777 1839
778 1328
778 1347
779 1734
780 931
780 1492
781 1187
781 1582
782 1436
784 913
784 1067
785 790
785 1420
786 795
786 1860
787 1093
787 1578
788 1246
788 1575
792 837
793 1063
793 1358
794 1348
794 1406
795 1304
795 1328
795 1434
795 1573
796 868
796 1564
798 1018
798 1207
798 1872
799 1419
799 1710
800 1341
801 1102
801 1346
801 1430
802 1612
803 1319
804 1258
805 1484
805 1717
806 1149
807 1493
808 1893
809 1384
810 1680
810 1902
811 1852
812 1578
813 814
813 1115
815 816
815 1016
815 1063
815 1107
815 1242
816 1685
817 824
818 1525
819 841
819 1442
819 1582
820 1884
827 1591
828 1276
828 1690
828 1695
829 1751
829 1890
831 1475
832 1132
832 1696
832 1718
834 838
835 1672
838 1521
839 1303
842 1283
844 1355
845 1669
847 1142
847 1208
847 1318
848 1161
848 1927
849 1393
849 1676
850 1450
851 1519
852 1703
853 1576
853 1903
854 1118
855 1640
856 1256
857 1289
858 1593
859 1387
860 1299
860 1583
861 1266
863 1358
863 1595
864 1328
864 1590
866 1442
867 1719
869 1933
870 1951
871 1179
871 1186
873 1187
873 1331
876 1736
880 896
880 1298
880 1701
881 896
881 1496
884 1148
885 1122
885 1905
886 1282
888 931
888 932
888 1219
890 1141
891 1749
892 1946
893 1085
894 1584
895 1712
898 1379
899 1214
899 1388
900 1117
900 1214
900 1547
901 959
903 1617
904 1311
905 1177
906 1742
906 1938
908 989
908 1799
911 1310
914 1618
915 928
915 1754
916 917
916 1482
917 931
917 1295
918 1032
918 1589
918 1770
920 1455
920 1771
921 1622
921 1628
921 1772
923 1357
927 1629
928 1555
928 1623
928 1624
929 1755
930 1467
932 1118
932 1222
932 1260
932 1451
934 1432
935 1485
935 1626
935 1778
936 997
936 1226
936 1473
939 1324
939 1625
939 1775
940 1179
940 1543
941 942
942 1271
942 1316
944 1535
945 1537
946 957
946 1414
946 1638
946 1681
947 963
947 1413
947 1781
948 1315
948 1345
948 1470
949 1550
951 992
951 1419
951 1779
951 1780
952 961
952 1363
953 1388
954 1783
955 971
956 1458
956 1559
957 1382
957 1536
957 1546
959 1399
959 1541
960 965
963 1349
964 1371
965 1493
965 1762
966 1314
966 1338
966 1392
966 1539
967 1444
968 1386
969 1551
970 1789
974 1340
975 1119
975 1788
976 1274
976 1620
976 1787
977 1629
978 1006
978 1476
981 1296
982 1312
983 1268
984 1553
985 1450
986 987
986 1347
987 1510
988 989
988 1374
988 1418
990 1359
990 1649
991 1339
992 1344
993 1563
994 1481
994 1544
995 1636
995 1692
996 1411
997 1301
998 1396
999 1312
999 1415
999 1477
1000 1249
1000 1441
1001 1552
1002 1013
1002 1394
1002 1814
1003 1484
1003 1815
1004 1146
1005 1243
1006 1550
1007 1286
1007 1346
1007 1413
1008 1278
1009 1286
1009 1727
1010 1639
1010 1735
1010 1818
1010 1819
1011 1283
1012 1197
1012 1301
1013 1373
1013 1817
1014 1204
1018 1312
1018 1389
1019 1157
1019 1379
1020 1507
1020 1826
1022 1558
1024 1299
1024 1745
1024 1827
1025 1175
1026 1046
1026 1824
1027 1036
1027 1646
1028 1400
1029 1476
1030 1050
1030 1467
1031 1423
1031 1433
1033 1180
1034 1353
1034 1618
1035 1350
1035 1472
1035 1645
1035 1679
1036 1551
1037 1487
1038 1039
1039 1236
1040 1342
1042 1374
1042 1475
1044 1313
1044 1555
1045 1047
1045 1653
1046 1527
1046 1649
1047 1743
1048 1321
1049 1544
1051 1593
1051 1833
1051 1834
1051 1835
1053 1055
1053 1415
1053 1468
1053 1552
1053 1832
1054 1241
1055 1352
1056 1331
1057 1265
1058 1341
1061 1062
1061 1741
1061 1836
1062 1425
1062 1576
1063 1242
1064 1542
1066 1318
1066 1520
1067 1432
1068 1756
1068 1845
1068 1846
1070 1728
1072 1315
1072 1471
1074 1357
1075 1502
1076 1245
1076 1486
1077 1335
1077 1469
1078 1332
1078 1840
1079 1802
1080 1579
1081 1656
1082 1408
1082 1483
1083 1651
1084 1602
1086 1855
1087 1312
1088 1317
1088 1674
1089 1868
1089 1869
1090 1135
1090 1240
1093 1662
1094 1654
1094 1669
1095 1504
1095 1566
1096 1314
1097 1460
1097 1473
1098 1207
1099 1310
1099 1579
1100 1490
1101 1511
1103 1548
1103 1825
1104 1125
1105 1525
1108 1663
1109 1425
1111 1127
1111 1368
1113 1693
1115 1440
1116 1148
1116 1456
1116 1619
1116 1672
1116 1682
1117 1580
1117 1587
1117 1689
1120 1157
1120 1372
1121 1362
1121 1714
1122 1619
1125 1670
1125 1891
1126 1667
1127 1352
1127 1393
1127 1897
1128 1259
1128 1333
1129 1529
1130 1403
1131 1278
1131 1530
1132 1215
1132 1497
1132 1659
1133 1138
1133 1518
1133 1912
1133 1913
1135 1227
1136 1491
1136 1492
1137 1269
1137 1285
1138 1369
1139 1841
1140 1355
1141 1273
1141 1920
1144 1207
1148 1686
1150 1688
1151 1269
1152 1276
1154 1176
1155 1602
1158 1322
1158 1323
1159 1568
1160 1170
1160 1459
1160 1595
1160 1896
1162 1375
1165 1445
1165 1953
1166 1328
1166 1764
1167 1299
1167 1461
1168 1443
1169 1598
1169 1959
1170 1194
1170 1717
1171 1961
1172 1719
1173 1940
1174 1941
1176 1708
1178 1635
1178 1643
1178 1803
1183 1276
1184 1306
1184 1703
1186 1397
1188 1445
1191 1524
1191 1532
1193 1280
1193 1397
1193 1978
1193 1979
1193 1980
1193 1981
1196 1616
1199 1447
1199 1643
1200 1608
1202 1358
1203 1204
1206 1759
1210 1743
1212 1371
1212 1994
1217 1995
1219 1622
1220 1221
1220 1361
1220 1773
1224 1626
1227 1325
1228 1631
1229 1761
1230 1271
1230 1295
1230 1464
1230 1466
1230 1793
1230 1794
1231 1341
1232 1635
1233 1535
1235 1339
1237 1247
1237 1254
1239 1471
1241 1351
1242 1422
1242 1857
1243 1554
1244 1342
1244 1348
1244 1655
1250 1574
1251 1396
1251 1871
1252 1700
1253 1575
1254 1256
1255 1438
1255 1443
1255 1675
1256 1906
1258 1443
1258 1894
1258 1895
1259 1356
1261 1368
1261 1370
1262 1320
1262 1515
1262 1929
1263 1527
1264 1711
1264 1939
1266 1718
1266 1738
1267 1506
1267 1713
1267 1948
1271 1464
1272 1275
1272 1452
1273 1925
1281 1307
1281 1992
1289 1428
1309 1760
1329 1831
1330 1919
1336 1452
1337 1402
1342 1560
1354 1395
1354 1459
1365 1375
1365 1383
1383 1437
1389 1408
1390 1504
1390 1711
1402 1759
1414 1416
1414 1638
1416 1449
1416 1641
1416 1820
1452 1605
1481 1865
1483 1516
1540 1632
1596 1716
1632 1795
1636 1805
1697 1705
