0 1
0 2
0 3
0 529
0 998
0 999
1 2
1 3
1 4
1 998
1 999
2 3
2 4
2 5
2 999
3 4
3 5
3 6
4 5
4 6
4 7
5 7
5 611
6 8
6 9
6 215
6 254
7 8
7 10
7 41
8 9
8 10
8 11
8 258
9 10
9 11
9 12
10 11
10 12
10 13
10 232
11 12
11 13
11 14
12 13
12 14
12 15
13 15
13 16
13 259
14 15
14 16
14 17
15 16
15 17
15 18
15 53
15 143
15 207
16 17
16 18
16 19
17 18
17 20
17 558
18 20
18 21
18 963
19 20
19 21
19 22
19 364
19 908
20 21
20 22
20 23
21 22
21 23
21 24
21 735
21 832
21 881
22 23
22 24
22 25
23 24
23 25
23 26
23 542
24 25
24 27
25 27
25 28
25 173
26 27
26 28
26 29
26 213
26 487
27 28
27 29
27 30
28 29
28 30
28 31
29 30
29 31
29 650
30 31
30 32
30 33
30 35
31 32
31 33
31 34
32 33
32 34
32 35
32 216
33 34
33 35
33 36
34 35
34 36
34 37
35 36
35 38
35 677
35 889
36 37
36 38
36 39
37 39
37 40
37 450
37 938
37 987
38 39
38 40
38 41
39 112
39 813
40 41
40 42
40 43
41 42
41 43
41 44
41 639
41 736
42 43
42 44
42 45
43 44
43 45
43 46
44 45
44 46
44 47
45 46
45 47
45 48
45 219
46 47
46 48
46 49
47 48
47 49
47 50
48 49
48 51
49 51
49 52
49 888
50 51
50 52
50 53
50 560
50 970
51 52
51 53
51 54
52 53
52 55
52 608
52 726
53 55
53 56
54 55
54 56
54 57
54 463
55 56
55 57
55 58
56 57
56 58
56 59
57 58
57 59
57 60
57 882
58 60
58 475
59 60
59 61
59 267
59 914
60 61
60 62
60 63
61 63
61 64
61 382
61 425
61 614
62 63
62 64
62 65
62 509
62 511
63 64
63 65
63 66
64 66
64 67
64 345
65 66
65 68
65 620
65 735
65 914
66 67
66 68
66 949
67 68
67 69
67 70
68 69
68 70
68 71
68 755
69 70
69 71
69 72
70 71
70 73
71 72
71 73
71 74
71 931
72 73
72 75
72 529
72 715
73 549
73 627
74 75
74 76
74 77
74 132
74 944
75 76
75 77
75 78
75 149
75 530
76 77
76 78
77 78
77 79
78 79
78 80
78 81
79 80
79 81
79 82
79 533
79 727
80 81
80 83
80 146
81 82
81 83
81 84
82 83
82 85
82 262
83 84
83 85
83 86
84 85
84 86
84 87
84 477
84 529
84 672
85 86
85 87
85 88
86 87
86 88
86 89
87 88
87 89
87 90
87 718
88 90
88 91
89 90
89 92
89 745
90 91
90 92
91 93
91 94
91 681
92 93
92 94
92 95
92 263
92 742
93 94
93 95
93 96
94 96
94 97
95 96
95 97
95 134
95 290
95 532
95 810
96 98
96 99
96 581
96 879
97 98
97 99
97 100
98 99
98 100
98 101
98 665
99 101
99 338
100 102
100 103
100 725
100 853
101 102
101 103
102 103
102 104
102 105
103 104
103 105
103 883
104 105
104 106
104 107
104 150
105 106
105 107
105 108
105 205
105 323
105 645
106 107
106 108
106 109
106 795
107 108
107 109
108 109
108 110
108 111
109 110
109 112
110 111
110 112
110 113
110 348
111 114
111 658
112 113
112 114
112 115
113 115
113 116
113 570
114 115
114 116
114 117
114 195
114 258
115 116
115 118
115 278
116 117
116 118
116 119
116 436
117 119
117 120
118 119
118 121
118 702
118 792
119 120
119 121
119 396
120 121
120 122
120 795
121 123
121 124
121 410
122 123
122 125
122 337
122 358
122 568
123 124
123 125
123 126
124 125
124 126
125 127
125 128
125 389
125 729
126 127
126 128
126 129
126 598
127 129
127 490
128 129
128 130
128 171
128 174
128 294
128 989
129 130
129 131
129 132
130 132
130 133
130 167
130 298
130 716
131 133
131 134
132 134
132 135
133 134
133 135
133 136
133 314
134 135
134 136
134 137
135 136
135 137
135 623
136 137
136 138
136 139
136 342
137 138
137 139
137 380
138 139
138 140
138 141
138 159
139 141
139 284
139 301
139 530
139 919
140 141
140 142
140 600
140 796
141 142
141 143
141 706
142 144
142 145
142 927
143 144
143 145
143 146
143 546
143 874
144 145
144 147
144 247
144 760
145 146
145 168
145 333
146 147
146 148
147 148
147 149
147 150
147 425
147 697
148 149
148 150
148 151
149 151
149 152
149 321
149 392
150 151
150 152
150 153
150 247
151 152
151 153
151 154
151 543
152 153
152 154
152 155
152 725
153 154
153 155
154 155
154 156
154 157
155 156
155 157
155 158
156 157
156 158
156 356
156 728
157 159
157 160
157 541
158 159
158 160
158 161
159 160
159 162
159 436
159 704
159 718
160 162
160 661
161 162
161 163
161 164
162 163
162 165
163 164
163 165
163 166
163 745
163 946
164 165
164 167
164 529
164 952
165 166
165 167
166 167
166 168
166 169
166 549
166 784
167 168
167 169
167 170
168 169
168 170
168 887
168 963
169 170
169 172
169 736
169 783
170 171
170 172
170 688
170 768
171 172
171 173
171 379
172 173
172 174
172 175
173 174
173 176
173 294
174 175
174 176
174 177
174 776
175 176
175 177
175 178
175 294
176 177
176 178
176 179
176 983
177 178
177 179
177 180
177 868
178 179
178 180
178 181
178 846
179 180
179 181
180 181
180 182
180 183
181 182
181 183
181 184
181 197
182 183
182 184
182 197
182 396
183 184
183 185
183 186
184 185
184 186
184 187
185 186
185 187
185 188
185 616
186 188
186 189
186 571
187 189
187 190
187 564
188 189
188 190
188 191
189 190
189 191
189 192
189 686
189 973
190 191
190 192
190 193
191 192
191 316
191 472
191 802
192 193
192 194
192 195
192 476
193 194
193 195
193 196
194 195
194 196
194 683
195 196
195 197
195 622
196 197
196 198
196 199
197 199
197 200
198 199
198 200
198 201
198 631
198 724
199 200
199 201
199 668
200 201
200 202
200 203
201 202
201 203
201 204
202 203
202 204
202 248
203 204
203 205
203 206
203 726
204 205
204 206
205 206
205 207
206 207
206 208
206 209
206 928
207 208
207 209
207 210
207 270
207 909
208 209
208 210
208 286
209 210
209 211
209 418
209 720
210 211
210 212
210 213
210 314
211 212
211 213
211 214
212 213
212 214
212 215
213 214
213 215
213 216
213 766
214 215
214 216
214 217
214 281
215 216
215 217
215 218
216 218
216 219
216 350
216 745
217 218
217 219
217 674
218 219
218 220
218 221
218 260
218 364
219 220
219 221
220 221
220 222
220 223
220 458
221 222
221 223
221 224
222 223
222 224
222 225
223 224
223 225
223 751
224 225
224 226
224 227
224 645
225 226
225 227
225 228
226 227
226 228
226 229
227 228
227 229
227 230
227 951
228 229
228 230
228 231
229 232
229 451
230 232
230 233
230 907
231 232
231 234
231 286
231 310
231 518
232 233
232 234
232 235
232 559
233 234
233 235
233 236
233 705
234 235
234 236
234 237
235 236
235 237
235 238
235 822
236 237
236 238
236 239
237 238
237 239
237 240
237 656
238 239
238 240
239 240
239 241
239 242
240 241
240 242
240 243
240 525
241 243
242 243
242 244
242 245
242 312
242 909
243 244
243 245
243 246
244 246
244 247
244 654
244 675
244 865
245 246
245 247
245 248
245 494
245 870
246 247
246 249
247 248
247 250
247 589
248 249
248 250
248 251
248 386
248 507
249 250
249 251
249 252
249 443
250 251
250 252
250 253
250 901
251 252
251 253
251 254
252 253
252 254
252 255
253 254
253 255
253 256
254 255
254 302
254 739
255 256
255 257
256 257
256 258
257 258
257 259
257 260
257 449
258 261
258 509
259 260
259 262
259 277
259 785
259 845
260 261
260 262
261 262
261 263
261 264
262 263
262 264
262 265
263 264
263 266
263 276
263 426
264 265
264 266
264 267
265 266
265 267
265 268
266 267
266 268
266 269
267 268
267 269
267 270
268 269
268 700
269 270
269 271
269 359
270 271
270 272
270 467
271 273
271 274
271 317
272 273
272 274
272 275
272 634
272 702
273 274
273 275
273 276
273 446
274 276
274 277
274 316
274 346
274 953
275 276
275 277
275 278
276 277
276 278
276 279
277 278
277 279
277 710
278 279
278 280
278 281
278 797
279 280
279 281
279 481
280 283
280 358
281 282
281 283
281 527
282 283
282 284
282 285
283 285
283 286
283 489
283 963
284 285
284 287
284 798
285 372
285 888
286 288
286 289
286 678
287 288
287 289
287 290
288 289
288 291
288 810
289 290
289 291
289 292
289 765
290 291
290 292
291 292
291 293
291 294
292 293
292 294
293 295
293 296
294 295
294 296
294 297
294 651
295 296
295 297
295 298
295 684
296 297
296 298
296 299
297 298
297 300
297 658
297 761
297 773
298 299
298 300
298 301
299 300
299 301
299 302
299 372
299 806
300 302
300 303
300 309
300 711
301 303
301 304
302 303
302 304
302 305
303 304
303 305
303 306
304 305
304 306
305 306
305 307
305 701
306 307
306 308
306 309
306 712
307 308
307 309
307 310
307 447
308 309
308 615
309 310
309 311
309 416
310 312
310 313
310 655
310 852
311 312
311 314
311 606
312 313
312 314
312 315
313 314
313 315
313 316
313 625
314 317
314 405
314 465
314 576
314 766
315 316
315 317
315 318
315 743
316 318
316 319
317 319
317 320
318 319
318 320
318 321
319 320
319 322
319 873
320 321
320 322
320 323
320 909
320 912
321 322
321 324
321 411
321 726
322 323
322 324
322 325
322 771
322 940
323 324
323 325
323 326
323 629
324 325
324 326
324 556
325 326
325 327
325 328
326 327
326 328
326 329
326 573
326 863
327 328
327 329
327 330
327 471
327 664
328 329
328 331
329 330
329 331
329 332
330 331
330 332
330 333
330 878
331 332
331 334
332 333
332 334
332 335
332 660
333 334
333 335
334 335
334 336
334 337
335 336
335 337
335 338
335 692
335 792
336 337
336 338
336 339
336 452
337 338
337 339
337 340
338 339
338 340
338 341
338 942
339 340
339 341
339 342
339 733
340 341
340 342
340 343
341 343
341 344
341 412
341 628
342 344
343 345
343 346
343 698
344 345
344 346
344 347
344 709
345 346
345 347
345 348
346 348
346 349
347 348
347 349
347 350
348 349
348 887
349 350
349 351
349 352
349 512
350 352
350 353
350 439
351 352
351 353
351 790
351 913
352 353
352 354
352 355
352 546
353 354
353 355
353 356
353 424
353 447
354 355
354 356
354 357
354 580
355 357
355 358
356 357
356 358
356 359
357 358
357 359
357 360
358 359
358 360
358 361
359 360
359 361
359 362
360 361
360 362
360 363
361 362
361 363
361 364
362 363
362 365
363 366
364 365
364 366
364 599
364 911
365 366
365 367
365 368
365 774
366 367
366 368
366 369
367 368
367 370
368 369
368 370
368 371
368 671
369 370
369 371
369 372
370 371
370 372
370 373
371 372
371 373
371 374
372 373
372 374
372 375
373 374
373 375
373 376
374 375
374 376
374 377
374 398
375 376
375 378
376 377
376 378
376 379
377 379
377 380
377 676
377 877
378 379
378 380
378 381
379 381
379 382
380 381
380 382
380 383
380 595
381 382
381 383
381 384
381 763
382 383
382 385
383 384
383 385
383 582
384 385
384 386
384 833
385 386
385 387
386 387
386 388
386 389
387 388
387 616
387 625
387 990
388 389
388 390
388 391
388 503
389 390
389 391
389 392
389 450
390 391
390 392
390 393
390 995
391 392
391 393
391 394
392 394
392 395
393 394
393 395
393 396
393 805
394 395
394 396
394 515
395 396
395 397
395 398
396 398
396 437
396 705
396 999
397 399
397 400
398 400
398 401
398 745
399 400
399 401
399 402
399 741
400 401
400 402
400 403
401 402
401 403
401 404
401 895
402 403
402 404
402 405
403 405
403 406
403 414
403 627
404 407
404 718
405 406
405 407
405 408
406 407
406 408
406 409
407 408
407 409
407 410
408 409
408 411
408 838
408 890
409 410
409 411
409 412
410 411
410 413
410 946
411 413
411 414
412 414
412 415
413 414
413 415
414 415
414 416
414 417
414 638
414 812
415 416
415 417
415 418
415 489
416 417
416 418
416 419
417 418
417 419
417 420
418 420
418 421
419 420
419 422
420 421
420 422
420 641
421 422
421 423
421 424
421 916
422 425
423 424
423 425
423 727
424 426
424 427
425 427
425 428
425 981
426 427
426 428
426 429
426 846
427 429
427 936
428 429
428 430
428 431
428 718
429 430
429 431
429 432
430 431
430 432
430 433
431 432
431 433
431 434
431 652
432 433
432 434
432 828
433 434
433 435
433 436
433 854
434 796
435 437
435 438
435 667
436 438
436 439
436 742
437 438
437 440
438 441
438 761
438 762
438 943
439 440
439 442
439 544
439 653
439 897
440 441
440 442
440 443
440 492
441 442
441 443
441 444
442 444
442 445
443 445
443 446
443 938
444 445
444 446
444 447
444 528
444 618
444 906
445 447
445 448
445 882
446 448
446 449
447 448
447 449
447 450
448 449
448 450
448 451
448 805
449 450
449 451
449 452
450 453
450 983
451 453
451 454
452 453
452 454
452 455
452 835
453 454
453 455
453 456
454 455
454 456
454 457
455 456
455 457
455 458
455 735
455 756
456 457
456 459
457 458
457 459
457 460
457 720
458 460
458 461
458 639
459 460
459 461
459 462
459 638
459 716
460 461
460 462
460 463
461 464
461 508
462 463
462 464
462 465
462 662
463 464
463 466
463 569
464 465
464 466
464 467
465 468
465 573
465 715
465 976
466 467
466 468
466 469
467 468
467 469
467 470
468 469
468 470
468 471
468 604
469 471
469 472
469 897
470 471
470 473
470 715
470 770
471 472
471 474
472 473
472 474
473 474
473 475
473 476
473 803
473 901
474 475
475 476
475 477
475 478
475 885
476 478
476 479
476 643
477 478
477 479
477 480
477 984
478 480
478 481
479 480
479 481
479 482
479 537
479 781
480 481
480 482
481 482
481 483
481 484
482 483
482 484
482 485
482 756
483 484
483 485
483 486
483 816
484 485
484 487
484 751
484 832
485 486
485 487
485 488
486 487
486 488
486 489
486 875
487 488
487 489
487 490
487 870
488 489
488 490
488 491
489 492
490 492
490 493
491 492
491 493
491 495
492 494
492 495
493 494
493 495
493 496
494 495
494 496
494 497
495 496
495 497
495 498
495 794
496 497
496 498
496 499
497 498
497 499
497 500
498 659
499 500
499 501
499 502
499 681
499 778
500 501
500 503
501 503
501 504
501 848
502 503
502 504
502 505
502 719
502 729
503 504
503 505
503 976
504 505
504 506
504 507
505 507
505 508
505 838
506 507
506 509
506 777
507 508
507 509
507 510
508 510
508 511
509 510
509 512
509 969
509 984
510 511
510 513
510 625
511 513
511 514
512 514
512 515
512 740
513 514
513 515
513 516
513 643
513 723
514 515
514 516
514 517
515 516
515 517
515 518
516 517
516 518
516 519
516 695
517 518
517 519
517 520
518 520
518 521
518 579
519 520
519 522
520 522
521 522
521 523
521 524
521 590
521 810
522 523
522 524
522 525
523 524
523 525
523 526
523 829
524 525
524 526
524 527
525 526
526 527
526 528
526 947
527 529
527 530
527 596
528 529
528 530
528 531
529 530
529 531
529 532
530 531
530 532
530 533
531 532
531 534
531 758
531 969
532 533
532 534
532 535
533 534
533 535
533 536
534 535
534 536
534 537
535 537
535 538
535 823
535 931
536 537
536 538
536 539
537 538
537 539
537 540
537 601
538 539
538 540
538 541
539 540
539 541
539 542
540 541
540 542
540 543
541 542
541 543
541 544
542 545
543 544
543 545
544 545
544 547
545 546
545 547
545 548
546 547
546 548
546 549
547 548
547 550
547 773
548 549
548 550
548 551
549 551
549 552
549 652
549 856
550 551
550 552
551 552
551 553
551 554
552 554
552 555
552 788
552 798
552 945
553 554
553 555
553 556
553 728
554 555
554 556
554 557
555 557
555 558
556 557
556 558
556 559
556 652
557 558
557 560
558 561
558 833
559 560
559 561
559 562
559 821
560 562
560 942
561 562
561 563
561 575
561 839
562 563
562 564
562 565
563 564
563 565
563 566
563 582
564 565
564 566
564 567
564 907
565 566
565 567
565 568
566 568
566 569
567 568
567 570
568 569
568 570
568 571
569 570
569 571
569 572
570 571
570 572
570 573
571 572
571 573
571 574
572 573
572 574
572 575
573 574
573 575
574 575
574 577
574 781
575 576
575 577
576 577
576 578
576 816
577 579
577 580
578 579
578 581
578 584
578 606
578 945
580 581
580 582
580 583
580 925
581 583
581 584
581 868
582 583
582 584
582 585
583 584
583 585
583 586
584 585
584 586
585 586
585 587
585 588
586 587
586 588
586 589
587 588
587 589
587 590
587 656
587 972
588 590
588 976
589 590
589 591
589 592
590 592
590 593
591 592
591 593
591 594
591 989
592 593
592 594
592 595
593 595
593 596
593 923
594 595
594 597
594 967
595 596
595 597
595 598
596 599
596 720
597 598
597 599
597 600
597 890
598 601
599 600
599 643
600 602
600 603
600 693
601 602
601 603
601 604
601 821
602 603
602 604
602 605
602 841
603 604
603 605
603 606
604 605
604 606
605 606
605 608
605 745
606 607
606 608
606 609
607 608
607 609
607 610
608 609
608 611
609 610
609 611
609 612
610 611
610 612
610 613
610 949
611 612
611 613
611 614
612 614
612 615
612 949
613 615
613 616
614 615
614 617
615 616
615 617
615 618
616 618
616 619
617 618
617 619
617 620
618 619
618 620
618 621
619 620
620 622
620 623
621 622
621 623
621 624
621 801
622 623
622 624
622 625
623 624
623 625
623 626
623 643
624 625
624 626
624 627
625 626
625 627
626 627
626 628
626 629
627 628
628 629
628 631
629 630
629 631
629 632
630 632
630 633
630 914
630 948
631 632
631 634
632 633
632 634
632 635
633 634
633 635
633 636
633 959
634 635
634 636
635 636
635 637
636 637
636 639
636 767
637 638
637 639
637 640
638 639
638 641
639 640
639 642
640 641
640 642
640 643
641 642
641 643
641 644
642 643
642 644
642 650
643 645
643 646
644 645
644 646
644 647
645 646
646 647
646 648
646 649
647 648
647 649
647 650
648 649
648 651
649 650
649 652
650 651
650 652
650 653
650 711
650 906
651 653
651 654
652 655
652 890
653 654
654 655
654 656
655 657
655 658
656 657
656 658
656 659
657 658
657 659
657 660
658 660
658 661
659 660
659 661
659 662
660 661
660 662
660 663
661 662
661 663
661 664
662 663
662 665
663 664
663 666
664 666
664 667
665 666
665 667
666 667
666 668
666 669
667 668
667 669
667 670
668 669
668 670
668 671
669 670
669 672
670 671
670 673
671 672
671 673
672 673
672 674
672 675
672 853
673 674
673 675
673 676
674 675
674 676
674 677
675 676
675 677
675 678
675 804
676 678
676 679
677 679
678 679
678 680
678 681
679 681
679 682
680 681
680 682
680 683
680 897
681 682
681 683
681 684
681 741
682 683
682 684
682 685
683 684
683 685
684 685
684 686
684 687
685 686
685 687
685 688
686 687
686 689
686 871
687 689
687 690
687 981
688 690
689 690
689 691
689 692
689 978
690 691
691 693
691 694
692 693
692 694
692 695
693 695
693 696
694 695
694 696
694 697
695 696
695 698
696 698
696 699
697 698
697 699
697 700
698 699
698 700
698 701
699 700
699 701
699 702
700 701
700 702
700 703
701 702
701 704
701 931
702 703
702 704
702 705
703 705
703 706
704 705
704 706
704 707
705 706
705 707
705 708
706 707
706 708
706 709
707 708
707 709
707 710
708 709
708 710
708 711
708 947
709 710
709 711
709 944
710 711
710 712
710 713
711 713
711 714
712 713
712 714
713 714
713 716
714 715
714 717
714 815
715 716
715 717
715 718
715 875
716 717
716 718
716 719
717 718
717 719
717 720
718 719
718 721
719 720
719 721
719 722
720 721
720 722
721 722
721 723
721 724
722 723
722 724
722 725
722 779
722 919
724 725
724 727
725 726
725 727
725 728
726 727
726 728
726 959
727 729
727 730
728 729
728 731
729 732
729 908
730 731
730 732
730 733
730 910
731 732
731 733
731 734
732 733
732 734
733 736
734 736
734 737
734 810
735 736
735 737
735 738
736 737
736 738
736 739
737 738
737 739
737 740
738 739
738 741
738 775
739 740
739 742
740 741
740 742
740 743
741 743
741 744
741 838
741 961
742 743
742 745
742 802
742 930
742 992
743 744
743 745
744 746
744 747
745 746
745 747
745 748
746 747
746 748
746 749
747 748
747 749
747 750
748 749
748 750
748 751
749 750
749 751
749 752
750 751
750 752
750 753
751 753
751 754
751 987
752 753
752 754
752 755
753 754
753 755
753 756
753 957
754 755
754 756
754 757
755 758
755 991
756 757
756 759
757 758
757 759
757 760
758 759
758 760
758 761
759 760
759 761
759 762
760 763
761 763
761 764
762 763
762 920
763 765
763 766
764 765
764 766
764 767
765 766
765 767
765 768
765 945
765 977
766 768
766 943
767 769
767 770
767 888
768 769
768 770
769 770
769 771
769 772
770 771
770 772
770 773
771 773
771 774
772 773
772 774
772 775
772 783
773 775
773 828
774 939
775 777
775 778
775 860
776 777
776 778
776 779
777 778
777 779
777 780
778 779
778 780
778 781
779 780
780 782
780 783
780 926
781 782
781 783
781 784
782 784
782 785
783 786
783 960
784 785
784 786
784 787
785 786
785 788
785 801
786 787
786 788
786 789
787 790
787 994
788 789
788 790
788 791
789 790
790 791
790 792
790 793
791 792
791 793
791 794
791 818
792 793
792 794
792 977
793 794
793 795
793 796
794 795
795 797
795 798
796 797
796 799
796 873
797 799
797 800
798 799
798 800
798 801
799 800
799 801
799 802
800 801
800 803
801 802
801 803
801 804
802 804
802 805
803 804
803 806
804 805
804 806
805 807
805 808
806 807
806 808
806 809
807 808
807 809
807 810
808 809
808 811
809 810
809 811
809 812
810 811
810 812
810 813
811 812
811 813
811 814
812 813
812 815
813 814
813 815
813 816
814 815
814 817
815 816
815 817
816 817
816 818
816 819
817 819
817 820
817 968
818 819
818 820
818 821
818 829
819 820
819 821
819 822
820 821
820 822
820 823
821 822
821 823
821 824
822 824
822 825
823 824
823 825
823 826
824 825
824 826
824 827
825 826
825 827
825 828
826 827
826 880
827 828
827 829
827 830
828 830
828 831
829 831
829 832
830 831
830 832
830 833
831 832
831 833
831 834
832 834
832 835
833 834
833 835
833 836
834 836
834 987
835 836
835 837
835 838
836 837
836 838
836 839
837 838
837 839
837 840
838 840
839 840
839 841
840 841
840 842
840 843
840 976
841 842
841 843
841 844
842 843
842 844
842 845
843 844
843 845
843 846
844 845
844 846
844 847
845 846
845 847
845 848
846 847
846 848
847 848
847 849
847 850
848 849
848 850
848 851
849 851
849 852
850 851
850 853
850 978
851 852
851 853
851 854
852 853
852 854
852 855
853 854
853 856
854 855
854 856
855 856
855 857
856 857
856 858
856 859
857 858
857 859
857 860
858 859
858 860
858 861
859 860
859 861
859 862
860 862
860 863
861 862
861 864
861 866
861 912
862 863
862 864
862 865
863 865
863 866
864 865
864 866
864 867
865 866
865 867
865 868
866 867
866 868
866 869
867 868
867 869
867 870
867 937
868 869
868 870
868 871
869 870
869 871
869 876
870 873
871 872
871 874
872 874
872 875
873 874
873 875
873 876
874 875
874 877
875 876
875 877
875 878
876 877
876 878
876 879
877 878
877 879
877 880
878 879
878 880
878 881
879 880
879 881
879 882
880 881
880 882
880 883
881 882
881 883
882 883
883 884
883 885
884 885
884 886
884 887
885 886
886 887
886 889
887 888
887 889
887 890
888 890
889 890
889 891
889 892
890 891
890 892
890 893
891 892
891 893
891 894
891 931
892 893
892 894
892 895
893 894
893 895
893 896
894 895
894 896
894 897
895 896
896 897
896 898
896 899
897 899
898 899
898 900
898 901
899 900
899 901
899 902
900 901
900 902
900 903
901 902
901 903
901 904
902 903
902 904
902 905
903 904
903 905
903 906
904 905
904 906
904 907
904 929
905 906
905 907
906 909
907 910
908 909
908 911
908 960
909 910
909 911
909 928
910 911
910 912
910 913
911 912
911 913
911 914
912 913
912 915
912 984
913 914
913 916
914 915
914 917
915 916
915 917
915 918
916 917
916 918
917 918
917 919
917 920
918 919
918 920
918 921
919 920
919 921
920 921
920 922
920 923
921 922
921 923
921 924
922 923
922 924
922 925
923 924
923 925
923 926
924 925
924 926
924 927
925 926
925 927
926 928
926 929
927 929
927 930
927 980
928 929
928 930
929 930
929 932
930 932
930 933
931 932
931 933
931 934
931 953
932 933
932 934
932 935
933 934
933 935
933 936
934 935
934 936
935 936
935 938
935 997
936 937
936 938
936 939
937 938
937 939
937 940
938 940
938 941
938 990
939 940
939 941
939 942
940 941
941 943
941 944
942 943
942 944
942 945
943 944
944 945
944 946
944 947
945 946
945 948
946 947
946 949
947 950
948 950
948 951
949 950
949 951
949 952
950 951
950 952
950 953
951 952
951 953
952 953
952 954
952 955
953 954
953 955
953 956
954 955
954 956
954 957
955 956
955 958
956 957
956 958
956 959
957 958
957 959
957 960
958 960
958 961
959 960
959 962
960 961
960 962
960 963
961 962
961 964
962 963
962 964
962 965
963 964
963 965
964 965
964 966
965 966
965 967
965 968
966 967
966 968
966 969
967 968
967 969
967 970
968 970
968 971
969 970
969 971
969 972
970 971
970 972
970 973
971 972
971 973
971 974
972 973
972 974
972 975
973 974
973 975
973 976
974 975
974 976
974 977
975 976
975 978
976 978
977 978
977 980
978 979
978 980
978 981
979 980
979 981
979 982
980 981
980 982
980 983
981 982
981 983
982 985
983 984
983 985
983 986
984 986
984 987
985 986
985 987
985 988
986 987
986 988
986 989
987 988
987 989
988 989
988 990
988 991
989 992
990 991
990 992
990 993
991 992
991 993
991 994
992 993
992 995
993 994
993 995
993 996
994 995
994 996
994 997
995 997
995 998
996 997
996 998
996 999
997 998
997 999
998 999
