0 2
0 3
0 6
0 9
0 12
0 14
0 15
0 16
0 17
0 21
0 22
0 23
0 25
0 28
0 29
0 30
0 31
0 34
0 35
0 37
0 38
0 40
0 46
0 47
0 48
0 54
0 62
0 63
0 65
0 66
0 68
0 71
0 72
0 73
0 74
0 75
0 76
0 78
0 79
0 80
0 81
0 82
0 84
0 86
0 87
0 88
0 89
0 90
0 91
0 92
0 93
0 95
0 101
0 103
0 106
0 108
0 109
0 118
0 119
0 120
0 121
0 122
0 130
0 138
0 139
0 140
0 141
0 175
0 178
0 179
0 182
0 184
0 185
0 186
0 187
0 188
0 222
0 229
0 244
0 247
0 248
0 249
0 251
0 252
0 253
0 254
0 256
0 312
0 322
0 330
0 342
0 347
0 348
0 357
0 358
0 359
0 360
0 361
0 908
0 980
0 982
0 984
0 987
0 993
0 1053
0 1054
0 1055
0 1056
0 1057
1 6
1 11
1 50
1 53
1 60
1 61
1 98
1 99
1 104
1 105
1 110
1 111
1 112
1 113
1 114
1 115
1 116
1 123
1 124
1 125
1 126
1 127
1 128
1 129
1 133
1 134
1 135
1 136
1 142
1 144
1 145
1 146
1 147
1 148
1 149
1 150
1 151
1 152
1 153
1 154
1 155
1 156
1 157
1 158
1 159
1 160
1 161
1 162
1 163
1 164
1 165
1 166
1 167
1 168
1 169
1 171
1 172
1 190
1 191
1 192
1 193
1 194
1 195
1 196
1 197
1 198
1 199
1 200
1 201
1 202
1 203
1 204
1 205
1 206
1 207
1 208
1 209
1 210
1 211
1 212
1 214
1 215
1 216
1 217
1 218
1 219
1 220
1 221
1 223
1 224
1 225
1 226
1 227
1 228
1 235
1 241
1 258
1 259
1 260
1 261
1 262
1 263
1 264
1 265
1 266
1 267
1 268
1 269
1 270
1 271
1 272
1 273
1 274
1 275
1 276
1 277
1 278
1 279
1 280
1 281
1 283
1 284
1 285
1 286
1 287
1 288
1 289
1 291
1 292
1 293
1 295
1 296
1 297
1 298
1 299
1 301
1 302
1 303
1 304
1 305
1 306
1 309
1 310
1 311
1 313
1 314
1 315
1 320
1 321
1 335
1 336
1 337
1 338
1 339
1 378
1 379
1 380
1 381
1 382
1 383
1 384
1 385
1 386
1 387
1 388
1 389
1 390
1 391
1 392
1 393
1 394
1 395
1 396
1 397
1 398
1 399
1 400
1 401
1 402
1 403
1 404
1 405
1 406
1 407
1 408
1 409
1 410
1 411
1 412
1 413
1 414
1 415
1 416
1 417
1 418
1 419
1 420
1 421
1 422
1 423
1 424
1 425
1 426
1 427
1 428
1 429
1 430
1 431
1 432
1 433
1 434
1 435
1 436
1 437
1 438
1 439
1 440
1 441
1 442
1 443
1 444
1 445
1 446
1 447
1 448
1 449
1 450
1 451
1 452
1 453
1 454
1 455
1 456
1 457
1 458
1 459
1 460
1 461
1 462
1 463
1 464
1 465
1 466
1 467
1 468
1 469
1 470
1 471
1 472
1 473
1 474
1 475
1 476
1 477
1 478
1 479
1 480
1 481
1 482
1 483
1 484
1 485
1 486
1 487
1 488
1 489
1 490
1 491
1 492
1 493
1 494
1 495
1 496
1 497
1 498
1 499
1 500
1 501
1 502
1 503
1 504
1 505
1 506
1 507
1 508
1 509
1 510
1 511
1 512
1 513
1 514
1 515
1 516
1 517
1 518
1 519
1 520
1 521
1 522
1 523
1 524
1 525
1 526
1 527
1 528
1 529
1 530
1 531
1 532
1 533
1 534
1 535
1 536
1 537
1 538
1 539
1 540
1 541
1 542
1 543
1 544
1 545
1 546
1 547
1 548
1 549
1 550
1 551
1 552
1 553
1 554
1 555
1 556
1 557
1 558
1 559
1 560
1 561
1 562
1 563
1 564
1 565
1 566
1 567
1 568
1 569
1 570
1 571
1 572
1 573
1 574
1 575
1 576
1 577
1 578
1 579
1 580
1 581
1 582
1 583
1 584
1 585
1 586
1 587
1 588
1 589
1 590
1 591
1 592
1 593
1 594
1 595
1 596
1 597
1 598
1 599
1 600
1 601
1 602
1 603
1 604
1 605
1 606
1 607
1 608
1 609
1 610
1 611
1 612
1 613
1 614
1 615
1 616
1 617
1 618
1 619
1 620
1 621
1 622
1 623
1 624
1 625
1 626
1 627
1 628
1 629
1 630
1 631
1 632
1 633
1 634
1 635
1 636
1 637
1 638
1 639
1 640
1 641
1 642
1 643
1 644
1 645
1 646
1 647
1 648
1 649
1 650
1 651
1 652
1 653
1 654
1 655
1 656
1 657
1 658
1 659
1 660
1 661
1 662
1 663
1 664
1 665
1 666
1 667
1 668
1 669
1 670
1 671
1 672
1 673
1 674
1 675
1 676
1 677
1 678
1 679
1 680
1 681
1 682
1 683
1 684
1 685
1 686
1 687
1 688
1 689
1 690
1 691
1 692
1 693
1 694
1 695
1 696
1 697
1 698
1 699
1 700
1 701
1 702
1 703
1 704
1 705
1 706
1 707
1 708
1 709
1 710
1 711
1 712
1 713
1 714
1 715
1 716
1 717
1 718
1 719
1 720
1 721
1 722
1 723
1 724
1 725
1 726
1 727
1 728
1 729
1 730
1 731
1 732
1 733
1 734
1 735
1 736
1 737
1 738
1 739
1 740
1 741
1 742
1 743
1 744
1 745
1 746
1 747
1 748
1 749
1 750
1 751
1 752
1 753
1 754
1 755
1 756
1 757
1 758
1 759
1 760
1 761
1 762
1 763
1 764
1 765
1 766
1 767
1 768
1 769
1 770
1 771
1 772
1 773
1 774
1 775
1 776
1 777
1 778
1 779
1 780
1 781
1 782
1 783
1 784
1 785
1 786
1 787
1 788
1 789
1 790
1 791
1 792
1 793
1 794
1 795
1 796
1 797
1 798
1 799
1 800
1 801
1 802
1 803
1 804
1 805
1 806
1 807
1 808
1 809
1 810
1 811
1 812
1 813
1 814
1 815
1 816
1 817
1 818
1 819
1 820
1 821
1 822
1 823
1 824
1 825
1 826
1 827
1 828
1 829
1 830
1 831
1 832
1 833
1 834
1 835
1 836
1 837
1 838
1 839
1 840
1 841
1 842
1 843
1 844
1 845
1 846
1 847
1 848
1 849
1 850
1 851
1 852
1 853
1 854
1 855
1 856
1 857
1 858
1 859
1 860
1 861
1 862
1 863
1 864
1 865
1 866
1 867
1 868
1 869
1 870
1 871
1 872
1 873
1 874
1 876
1 877
1 880
1 882
1 885
1 886
1 887
1 888
1 890
1 898
1 899
1 901
1 902
1 911
1 914
1 915
1 917
1 928
1 929
1 930
1 931
1 932
1 933
1 934
1 935
1 936
1 937
1 938
1 939
1 940
1 941
1 942
1 943
1 944
1 945
1 946
1 947
1 948
1 949
1 950
1 951
1 952
1 953
1 955
1 956
1 957
1 958
1 959
1 960
1 961
1 962
1 963
1 964
1 965
1 966
1 967
1 968
1 969
1 970
1 971
1 972
1 973
1 974
1 975
1 976
1 1260
1 1261
1 1262
1 1263
1 1264
1 1265
1 1266
1 1267
1 1268
1 1269
1 1270
1 1271
1 1272
1 1273
1 1274
1 1275
1 1276
1 1277
1 1278
1 1279
1 1280
1 1281
1 1282
1 1283
1 1284
1 1285
1 1286
1 1287
1 1288
1 1289
1 1290
1 1291
1 1292
1 1293
1 1294
1 1295
1 1296
1 1297
1 1298
1 1299
1 1300
1 1301
1 1302
1 1303
1 1304
1 1305
1 1306
1 1307
1 1308
1 1309
1 1310
1 1311
1 1312
1 1313
1 1314
1 1315
1 1316
1 1317
1 1318
1 1319
1 1320
1 1321
1 1322
1 1323
1 1324
1 1325
1 1326
1 1327
1 1328
1 1329
1 1330
1 1331
1 1332
1 1333
1 1334
1 1335
1 1336
1 1337
1 1338
1 1339
1 1340
1 1341
1 1342
1 1343
1 1344
1 1345
1 1346
1 1347
1 1348
1 1349
1 1350
1 1351
1 1352
1 1353
1 1354
1 1355
1 1356
1 1357
1 1358
1 1359
1 1360
1 1361
1 1362
1 1363
1 1364
1 1365
1 1366
1 1367
1 1368
1 1369
1 1370
1 1371
1 1372
1 1373
1 1374
1 1375
1 1376
1 1377
1 1378
1 1379
1 1380
1 1381
1 1382
1 1383
1 1384
1 1385
1 1386
1 1387
1 1388
1 1389
1 1390
1 1391
1 1392
1 1393
1 1394
1 1395
1 1396
1 1397
1 1398
1 1399
1 1400
1 1401
1 1402
1 1403
1 1404
1 1405
1 1406
1 1407
1 1408
1 1409
1 1410
1 1411
1 1412
1 1413
1 1414
1 1415
1 1416
1 1417
1 1418
1 1419
1 1420
1 1421
1 1422
1 1423
1 1424
1 1425
1 1426
1 1427
1 1428
1 1429
1 1430
1 1431
1 1432
1 1433
1 1434
1 1435
1 1436
1 1437
1 1438
1 1439
1 1440
1 1441
1 1442
1 1443
1 1444
1 1445
1 1446
1 1447
1 1448
1 1449
1 1450
1 1451
1 1452
1 1453
1 1454
1 1455
1 1456
1 1457
1 1458
1 1459
1 1460
1 1461
1 1462
1 1463
1 1464
1 1465
1 1466
1 1467
1 1468
1 1469
1 1470
1 1471
1 1472
1 1473
1 1474
1 1475
1 1476
1 1477
1 1478
1 1479
1 1480
1 1481
1 1482
1 1483
1 1484
1 1485
1 1486
1 1487
1 1488
1 1489
1 1490
1 1491
1 1492
1 1493
1 1494
1 1495
1 1496
1 1497
1 1498
1 1499
1 1500
1 1501
1 1502
1 1503
1 1504
1 1505
1 1506
1 1507
1 1508
1 1509
1 1510
1 1511
1 1512
1 1513
1 1514
1 1515
1 1516
1 1517
1 1518
1 1519
1 1520
1 1521
1 1522
1 1523
1 1524
1 1525
1 1526
1 1527
1 1528
1 1529
1 1530
1 1531
1 1532
1 1533
1 1534
1 1535
1 1536
1 1537
1 1538
1 1539
1 1540
1 1541
1 1542
1 1543
1 1544
1 1545
1 1546
1 1547
1 1548
1 1549
1 1550
1 1551
1 1552
1 1553
1 1554
1 1555
1 1556
1 1557
1 1558
1 1559
1 1560
1 1561
1 1562
1 1563
1 1564
1 1565
1 1566
1 1567
1 1568
1 1569
1 1570
1 1571
1 1572
1 1573
1 1574
1 1575
1 1576
1 1577
1 1578
1 1579
1 1580
1 1581
1 1582
1 1583
1 1584
1 1585
1 1586
1 1587
1 1588
1 1589
1 1590
1 1591
1 1592
1 1593
1 1594
1 1595
1 1596
1 1597
1 1598
1 1599
1 1600
1 1601
1 1602
1 1603
1 1604
1 1605
1 1606
1 1607
1 1608
1 1609
1 1610
1 1611
1 1612
1 1613
1 1614
1 1615
1 1616
1 1617
1 1618
1 1619
1 1620
1 1621
1 1622
1 1623
1 1624
1 1625
1 1626
1 1627
1 1628
1 1629
1 1630
1 1631
1 1632
1 1633
1 1634
1 1635
1 1636
1 1637
1 1638
1 1639
1 1640
1 1641
1 1642
1 1643
1 1644
1 1645
1 1646
1 1647
1 1648
1 1649
1 1650
1 1651
1 1652
1 1653
1 1654
1 1655
1 1656
1 1657
1 1658
1 1659
1 1660
1 1661
1 1662
1 1663
1 1664
1 1665
1 1666
1 1667
1 1668
1 1669
1 1670
1 1671
1 1672
1 1673
1 1674
1 1675
1 1676
1 1677
1 1678
1 1679
1 1680
1 1681
1 1682
1 1683
1 1684
1 1685
1 1686
1 1687
1 1688
1 1689
1 1690
1 1691
1 1692
1 1693
1 1694
1 1695
1 1696
1 1697
1 1698
1 1699
1 1700
1 1701
1 1702
1 1703
1 1704
1 1705
1 1706
1 1707
1 1708
1 1709
1 1710
1 1711
1 1712
1 1713
1 1714
1 1715
1 1716
1 1717
1 1718
1 1719
1 1720
1 1721
1 1722
1 1723
1 1724
1 1725
1 1726
1 1727
1 1728
1 1729
1 1730
1 1731
1 1732
1 1733
1 1734
1 1735
1 1736
1 1737
1 1738
1 1739
1 1740
1 1741
1 1742
1 1743
1 1744
1 1745
1 1746
1 1747
1 1748
1 1749
1 1750
1 1751
1 1752
1 1753
1 1754
1 1755
1 1756
1 1757
1 1758
1 1759
1 1760
1 1761
1 1762
1 1763
1 1764
1 1765
1 1766
1 1767
1 1768
1 1769
1 1770
1 1771
1 1772
1 1773
1 1774
1 1775
1 1776
1 1777
1 1778
1 1779
1 1780
1 1781
1 1782
1 1783
1 1784
1 1785
1 1786
1 1787
1 1788
1 1789
1 1790
1 1791
1 1792
1 1793
1 1794
1 1795
1 1796
1 1797
1 1798
1 1799
1 1800
1 1801
1 1802
1 1803
1 1804
1 1805
1 1806
1 1807
1 1808
1 1809
1 1810
1 1811
1 1812
1 1813
1 1814
1 1815
1 1816
1 1817
1 1818
1 1819
1 1820
1 1821
1 1822
1 1823
1 1824
1 1825
1 1826
1 1827
1 1828
1 1829
1 1830
1 1831
1 1832
1 1833
1 1834
1 1835
1 1836
1 1837
1 1838
1 1839
1 1840
1 1841
1 1842
1 1843
1 1844
1 1845
1 1846
1 1847
1 1848
1 1849
1 1850
1 1851
1 1852
1 1853
1 1854
1 1855
1 1856
1 1857
1 1858
1 1859
1 1860
1 1861
1 1862
1 1863
1 1864
1 1865
1 1866
1 1867
1 1868
1 1869
1 1870
1 1871
1 1872
1 1873
1 1874
1 1875
1 1876
1 1877
1 1878
1 1879
1 1880
1 1881
1 1882
1 1883
1 1884
1 1885
1 1886
1 1887
1 1888
1 1889
1 1890
1 1891
1 1892
1 1893
1 1894
1 1895
1 1896
1 1897
1 1898
1 1899
1 1900
1 1901
1 1902
1 1903
1 1904
1 1905
1 1906
1 1907
1 1908
2 3
2 5
2 6
2 9
2 19
2 20
2 21
2 23
2 29
2 31
2 32
2 35
2 37
2 38
2 41
2 54
2 65
2 66
2 68
2 72
2 74
2 78
2 79
2 82
2 86
2 87
2 88
2 90
2 95
2 97
2 100
2 101
2 108
2 118
2 119
2 130
2 137
2 170
2 173
2 179
2 181
2 182
2 183
2 229
2 239
2 245
2 246
2 247
2 253
2 254
2 317
2 979
2 1950
3 14
3 17
3 30
3 31
3 47
3 65
3 67
3 72
3 73
3 75
3 80
3 91
3 92
3 93
3 102
3 120
3 121
3 138
3 139
3 184
3 185
3 186
3 248
3 249
3 250
3 251
3 252
3 342
3 343
3 344
3 345
3 346
3 347
3 984
3 985
3 986
3 987
3 988
3 989
3 990
4 9
4 42
4 47
4 55
4 65
4 67
4 83
4 89
4 93
4 102
4 139
4 140
4 141
4 185
4 232
4 233
4 234
4 236
4 250
4 318
4 319
4 326
4 327
4 343
4 344
4 345
4 346
4 985
4 986
4 988
4 989
4 990
4 1912
4 1913
5 35
5 37
5 54
5 63
5 65
5 66
5 86
5 90
5 97
5 108
5 130
5 140
5 173
5 182
5 235
5 256
5 274
5 316
5 353
5 354
5 355
5 356
5 362
5 406
5 419
5 693
5 747
5 788
5 841
5 916
5 1046
5 1047
5 1048
5 1049
5 1050
6 11
6 14
6 18
6 21
6 28
6 32
6 37
6 42
6 47
6 52
6 53
6 56
6 60
6 61
6 65
6 66
6 67
6 68
6 69
6 70
6 71
6 72
6 73
6 75
6 76
6 80
6 81
6 84
6 85
6 89
6 92
6 93
6 94
6 95
6 96
6 98
6 99
6 102
6 104
6 105
6 107
6 109
6 110
6 111
6 112
6 113
6 114
6 115
6 116
6 119
6 121
6 123
6 124
6 125
6 126
6 127
6 128
6 129
6 131
6 132
6 133
6 134
6 135
6 136
6 138
6 142
6 143
6 144
6 145
6 146
6 147
6 148
6 149
6 150
6 151
6 152
6 153
6 154
6 155
6 156
6 157
6 158
6 159
6 160
6 161
6 162
6 163
6 164
6 165
6 166
6 167
6 168
6 169
6 171
6 174
6 175
6 176
6 177
6 183
6 184
6 187
6 188
6 194
6 195
6 196
6 197
6 198
6 199
6 200
6 201
6 202
6 203
6 204
6 205
6 206
6 207
6 208
6 209
6 210
6 211
6 212
6 213
6 214
6 215
6 216
6 217
6 218
6 219
6 220
6 221
6 222
6 223
6 224
6 225
6 226
6 227
6 228
6 230
6 238
6 241
6 243
6 248
6 251
6 254
6 283
6 284
6 285
6 286
6 287
6 288
6 289
6 290
6 291
6 292
6 293
6 294
6 295
6 296
6 297
6 298
6 299
6 300
6 301
6 302
6 303
6 304
6 305
6 306
6 307
6 308
6 309
6 310
6 311
6 312
6 313
6 314
6 315
6 320
6 321
6 324
6 327
6 328
6 329
6 331
6 332
6 875
6 876
6 877
6 878
6 879
6 880
6 881
6 882
6 883
6 884
6 885
6 886
6 887
6 888
6 889
6 890
6 891
6 892
6 893
6 894
6 895
6 896
6 897
6 898
6 899
6 900
6 901
6 902
6 906
6 909
6 923
6 924
6 925
6 926
6 1914
6 1915
6 1916
6 1917
6 1918
6 1919
6 1920
6 1921
6 1922
6 1923
6 1924
6 1925
6 1926
6 1927
6 1928
6 1929
6 1930
6 1931
6 1932
6 1933
6 1934
6 1935
6 1936
6 1937
6 1938
6 1939
6 1940
6 1941
6 1942
6 1943
6 1944
6 1945
7 16
7 19
7 22
7 23
7 34
7 242
7 279
7 983
8 13
8 27
8 28
8 30
8 70
8 73
8 77
8 80
8 81
8 84
8 85
8 100
8 106
8 107
8 230
8 231
8 350
8 904
8 905
9 10
9 23
9 31
9 37
9 54
9 57
9 63
9 68
9 79
9 83
9 87
9 95
9 181
9 229
9 233
9 234
9 237
9 353
9 354
9 997
10 15
10 16
10 22
10 23
10 34
10 35
10 37
10 41
10 54
10 55
10 64
10 78
10 87
10 97
10 100
10 137
10 180
10 237
10 325
10 326
10 920
11 53
11 60
11 61
11 64
11 98
11 104
11 105
11 123
11 124
11 125
11 126
11 127
11 128
11 129
11 135
11 144
11 152
11 193
11 198
11 206
11 208
11 213
11 217
11 219
11 220
11 221
11 224
11 225
11 227
11 257
11 258
11 259
11 262
11 263
11 264
11 265
11 266
11 267
11 268
11 269
11 270
11 271
11 272
11 273
11 274
11 275
11 278
11 279
11 281
11 286
11 292
11 315
11 336
11 339
11 364
11 365
11 366
11 367
11 368
11 369
11 370
11 371
11 372
11 375
11 378
11 379
11 380
11 381
11 382
11 383
11 385
11 386
11 387
11 388
11 389
11 390
11 391
11 392
11 393
11 394
11 395
11 396
11 398
11 399
11 400
11 401
11 403
11 404
11 405
11 407
11 408
11 409
11 410
11 411
11 412
11 413
11 414
11 416
11 417
11 418
11 420
11 421
11 422
11 423
11 424
11 425
11 426
11 427
11 428
11 429
11 430
11 431
11 432
11 433
11 434
11 435
11 436
11 437
11 439
11 440
11 441
11 442
11 443
11 444
11 446
11 447
11 448
11 449
11 451
11 452
11 453
11 454
11 455
11 456
11 457
11 458
11 459
11 460
11 461
11 462
11 463
11 464
11 465
11 466
11 467
11 469
11 470
11 471
11 472
11 473
11 474
11 475
11 476
11 477
11 478
11 479
11 480
11 481
11 482
11 483
11 484
11 485
11 486
11 487
11 488
11 489
11 490
11 491
11 492
11 493
11 494
11 495
11 497
11 498
11 499
11 501
11 502
11 503
11 504
11 505
11 506
11 507
11 508
11 509
11 510
11 512
11 513
11 514
11 515
11 516
11 517
11 518
11 519
11 521
11 522
11 523
11 524
11 525
11 526
11 527
11 528
11 530
11 531
11 532
11 533
11 534
11 535
11 536
11 537
11 538
11 539
11 540
11 541
11 542
11 543
11 544
11 545
11 546
11 547
11 548
11 551
11 552
11 553
11 554
11 555
11 556
11 557
11 558
11 559
11 560
11 561
11 562
11 564
11 565
11 567
11 568
11 569
11 570
11 571
11 572
11 574
11 575
11 576
11 578
11 579
11 580
11 581
11 582
11 583
11 584
11 585
11 586
11 587
11 588
11 589
11 590
11 591
11 592
11 593
11 594
11 595
11 596
11 598
11 599
11 600
11 601
11 602
11 603
11 604
11 605
11 606
11 607
11 608
11 609
11 610
11 611
11 612
11 613
11 614
11 617
11 618
11 619
11 620
11 621
11 622
11 623
11 625
11 626
11 627
11 628
11 629
11 630
11 631
11 632
11 633
11 634
11 635
11 636
11 637
11 638
11 639
11 640
11 641
11 642
11 643
11 645
11 646
11 647
11 648
11 649
11 650
11 651
11 652
11 653
11 654
11 655
11 656
11 657
11 658
11 659
11 660
11 661
11 662
11 663
11 664
11 665
11 666
11 668
11 669
11 670
11 671
11 672
11 673
11 674
11 675
11 678
11 679
11 680
11 681
11 682
11 683
11 684
11 685
11 686
11 687
11 688
11 689
11 690
11 691
11 692
11 694
11 695
11 696
11 697
11 698
11 699
11 700
11 701
11 702
11 703
11 704
11 705
11 706
11 707
11 709
11 710
11 711
11 712
11 714
11 715
11 716
11 717
11 719
11 720
11 721
11 722
11 723
11 724
11 725
11 726
11 727
11 728
11 729
11 730
11 731
11 732
11 733
11 734
11 735
11 736
11 737
11 738
11 739
11 740
11 741
11 743
11 744
11 745
11 746
11 749
11 750
11 751
11 752
11 753
11 754
11 755
11 756
11 757
11 758
11 759
11 760
11 762
11 763
11 764
11 765
11 766
11 768
11 770
11 771
11 772
11 773
11 775
11 776
11 777
11 778
11 780
11 781
11 782
11 783
11 784
11 785
11 786
11 787
11 789
11 790
11 791
11 792
11 793
11 794
11 795
11 796
11 797
11 798
11 799
11 800
11 801
11 802
11 803
11 804
11 805
11 806
11 807
11 808
11 809
11 810
11 811
11 812
11 813
11 814
11 815
11 816
11 817
11 818
11 819
11 821
11 822
11 823
11 824
11 825
11 826
11 827
11 829
11 830
11 831
11 832
11 833
11 834
11 835
11 836
11 837
11 838
11 839
11 840
11 842
11 843
11 844
11 845
11 846
11 847
11 849
11 850
11 851
11 852
11 853
11 854
11 855
11 856
11 858
11 859
11 860
11 861
11 862
11 863
11 864
11 865
11 866
11 867
11 868
11 869
11 870
11 875
11 878
11 881
11 883
11 918
11 920
11 927
11 954
11 1070
11 1071
11 1072
11 1073
11 1074
11 1075
11 1076
11 1077
11 1078
11 1079
11 1080
11 1081
11 1082
11 1083
11 1084
11 1085
11 1086
11 1087
11 1088
11 1089
11 1090
11 1091
11 1092
11 1093
11 1094
11 1095
11 1096
11 1097
11 1098
11 1099
11 1100
11 1101
11 1102
11 1103
11 1104
11 1105
11 1106
11 1107
11 1108
11 1109
11 1110
11 1111
11 1112
11 1113
11 1114
11 1115
11 1116
11 1117
11 1118
11 1119
11 1120
11 1121
11 1122
11 1123
11 1124
11 1125
11 1126
11 1127
11 1128
11 1129
11 1130
11 1131
11 1132
11 1133
11 1134
11 1135
11 1136
11 1137
11 1138
11 1139
11 1140
11 1141
11 1142
11 1143
11 1144
11 1145
11 1146
11 1147
11 1148
11 1149
11 1150
11 1151
11 1152
11 1153
11 1154
11 1155
11 1156
11 1157
11 1158
11 1159
11 1160
11 1161
11 1162
11 1163
11 1164
11 1165
11 1166
11 1167
11 1168
11 1169
11 1170
11 1171
11 1172
11 1173
11 1174
11 1175
11 1176
11 1177
11 1178
11 1179
11 1180
11 1181
11 1182
11 1183
11 1184
11 1185
11 1186
11 1187
11 1188
11 1189
11 1190
11 1191
11 1192
11 1193
11 1194
11 1195
11 1196
11 1197
11 1198
11 1199
11 1200
11 1201
11 1202
11 1203
11 1204
11 1205
11 1206
11 1207
11 1208
11 1209
11 1210
11 1211
11 1212
11 1213
11 1214
11 1215
11 1216
11 1217
11 1218
11 1219
11 1220
11 1221
11 1222
11 1223
11 1224
11 1225
11 1226
11 1227
11 1228
11 1229
11 1230
11 1231
11 1232
11 1233
11 1234
11 1235
11 1236
11 1237
11 1238
11 1239
11 1240
11 1241
11 1242
11 1243
11 1244
11 1245
11 1246
11 1247
11 1248
11 1249
11 1250
11 1251
11 1252
11 1253
12 42
12 67
12 68
12 83
12 85
12 139
12 141
12 170
12 239
12 324
12 349
12 351
12 900
13 14
13 27
13 30
13 36
13 69
13 70
13 77
13 81
13 84
13 85
13 106
13 107
13 122
13 230
13 231
13 239
13 282
13 352
13 904
14 17
14 21
14 23
14 29
14 32
14 40
14 47
14 69
14 73
14 74
14 82
14 89
14 90
14 91
14 92
14 121
14 140
14 141
14 189
14 254
14 993
14 994
15 28
15 32
15 47
15 65
15 67
15 69
15 75
15 76
15 77
15 80
15 89
15 94
15 96
15 102
15 103
15 109
15 132
15 174
15 175
15 176
15 177
15 186
15 238
15 240
15 248
15 255
15 327
15 328
15 331
15 349
15 921
15 922
15 923
15 924
15 925
15 926
15 1963
15 1964
16 34
16 54
16 55
16 63
16 68
16 71
16 87
16 100
16 117
16 180
16 181
16 243
16 322
16 323
16 325
16 333
16 340
16 916
16 917
16 918
16 919
16 977
16 981
16 1961
16 1962
17 21
17 26
17 31
17 71
17 72
17 73
17 75
17 80
17 90
17 91
17 92
17 120
17 122
17 131
17 138
17 186
17 244
17 249
17 251
17 256
17 330
17 360
17 1008
18 29
18 30
18 36
18 52
18 66
18 81
18 96
18 103
18 120
18 187
18 255
18 991
18 992
19 21
19 23
19 37
19 54
19 63
19 74
19 79
19 88
19 97
19 117
19 118
19 130
19 179
19 180
19 242
19 244
19 245
19 325
19 333
19 340
19 355
19 356
19 1026
20 34
20 37
20 47
20 82
20 83
20 95
20 97
20 101
20 130
20 137
20 183
20 316
20 317
20 903
20 1946
20 1947
20 1948
20 1949
21 23
21 30
21 33
21 37
21 54
21 63
21 72
21 75
21 78
21 79
21 80
21 87
21 90
21 91
21 92
21 100
21 106
21 117
21 119
21 138
21 139
21 173
21 184
21 186
21 235
21 237
21 246
21 249
21 252
21 342
21 347
21 871
21 872
21 891
21 1909
21 1910
21 1911
22 23
22 33
22 34
22 35
22 54
22 55
22 63
22 74
22 78
22 86
22 87
22 88
22 101
22 117
22 137
22 179
22 180
22 242
22 243
22 244
22 245
22 247
22 340
22 977
22 1991
22 1992
23 28
23 29
23 35
23 37
23 54
23 63
23 65
23 66
23 68
23 69
23 72
23 73
23 74
23 75
23 76
23 78
23 79
23 80
23 81
23 82
23 84
23 86
23 89
23 90
23 91
23 92
23 95
23 108
23 118
23 120
23 121
23 131
23 143
23 170
23 174
23 189
23 995
24 253
25 81
25 93
25 167
25 185
25 222
25 230
25 252
25 348
25 357
25 358
25 359
25 361
25 994
25 1021
25 1022
26 31
26 32
26 47
26 76
26 93
26 122
26 350
26 996
26 1996
26 1997
26 1998
26 1999
27 30
27 69
27 70
27 77
27 80
27 81
27 84
27 106
27 107
27 122
27 231
27 282
27 352
28 32
28 37
28 41
28 42
28 47
28 48
28 51
28 63
28 67
28 69
28 72
28 76
28 83
28 96
28 102
28 109
28 118
28 138
28 170
28 174
28 178
28 212
28 250
28 300
28 312
28 893
28 991
28 996
28 1058
28 1059
28 1060
28 1061
28 1062
28 1063
28 1064
29 37
29 54
29 63
29 65
29 66
29 68
29 69
29 72
29 73
29 74
29 75
29 76
29 78
29 79
29 80
29 81
29 82
29 84
29 86
29 89
29 90
29 91
29 92
29 95
29 108
29 118
29 120
29 121
29 131
29 140
29 174
29 189
29 908
30 52
30 66
30 103
30 120
30 167
30 187
30 255
30 992
30 1067
31 37
31 42
31 54
31 63
31 65
31 66
31 68
31 69
31 70
31 73
31 74
31 78
31 79
31 82
31 86
31 90
31 108
31 170
31 222
31 341
32 42
32 47
32 51
32 66
32 67
32 71
32 76
32 77
32 82
32 85
32 94
32 96
32 103
32 109
32 132
32 143
32 171
32 176
32 177
32 178
32 183
32 363
32 896
32 1068
32 1069
33 34
33 79
33 86
33 87
33 88
33 100
33 101
33 117
33 118
33 137
33 181
33 978
33 979
33 1993
33 1994
33 1995
34 37
34 51
34 54
34 63
34 66
34 77
34 78
34 86
34 87
34 88
34 97
34 117
34 137
34 180
34 243
34 316
34 323
34 377
34 889
34 978
34 1065
35 37
35 54
35 63
35 68
35 73
35 74
35 78
35 79
35 86
35 87
35 88
35 95
35 108
35 119
35 130
35 179
35 181
35 229
35 242
35 246
35 322
35 415
35 1254
36 51
36 52
36 71
36 73
36 77
36 177
36 178
36 239
36 329
36 330
36 331
36 332
36 341
36 927
36 1965
37 41
37 48
37 54
37 55
37 63
37 68
37 74
37 79
37 82
37 88
37 95
37 100
37 101
37 119
37 182
37 183
37 246
37 247
37 980
37 981
37 982
37 983
38 66
38 75
38 81
38 89
38 91
38 131
38 998
39 269
39 335
39 496
39 529
39 549
39 848
39 1009
39 1010
39 1011
39 1012
39 1013
39 1014
39 1015
39 1016
39 1017
39 1018
39 1019
39 1020
40 61
40 71
40 72
40 74
40 75
40 82
40 89
40 92
40 99
40 111
40 112
40 131
40 189
40 1027
40 1028
41 42
41 54
41 63
41 65
41 66
41 67
41 71
41 74
41 85
41 90
41 91
41 97
41 132
41 173
41 182
41 235
41 236
41 324
41 326
41 922
42 51
42 55
42 65
42 67
42 69
42 83
42 94
42 102
42 232
42 233
42 234
42 236
42 318
42 319
42 906
42 907
43 240
43 334
43 1966
43 1967
44 60
44 61
44 98
44 99
44 104
44 105
44 110
44 111
44 112
44 113
44 114
44 115
44 116
44 123
44 124
44 125
44 126
44 127
44 128
44 129
44 133
44 134
44 136
44 142
44 145
44 146
44 147
44 148
44 149
44 150
44 151
44 152
44 153
44 154
44 155
44 156
44 157
44 158
44 159
44 160
44 161
44 162
44 163
44 164
44 165
44 166
44 168
44 169
44 190
44 191
44 192
44 194
44 195
44 199
44 201
44 212
44 214
44 218
44 241
44 260
44 261
44 270
44 273
44 277
44 281
44 283
44 284
44 285
44 287
44 288
44 289
44 290
44 291
44 293
44 295
44 296
44 297
44 298
44 299
44 301
44 302
44 303
44 304
44 305
44 306
44 308
44 309
44 310
44 311
44 313
44 337
44 373
44 384
44 397
44 438
44 445
44 450
44 468
44 500
44 511
44 520
44 563
44 566
44 573
44 577
44 616
44 624
44 676
44 677
44 713
44 718
44 742
44 748
44 761
44 767
44 769
44 774
44 779
44 820
44 828
44 857
44 897
44 910
44 912
44 913
44 1029
44 1030
44 1031
44 1032
44 1033
44 1034
44 1035
44 1036
44 1037
44 1038
44 1039
44 1040
44 1041
44 1042
44 1043
44 1044
44 1045
45 116
45 136
45 241
45 335
45 336
45 337
45 338
45 339
45 929
45 930
45 931
45 932
45 933
45 934
45 935
45 936
45 937
45 938
45 939
45 940
45 941
45 942
45 943
45 944
45 945
45 946
45 947
45 948
45 949
45 950
45 951
45 952
45 953
45 954
45 955
45 956
45 957
45 958
45 959
45 960
45 961
45 962
45 963
45 964
45 965
45 966
45 967
45 968
45 969
45 970
45 971
45 972
45 973
45 974
45 975
45 976
45 1968
45 1969
45 1970
45 1971
45 1972
45 1973
45 1974
45 1975
45 1976
45 1977
45 1978
45 1979
45 1980
45 1981
45 1982
45 1983
45 1984
45 1985
45 1986
45 1987
45 1988
45 1989
45 1990
46 47
46 53
46 60
46 61
46 65
46 67
46 93
46 99
46 102
46 104
46 105
46 113
46 114
46 123
46 124
46 125
46 126
46 127
46 128
46 129
46 136
46 139
46 142
46 144
46 145
46 146
46 147
46 148
46 149
46 150
46 151
46 152
46 153
46 154
46 155
46 156
46 157
46 158
46 159
46 160
46 161
46 162
46 163
46 164
46 165
46 166
46 167
46 168
46 169
46 172
46 185
46 190
46 191
46 192
46 193
46 194
46 196
46 197
46 198
46 199
46 200
46 201
46 202
46 203
46 204
46 205
46 206
46 207
46 209
46 210
46 211
46 213
46 214
46 215
46 216
46 218
46 223
46 226
46 228
46 250
46 264
46 268
46 276
46 277
46 280
46 290
46 294
46 307
46 308
46 314
46 343
46 344
46 345
46 346
46 373
46 374
46 376
46 597
46 644
46 884
46 892
46 1255
46 1256
47 94
47 109
47 119
47 143
47 176
47 238
47 332
47 895
47 1023
47 1024
47 1025
48 65
48 66
48 67
48 72
48 76
48 83
48 96
48 122
49 321
49 914
49 915
49 1959
49 1960
50 51
50 61
50 93
50 98
50 115
50 171
50 172
50 320
50 334
50 909
50 910
50 911
50 912
50 913
50 1951
50 1952
50 1953
50 1954
50 1955
50 1956
50 1957
50 1958
51 67
51 83
51 85
51 94
51 132
51 143
51 1007
52 70
52 187
52 362
52 905
53 104
53 105
53 123
53 124
53 125
53 126
53 127
53 128
53 129
53 136
53 144
53 145
53 146
53 147
53 148
53 149
53 150
53 151
53 153
53 154
53 155
53 156
53 157
53 158
53 159
53 160
53 161
53 162
53 163
53 164
53 165
53 166
53 168
53 169
53 172
53 190
53 191
53 192
53 193
53 196
53 197
53 200
53 202
53 203
53 204
53 205
53 207
53 209
53 210
53 211
53 215
53 216
53 223
53 226
53 228
53 257
53 261
53 276
53 280
53 294
53 307
53 338
53 374
53 375
53 376
53 1257
53 1258
53 1259
54 55
54 97
54 173
55 232
55 351
56 104
56 142
56 195
56 402
56 615
56 708
56 879
56 894
56 999
56 1000
56 1001
56 1002
56 1003
56 1004
56 1005
56 1006
57 349
57 995
58 258
58 267
59 105
59 171
59 208
59 213
59 217
59 219
59 220
59 221
59 224
59 225
59 227
59 257
59 259
59 262
59 263
59 266
59 271
59 272
59 275
59 364
59 365
59 366
59 367
59 368
59 369
59 370
59 371
59 372
59 1051
59 1052
60 61
60 62
60 98
60 99
60 110
60 111
60 112
60 113
60 114
60 115
60 116
60 133
60 134
60 135
60 260
60 265
61 62
61 98
61 99
61 110
61 111
61 112
61 113
61 114
61 115
61 116
61 133
61 134
61 135
62 98
62 99
62 110
62 111
62 112
62 113
62 114
62 115
62 116
62 133
62 134
62 135
62 172
62 873
64 237
64 317
70 1066
