0 1
0 2
0 3
0 4
0 5
0 6
0 7
0 8
0 9
0 10
0 11
0 12
0 13
0 14
0 15
0 16
0 17
0 18
0 19
0 20
0 21
0 22
0 23
0 25
0 26
0 27
0 28
0 29
0 30
0 31
0 32
0 33
0 34
0 35
0 37
0 38
0 39
0 40
0 41
0 42
0 43
0 44
0 45
0 47
0 48
0 49
0 50
0 51
0 52
0 53
0 54
0 55
0 56
0 57
0 58
0 59
0 60
0 61
0 62
0 63
0 64
0 65
0 66
0 67
0 68
0 69
0 70
0 71
0 72
0 73
0 74
0 75
0 76
0 77
0 78
0 79
0 80
0 83
0 84
0 85
0 86
0 87
0 88
0 89
0 90
0 91
0 92
0 93
0 94
0 95
0 96
0 97
0 98
0 99
0 100
0 101
0 103
0 104
0 105
0 106
0 107
0 108
0 109
0 110
0 111
0 112
0 113
0 114
0 115
0 117
0 119
0 120
0 121
0 122
0 123
0 124
0 126
0 127
0 128
0 130
0 131
0 132
0 133
0 134
0 137
0 138
0 139
0 140
0 141
0 142
0 144
0 145
0 146
0 147
0 148
0 149
0 153
0 154
0 155
0 157
0 158
0 159
0 160
0 161
0 163
0 164
0 165
0 166
0 167
0 168
0 169
0 170
0 171
0 172
0 173
0 175
0 176
0 177
0 178
0 179
0 182
0 183
0 184
0 187
0 188
0 189
0 191
0 192
0 193
0 194
0 195
0 196
0 197
0 198
0 200
0 201
0 202
0 203
0 204
0 206
0 207
0 208
0 209
0 210
0 211
0 212
0 213
0 214
0 215
0 217
0 218
0 219
0 220
0 221
0 223
0 224
0 225
0 226
0 228
0 230
0 232
0 235
0 238
0 239
0 240
0 243
0 244
0 245
0 248
0 250
0 251
0 252
0 253
0 254
0 255
0 256
0 257
0 261
0 263
0 264
0 265
0 267
0 269
0 270
0 271
0 272
0 273
0 275
0 276
0 277
0 278
0 280
0 281
0 282
0 285
0 286
0 288
0 289
0 292
0 293
0 295
0 296
0 299
0 301
0 302
0 303
0 306
0 307
0 309
0 311
0 312
0 313
0 314
0 316
0 317
0 318
0 321
0 322
0 323
0 325
0 327
0 328
0 329
0 330
0 331
0 333
0 335
0 337
0 338
0 339
0 340
0 344
0 346
0 353
0 355
0 357
0 358
0 360
0 361
0 366
0 369
0 374
0 376
0 379
0 380
0 381
0 382
0 383
0 385
0 387
0 393
0 395
0 399
0 401
0 402
0 403
0 407
0 410
0 411
0 412
0 413
0 414
0 416
0 417
0 424
0 427
0 434
0 436
0 438
0 440
0 441
0 446
0 450
0 453
0 456
0 457
0 458
0 461
0 464
0 471
0 472
0 478
0 479
0 484
0 494
0 501
0 506
0 510
0 512
0 515
0 517
0 518
0 521
0 523
0 526
0 530
0 532
0 542
0 551
0 552
0 555
0 556
0 558
0 560
0 574
0 588
0 593
0 599
0 600
0 608
0 610
0 618
0 620
0 626
0 628
0 630
0 637
0 647
0 650
0 652
0 662
0 669
0 677
0 679
0 684
0 685
0 687
0 689
0 690
0 691
0 697
0 708
0 717
0 720
0 723
0 743
0 749
0 751
0 752
0 758
0 776
0 778
0 782
0 800
0 801
0 802
0 818
0 831
0 839
0 853
0 855
0 856
0 857
0 858
0 859
0 860
0 861
0 862
0 863
0 864
0 865
0 866
0 867
0 868
0 869
0 870
0 871
0 872
0 873
0 874
0 875
0 876
0 877
0 879
0 880
0 881
0 882
0 883
0 884
0 885
0 886
0 887
0 888
0 889
0 890
0 891
0 892
0 893
0 894
0 895
0 896
0 897
0 898
0 899
0 900
0 901
0 902
0 903
0 904
0 905
0 906
0 907
0 908
0 909
0 910
0 911
0 912
0 913
0 915
0 916
0 917
0 918
0 919
0 920
0 921
0 922
0 923
0 924
0 925
0 926
0 927
0 928
0 930
0 931
0 932
0 933
0 934
0 935
0 936
0 937
0 938
0 939
0 940
0 941
0 942
0 943
0 944
0 945
0 946
0 947
0 948
0 949
0 950
0 951
0 952
0 953
0 954
0 955
0 956
0 957
0 958
0 959
0 960
0 961
0 962
0 963
0 964
0 965
0 966
0 967
0 968
0 969
0 970
0 971
0 972
0 973
0 974
0 975
0 976
0 977
0 978
0 979
0 980
0 981
0 982
0 983
0 984
0 985
0 986
0 987
0 988
0 989
0 990
0 991
0 992
0 993
0 994
0 995
0 996
0 997
0 998
0 999
1 2
1 3
1 8
1 14
1 557
1 559
1 560
1 561
1 562
1 563
1 564
1 565
1 566
1 567
1 568
1 569
1 570
1 571
1 572
1 573
1 574
1 575
1 576
1 577
1 578
1 579
1 580
1 581
1 582
1 583
1 584
1 585
1 586
1 587
1 588
1 589
1 590
1 591
1 592
1 593
1 594
1 595
1 596
1 597
1 598
1 599
1 600
1 601
1 602
1 603
1 604
1 605
1 606
1 607
1 608
1 609
1 610
1 611
1 612
1 613
1 614
1 615
1 616
1 617
1 618
1 620
1 621
1 622
1 623
1 624
1 625
1 626
1 627
1 628
1 629
1 630
1 631
1 632
1 633
1 634
1 635
1 636
1 637
1 638
1 639
1 640
1 641
1 642
1 643
1 644
1 645
1 646
1 647
1 648
1 649
1 650
1 651
1 652
1 653
1 654
1 655
1 656
1 657
1 658
1 659
1 660
1 661
1 662
1 664
1 665
1 666
1 667
1 668
1 670
1 671
1 672
1 673
1 674
1 675
1 676
1 677
1 678
1 679
1 680
1 681
1 682
1 683
1 684
1 685
1 686
1 687
1 688
1 689
1 690
1 691
1 692
1 693
1 694
1 695
1 696
1 697
1 699
1 700
1 701
1 702
1 703
1 704
1 705
1 706
1 707
1 708
1 709
1 710
1 711
1 712
1 713
1 714
1 715
1 716
1 717
1 718
1 719
1 720
1 721
1 722
1 723
1 724
1 725
1 726
1 727
1 728
1 729
1 730
1 732
1 733
1 734
1 735
1 736
1 737
1 738
1 739
1 740
1 741
1 742
1 743
1 744
1 745
1 746
1 747
1 748
1 749
1 750
1 751
1 752
1 753
1 754
1 756
1 757
1 758
1 759
1 760
1 761
1 762
1 763
1 764
1 765
1 766
1 767
1 768
1 769
1 770
1 771
1 773
1 774
1 775
1 776
1 777
1 778
1 779
1 780
1 781
1 782
1 783
1 784
1 785
1 786
1 787
1 788
1 789
1 790
1 791
1 792
1 793
1 794
1 795
1 796
1 797
1 798
1 799
1 800
1 801
1 802
1 803
1 804
1 805
1 806
1 807
1 808
1 809
1 810
1 811
1 812
1 813
1 814
1 815
1 816
1 817
1 818
1 819
1 821
1 822
1 823
1 824
1 825
1 826
1 827
1 828
1 829
1 831
1 832
1 833
1 834
1 835
1 836
1 837
1 838
1 839
1 841
1 842
1 843
1 844
1 845
1 847
1 848
1 849
1 850
1 851
1 852
1 854
1 878
1 914
1 929
2 3
2 4
2 5
2 6
2 7
2 10
2 12
2 13
2 14
2 15
2 16
2 17
2 18
2 19
2 20
2 21
2 23
2 24
2 25
2 26
2 27
2 29
2 30
2 31
2 32
2 33
2 34
2 35
2 36
2 37
2 38
2 39
2 40
2 42
2 43
2 44
2 45
2 46
2 47
2 48
2 49
2 50
2 51
2 52
2 53
2 54
2 55
2 58
2 59
2 60
2 61
2 62
2 63
2 64
2 65
2 66
2 67
2 68
2 69
2 70
2 71
2 73
2 74
2 75
2 76
2 77
2 79
2 80
2 81
2 82
2 83
2 84
2 85
2 87
2 88
2 89
2 90
2 93
2 94
2 95
2 96
2 97
2 98
2 99
2 100
2 101
2 102
2 105
2 106
2 107
2 108
2 109
2 110
2 111
2 112
2 113
2 114
2 115
2 116
2 117
2 118
2 119
2 121
2 122
2 123
2 124
2 125
2 126
2 127
2 129
2 130
2 131
2 132
2 133
2 134
2 135
2 136
2 137
2 138
2 139
2 140
2 141
2 142
2 145
2 147
2 148
2 149
2 150
2 151
2 152
2 153
2 155
2 156
2 157
2 158
2 159
2 160
2 161
2 162
2 164
2 167
2 168
2 169
2 170
2 171
2 172
2 173
2 174
2 176
2 178
2 179
2 181
2 182
2 184
2 185
2 186
2 187
2 188
2 189
2 190
2 191
2 192
2 193
2 196
2 197
2 200
2 201
2 203
2 204
2 205
2 206
2 207
2 208
2 209
2 210
2 211
2 212
2 213
2 214
2 215
2 218
2 221
2 222
2 223
2 224
2 226
2 228
2 229
2 231
2 232
2 233
2 234
2 235
2 241
2 242
2 243
2 245
2 246
2 247
2 248
2 249
2 250
2 251
2 252
2 253
2 254
2 255
2 256
2 257
2 258
2 259
2 261
2 263
2 264
2 265
2 266
2 267
2 268
2 269
2 270
2 272
2 273
2 274
2 276
2 277
2 278
2 279
2 280
2 282
2 283
2 284
2 285
2 287
2 288
2 289
2 290
2 291
2 292
2 293
2 296
2 297
2 299
2 300
2 301
2 302
2 303
2 305
2 307
2 310
2 311
2 312
2 313
2 314
2 318
2 320
2 324
2 325
2 326
2 327
2 328
2 333
2 334
2 337
2 339
2 341
2 344
2 345
2 348
2 351
2 356
2 357
2 359
2 362
2 365
2 366
2 368
2 369
2 372
2 375
2 378
2 380
2 381
2 383
2 385
2 386
2 388
2 391
2 392
2 393
2 394
2 395
2 396
2 401
2 402
2 403
2 404
2 408
2 415
2 416
2 421
2 426
2 428
2 431
2 433
2 436
2 438
2 442
2 444
2 445
2 448
2 449
2 450
2 452
2 454
2 457
2 459
2 468
2 469
2 472
2 474
2 478
2 482
2 488
2 493
2 495
2 500
2 502
2 503
2 504
2 505
2 508
2 509
2 510
2 511
2 512
2 513
2 514
2 515
2 516
2 518
2 519
2 520
2 521
2 522
2 523
2 524
2 525
2 526
2 527
2 528
2 531
2 533
2 534
2 535
2 536
2 537
2 538
2 539
2 540
2 542
2 543
2 545
2 546
2 547
2 548
2 549
2 550
2 554
2 556
2 557
2 571
2 585
2 587
2 595
2 597
2 601
2 604
2 619
2 622
2 623
2 626
2 643
2 655
2 656
2 658
2 663
2 668
2 669
2 686
2 693
2 694
2 696
2 698
2 699
2 703
2 706
2 719
2 722
2 729
2 730
2 731
2 733
2 740
2 745
2 747
2 750
2 753
2 755
2 756
2 757
2 768
2 772
2 774
2 781
2 788
2 797
2 804
2 805
2 810
2 811
2 819
2 820
2 821
2 825
2 826
2 830
2 840
2 843
2 846
2 850
2 854
2 873
2 874
2 894
2 903
2 905
2 922
2 923
2 929
2 938
2 949
2 951
2 960
2 962
2 976
2 989
3 4
3 5
3 6
3 7
3 8
3 9
3 10
3 11
3 12
3 13
3 14
3 15
3 16
3 17
3 18
3 19
3 20
3 21
3 22
3 23
3 24
3 25
3 26
3 27
3 28
3 29
3 31
3 32
3 33
3 34
3 35
3 36
3 37
3 38
3 39
3 40
3 41
3 42
3 43
3 44
3 45
3 47
3 48
3 49
3 50
3 51
3 52
3 53
3 55
3 56
3 57
3 58
3 59
3 61
3 62
3 63
3 64
3 65
3 66
3 67
3 68
3 69
3 70
3 71
3 72
3 73
3 74
3 75
3 76
3 77
3 79
3 80
3 81
3 82
3 83
3 84
3 85
3 86
3 87
3 88
3 89
3 90
3 91
3 92
3 93
3 94
3 95
3 96
3 98
3 99
3 100
3 101
3 102
3 103
3 104
3 105
3 106
3 108
3 109
3 110
3 111
3 112
3 113
3 114
3 115
3 117
3 118
3 119
3 121
3 122
3 123
3 124
3 125
3 126
3 128
3 129
3 130
3 131
3 132
3 133
3 134
3 136
3 137
3 139
3 140
3 141
3 142
3 144
3 145
3 146
3 147
3 148
3 149
3 150
3 151
3 152
3 153
3 154
3 155
3 156
3 158
3 159
3 160
3 161
3 162
3 163
3 164
3 165
3 167
3 168
3 169
3 170
3 171
3 172
3 173
3 174
3 176
3 177
3 178
3 181
3 183
3 184
3 185
3 186
3 187
3 188
3 189
3 190
3 191
3 192
3 193
3 194
3 195
3 196
3 197
3 200
3 201
3 203
3 204
3 205
3 207
3 208
3 209
3 210
3 211
3 212
3 213
3 216
3 221
3 223
3 225
3 226
3 227
3 228
3 230
3 232
3 234
3 235
3 237
3 238
3 240
3 242
3 244
3 245
3 247
3 248
3 249
3 250
3 251
3 253
3 255
3 256
3 257
3 258
3 259
3 261
3 262
3 263
3 264
3 265
3 266
3 267
3 271
3 272
3 274
3 275
3 277
3 278
3 279
3 282
3 283
3 284
3 285
3 286
3 288
3 289
3 290
3 291
3 292
3 293
3 295
3 296
3 297
3 299
3 301
3 302
3 305
3 306
3 307
3 311
3 313
3 314
3 315
3 319
3 322
3 323
3 324
3 325
3 329
3 330
3 331
3 332
3 333
3 335
3 336
3 337
3 338
3 339
3 340
3 346
3 348
3 349
3 350
3 355
3 358
3 362
3 366
3 367
3 370
3 371
3 373
3 374
3 377
3 378
3 381
3 383
3 385
3 386
3 388
3 393
3 394
3 395
3 396
3 397
3 398
3 401
3 402
3 405
3 407
3 408
3 409
3 412
3 413
3 414
3 415
3 416
3 417
3 418
3 419
3 420
3 421
3 422
3 427
3 428
3 431
3 432
3 438
3 440
3 441
3 442
3 444
3 446
3 447
3 451
3 453
3 456
3 457
3 458
3 459
3 461
3 466
3 467
3 469
3 470
3 474
3 479
3 483
3 485
3 489
3 490
3 492
3 494
3 499
3 500
3 505
3 507
3 511
3 512
3 516
3 519
3 523
3 528
3 530
3 532
3 544
3 549
3 561
3 569
3 575
3 584
3 589
3 592
3 594
3 603
3 604
3 607
3 612
3 619
3 627
3 633
3 636
3 638
3 645
3 646
3 648
3 649
3 654
3 663
3 670
3 672
3 673
3 695
3 717
3 721
3 722
3 725
3 732
3 734
3 736
3 744
3 746
3 756
3 762
3 763
3 767
3 768
3 769
3 773
3 774
3 780
3 790
3 793
3 813
3 817
3 821
3 829
3 831
3 832
3 848
3 850
3 851
3 852
3 853
3 877
3 878
3 880
3 883
3 889
3 893
3 899
3 934
3 935
3 955
3 959
3 967
3 972
3 988
4 5
4 6
4 8
4 9
4 10
4 12
4 13
4 15
4 16
4 21
4 22
4 24
4 25
4 26
4 27
4 28
4 29
4 30
4 32
4 33
4 34
4 35
4 37
4 38
4 41
4 42
4 43
4 45
4 47
4 48
4 49
4 50
4 51
4 53
4 54
4 55
4 57
4 58
4 59
4 60
4 61
4 62
4 63
4 64
4 65
4 68
4 69
4 71
4 73
4 74
4 75
4 76
4 77
4 78
4 79
4 80
4 81
4 83
4 85
4 86
4 88
4 89
4 90
4 91
4 92
4 93
4 95
4 96
4 97
4 98
4 100
4 101
4 103
4 104
4 105
4 108
4 110
4 112
4 116
4 119
4 122
4 123
4 126
4 127
4 128
4 129
4 130
4 132
4 134
4 135
4 138
4 140
4 142
4 144
4 145
4 146
4 149
4 150
4 152
4 153
4 154
4 155
4 156
4 158
4 164
4 165
4 168
4 169
4 170
4 171
4 172
4 173
4 175
4 176
4 179
4 182
4 183
4 184
4 187
4 191
4 193
4 194
4 198
4 200
4 201
4 203
4 206
4 207
4 208
4 213
4 214
4 215
4 220
4 223
4 224
4 227
4 233
4 235
4 237
4 238
4 239
4 240
4 244
4 246
4 247
4 251
4 260
4 262
4 265
4 266
4 270
4 273
4 274
4 275
4 277
4 287
4 288
4 289
4 291
4 292
4 296
4 309
4 310
4 325
4 327
4 330
4 332
4 334
4 340
4 342
4 346
4 348
4 353
4 359
4 361
4 364
4 369
4 372
4 375
4 380
4 382
4 384
4 387
4 399
4 400
4 401
4 409
4 414
4 417
4 429
4 441
4 444
4 452
4 453
4 460
4 465
4 466
4 467
4 468
4 469
4 470
4 471
4 472
4 473
4 474
4 476
4 477
4 478
4 479
4 480
4 481
4 482
4 483
4 484
4 485
4 486
4 487
4 488
4 489
4 490
4 491
4 492
4 493
4 494
4 495
4 496
4 497
4 498
4 499
4 500
4 501
4 502
4 503
4 504
4 505
4 506
4 507
4 509
4 514
4 515
4 516
4 517
4 526
4 529
4 530
4 531
4 532
4 534
4 540
4 541
4 543
4 544
4 551
4 552
4 553
4 554
4 555
4 557
4 559
4 568
4 569
4 580
4 625
4 627
4 640
4 641
4 643
4 648
4 659
4 674
4 697
4 701
4 706
4 711
4 727
4 728
4 729
4 740
4 783
4 790
4 793
4 797
4 798
4 809
4 822
4 837
4 912
4 920
4 942
4 956
4 963
4 965
4 975
4 986
4 987
5 7
5 9
5 10
5 14
5 15
5 17
5 18
5 19
5 20
5 21
5 25
5 26
5 27
5 29
5 30
5 31
5 32
5 33
5 34
5 35
5 37
5 38
5 39
5 40
5 42
5 43
5 44
5 47
5 48
5 49
5 50
5 51
5 52
5 53
5 54
5 55
5 58
5 59
5 60
5 62
5 63
5 64
5 65
5 66
5 67
5 68
5 69
5 70
5 71
5 72
5 75
5 76
5 77
5 78
5 80
5 81
5 82
5 84
5 85
5 86
5 87
5 88
5 89
5 90
5 93
5 95
5 96
5 97
5 98
5 99
5 101
5 104
5 105
5 107
5 108
5 109
5 111
5 112
5 114
5 116
5 117
5 118
5 119
5 121
5 123
5 124
5 125
5 126
5 127
5 129
5 130
5 131
5 132
5 133
5 134
5 135
5 136
5 137
5 138
5 140
5 141
5 144
5 145
5 148
5 149
5 151
5 152
5 157
5 158
5 159
5 160
5 161
5 162
5 163
5 164
5 165
5 167
5 168
5 169
5 170
5 171
5 172
5 174
5 176
5 177
5 178
5 179
5 183
5 184
5 185
5 186
5 188
5 189
5 190
5 191
5 193
5 194
5 196
5 197
5 198
5 200
5 201
5 206
5 208
5 211
5 213
5 214
5 215
5 216
5 217
5 218
5 219
5 221
5 222
5 224
5 225
5 226
5 227
5 229
5 235
5 237
5 238
5 239
5 241
5 243
5 244
5 245
5 246
5 247
5 248
5 253
5 254
5 260
5 261
5 262
5 263
5 264
5 266
5 268
5 270
5 272
5 273
5 278
5 279
5 281
5 290
5 292
5 293
5 294
5 296
5 297
5 298
5 299
5 300
5 303
5 304
5 305
5 311
5 315
5 317
5 318
5 319
5 321
5 322
5 324
5 325
5 334
5 338
5 339
5 341
5 350
5 353
5 355
5 357
5 358
5 362
5 373
5 374
5 376
5 377
5 381
5 382
5 384
5 389
5 393
5 397
5 409
5 411
5 420
5 425
5 428
5 439
5 440
5 443
5 445
5 449
5 452
5 502
5 503
5 505
5 509
5 510
5 537
5 540
5 549
5 563
5 605
5 642
5 666
5 675
5 681
5 688
5 690
5 691
5 734
5 761
5 769
5 773
5 786
5 805
5 806
5 815
5 818
5 824
5 825
5 847
5 875
5 993
6 7
6 10
6 14
6 15
6 17
6 18
6 19
6 20
6 21
6 23
6 25
6 26
6 27
6 29
6 30
6 31
6 32
6 33
6 34
6 35
6 37
6 38
6 39
6 40
6 42
6 43
6 44
6 46
6 47
6 48
6 49
6 50
6 51
6 53
6 54
6 55
6 58
6 59
6 60
6 62
6 63
6 64
6 65
6 66
6 67
6 68
6 69
6 70
6 71
6 75
6 76
6 77
6 78
6 80
6 81
6 82
6 83
6 84
6 85
6 86
6 87
6 88
6 89
6 90
6 93
6 94
6 95
6 96
6 97
6 98
6 99
6 100
6 101
6 102
6 103
6 105
6 107
6 108
6 109
6 110
6 111
6 112
6 113
6 114
6 115
6 116
6 117
6 118
6 119
6 121
6 122
6 123
6 124
6 125
6 126
6 127
6 129
6 131
6 132
6 133
6 134
6 135
6 136
6 137
6 139
6 140
6 141
6 142
6 144
6 145
6 147
6 148
6 149
6 150
6 151
6 152
6 155
6 157
6 158
6 160
6 161
6 163
6 165
6 167
6 168
6 169
6 170
6 171
6 173
6 174
6 175
6 177
6 178
6 179
6 181
6 182
6 183
6 184
6 185
6 186
6 187
6 188
6 190
6 193
6 194
6 195
6 196
6 197
6 200
6 205
6 206
6 209
6 211
6 212
6 217
6 218
6 219
6 221
6 222
6 226
6 227
6 229
6 233
6 238
6 241
6 243
6 245
6 248
6 249
6 253
6 254
6 257
6 258
6 260
6 261
6 265
6 266
6 268
6 271
6 278
6 280
6 281
6 282
6 287
6 288
6 290
6 291
6 292
6 294
6 296
6 298
6 302
6 304
6 305
6 308
6 310
6 311
6 313
6 316
6 317
6 319
6 325
6 329
6 330
6 332
6 333
6 334
6 343
6 344
6 353
6 356
6 368
6 370
6 371
6 373
6 377
6 381
6 383
6 386
6 390
6 391
6 392
6 393
6 394
6 397
6 398
6 401
6 404
6 406
6 418
6 435
6 487
6 500
6 502
6 534
6 538
6 541
6 565
6 573
6 582
6 583
6 595
6 603
6 616
6 617
6 621
6 645
6 653
6 657
6 667
6 678
6 680
6 727
6 733
6 744
6 782
6 789
6 811
6 812
6 827
6 851
6 868
6 882
6 939
6 973
6 984
7 8
7 9
7 10
7 11
7 12
7 13
7 16
7 18
7 21
7 22
7 25
7 27
7 28
7 29
7 30
7 32
7 33
7 34
7 35
7 36
7 37
7 38
7 40
7 42
7 43
7 46
7 47
7 48
7 49
7 50
7 51
7 52
7 53
7 54
7 55
7 58
7 59
7 60
7 61
7 62
7 64
7 67
7 68
7 69
7 71
7 73
7 74
7 75
7 76
7 78
7 80
7 81
7 82
7 83
7 84
7 85
7 86
7 87
7 89
7 90
7 93
7 95
7 97
7 99
7 101
7 102
7 103
7 106
7 110
7 111
7 112
7 116
7 120
7 122
7 124
7 128
7 131
7 133
7 135
7 136
7 137
7 140
7 141
7 142
7 145
7 147
7 153
7 157
7 158
7 160
7 164
7 167
7 170
7 171
7 172
7 173
7 176
7 177
7 179
7 182
7 183
7 185
7 187
7 189
7 190
7 192
7 194
7 198
7 200
7 203
7 205
7 206
7 208
7 210
7 211
7 213
7 216
7 218
7 220
7 221
7 226
7 227
7 229
7 232
7 233
7 234
7 235
7 237
7 245
7 246
7 249
7 252
7 253
7 255
7 256
7 257
7 258
7 259
7 261
7 262
7 263
7 264
7 266
7 267
7 277
7 278
7 280
7 287
7 291
7 302
7 303
7 305
7 306
7 307
7 309
7 310
7 311
7 313
7 318
7 319
7 321
7 322
7 323
7 327
7 344
7 345
7 351
7 361
7 371
7 372
7 373
7 375
7 386
7 388
7 394
7 398
7 401
7 402
7 411
7 412
7 418
7 419
7 420
7 422
7 429
7 433
7 436
7 438
7 448
7 460
7 462
7 465
7 471
7 476
7 488
7 501
7 515
7 518
7 538
7 550
7 601
7 602
7 608
7 611
7 655
7 684
7 702
7 724
7 726
7 764
7 794
7 799
7 819
7 830
7 834
7 840
7 855
7 870
7 884
7 931
7 958
7 994
7 996
8 10
8 11
8 14
8 16
8 17
8 19
8 21
8 25
8 27
8 29
8 32
8 33
8 37
8 38
8 41
8 42
8 43
8 45
8 47
8 48
8 49
8 51
8 53
8 55
8 56
8 57
8 58
8 59
8 62
8 64
8 65
8 68
8 71
8 75
8 76
8 77
8 78
8 80
8 83
8 84
8 85
8 86
8 87
8 89
8 90
8 92
8 93
8 95
8 99
8 100
8 102
8 103
8 104
8 107
8 112
8 114
8 122
8 125
8 128
8 129
8 130
8 132
8 134
8 137
8 138
8 139
8 140
8 141
8 144
8 146
8 149
8 153
8 154
8 156
8 157
8 158
8 159
8 164
8 165
8 167
8 170
8 177
8 179
8 180
8 182
8 183
8 184
8 187
8 188
8 193
8 194
8 197
8 199
8 201
8 203
8 206
8 207
8 208
8 212
8 213
8 214
8 217
8 218
8 229
8 233
8 235
8 239
8 245
8 249
8 250
8 253
8 256
8 261
8 262
8 264
8 265
8 271
8 273
8 275
8 276
8 279
8 280
8 281
8 292
8 295
8 298
8 299
8 306
8 318
8 326
8 327
8 342
8 343
8 353
8 364
8 367
8 369
8 371
8 380
8 388
8 404
8 418
8 431
8 435
8 444
8 456
8 467
8 491
8 493
8 495
8 499
8 513
8 514
8 548
8 550
8 572
8 634
8 665
8 674
8 701
8 718
8 753
8 755
8 777
8 810
8 815
8 849
8 895
8 902
8 910
8 969
8 981
8 992
9 10
9 14
9 17
9 18
9 19
9 21
9 23
9 25
9 26
9 33
9 34
9 35
9 36
9 39
9 40
9 42
9 43
9 44
9 46
9 47
9 48
9 49
9 50
9 51
9 52
9 53
9 60
9 64
9 68
9 69
9 75
9 78
9 81
9 82
9 84
9 85
9 87
9 89
9 90
9 95
9 100
9 102
9 105
9 107
9 108
9 109
9 123
9 129
9 133
9 142
9 145
9 147
9 149
9 151
9 152
9 157
9 159
9 165
9 167
9 168
9 170
9 182
9 186
9 187
9 189
9 190
9 191
9 193
9 195
9 201
9 205
9 210
9 211
9 213
9 214
9 215
9 221
9 223
9 224
9 229
9 232
9 234
9 235
9 238
9 245
9 249
9 253
9 259
9 263
9 266
9 267
9 269
9 273
9 275
9 278
9 279
9 280
9 284
9 285
9 291
9 296
9 302
9 305
9 312
9 313
9 321
9 332
9 338
9 341
9 344
9 345
9 354
9 360
9 361
9 380
9 381
9 382
9 384
9 385
9 386
9 387
9 389
9 391
9 392
9 393
9 397
9 398
9 405
9 407
9 408
9 412
9 415
9 419
9 422
9 463
9 471
9 476
9 480
9 489
9 511
9 823
9 840
9 932
9 933
9 977
10 11
10 12
10 13
10 14
10 16
10 17
10 18
10 19
10 20
10 21
10 22
10 23
10 27
10 28
10 29
10 30
10 32
10 33
10 34
10 35
10 37
10 38
10 39
10 40
10 41
10 42
10 43
10 44
10 45
10 47
10 48
10 49
10 50
10 51
10 53
10 54
10 55
10 56
10 57
10 58
10 59
10 62
10 64
10 68
10 69
10 75
10 76
10 77
10 78
10 79
10 80
10 83
10 84
10 85
10 86
10 89
10 90
10 91
10 92
10 93
10 94
10 95
10 97
10 98
10 99
10 100
10 101
10 104
10 106
10 107
10 109
10 111
10 118
10 122
10 125
10 127
10 128
10 130
10 132
10 133
10 134
10 135
10 137
10 139
10 140
10 144
10 146
10 147
10 148
10 149
10 151
10 153
10 154
10 155
10 156
10 157
10 160
10 163
10 164
10 165
10 166
10 170
10 174
10 175
10 177
10 179
10 186
10 191
10 192
10 196
10 202
10 203
10 206
10 207
10 209
10 211
10 212
10 217
10 218
10 224
10 225
10 230
10 231
10 235
10 240
10 241
10 243
10 244
10 250
10 251
10 252
10 253
10 256
10 261
10 263
10 267
10 275
10 290
10 292
10 301
10 304
10 308
10 309
10 314
10 316
10 317
10 327
10 336
10 340
10 342
10 343
10 347
10 356
10 357
10 358
10 367
10 369
10 370
10 384
10 387
10 406
10 408
10 417
10 459
10 487
10 497
10 522
10 577
10 632
10 658
10 712
10 741
10 794
10 836
10 970
10 982
11 16
11 21
11 25
11 29
11 30
11 32
11 33
11 34
11 35
11 37
11 38
11 39
11 40
11 41
11 42
11 45
11 47
11 48
11 49
11 51
11 53
11 55
11 58
11 59
11 62
11 64
11 65
11 68
11 71
11 72
11 76
11 77
11 78
11 79
11 80
11 83
11 84
11 86
11 89
11 91
11 93
11 94
11 95
11 98
11 99
11 100
11 101
11 103
11 104
11 107
11 114
11 122
11 126
11 128
11 130
11 131
11 133
11 134
11 137
11 139
11 141
11 144
11 148
11 150
11 152
11 153
11 154
11 156
11 158
11 160
11 165
11 166
11 168
11 170
11 173
11 175
11 177
11 179
11 180
11 183
11 187
11 188
11 191
11 194
11 196
11 197
11 198
11 203
11 208
11 212
11 214
11 215
11 217
11 218
11 227
11 235
11 237
11 244
11 250
11 255
11 262
11 263
11 286
11 292
11 293
11 294
11 296
11 298
11 299
11 300
11 311
11 316
11 317
11 318
11 326
11 328
11 330
11 336
11 342
11 353
11 357
11 367
11 370
11 411
11 414
11 416
11 418
11 430
11 434
11 439
11 447
11 453
11 461
11 473
11 495
11 498
11 499
11 501
11 522
11 529
11 552
11 554
11 556
11 559
11 560
11 573
11 640
11 656
11 680
11 721
11 724
11 726
11 732
11 807
11 817
11 857
11 897
11 919
11 925
11 944
11 945
12 14
12 15
12 17
12 18
12 19
12 20
12 21
12 25
12 26
12 27
12 28
12 29
12 30
12 31
12 32
12 33
12 34
12 35
12 36
12 37
12 38
12 39
12 40
12 42
12 43
12 44
12 46
12 47
12 48
12 49
12 50
12 51
12 52
12 53
12 54
12 55
12 58
12 59
12 60
12 62
12 63
12 64
12 65
12 66
12 67
12 68
12 70
12 74
12 75
12 76
12 77
12 78
12 80
12 82
12 83
12 84
12 85
12 88
12 89
12 90
12 95
12 97
12 98
12 99
12 100
12 101
12 102
12 107
12 108
12 109
12 111
12 112
12 113
12 114
12 115
12 116
12 117
12 118
12 120
12 123
12 124
12 125
12 126
12 127
12 128
12 129
12 130
12 132
12 133
12 134
12 135
12 136
12 137
12 138
12 140
12 141
12 142
12 144
12 146
12 147
12 148
12 149
12 151
12 152
12 153
12 157
12 158
12 159
12 160
12 162
12 164
12 168
12 171
12 173
12 174
12 177
12 178
12 181
12 182
12 186
12 188
12 189
12 191
12 192
12 196
12 198
12 208
12 214
12 215
12 217
12 219
12 221
12 226
12 227
12 228
12 233
12 235
12 249
12 271
12 275
12 284
12 290
12 291
12 294
12 295
12 297
12 298
12 300
12 312
12 315
12 328
12 343
12 344
12 350
12 353
12 370
12 371
12 372
12 389
12 408
12 410
12 446
12 463
12 466
12 475
12 496
12 512
12 521
12 567
12 568
12 606
12 619
12 628
12 675
12 708
12 751
12 761
13 14
13 15
13 17
13 18
13 19
13 20
13 21
13 22
13 24
13 25
13 26
13 29
13 30
13 31
13 32
13 33
13 34
13 37
13 38
13 39
13 40
13 42
13 43
13 44
13 46
13 47
13 48
13 49
13 50
13 52
13 53
13 54
13 55
13 58
13 59
13 60
13 62
13 63
13 64
13 65
13 66
13 67
13 68
13 70
13 71
13 75
13 76
13 77
13 80
13 81
13 82
13 84
13 85
13 86
13 88
13 89
13 91
13 93
13 95
13 96
13 97
13 100
13 102
13 104
13 108
13 109
13 112
13 113
13 115
13 117
13 118
13 121
13 122
13 124
13 125
13 128
13 129
13 133
13 134
13 135
13 136
13 142
13 144
13 147
13 149
13 150
13 151
13 158
13 160
13 164
13 169
13 174
13 177
13 178
13 186
13 191
13 192
13 194
13 200
13 205
13 206
13 208
13 213
13 214
13 219
13 221
13 222
13 226
13 227
13 229
13 231
13 233
13 234
13 237
13 242
13 244
13 248
13 249
13 251
13 252
13 255
13 257
13 258
13 260
13 263
13 266
13 267
13 271
13 273
13 281
13 282
13 285
13 286
13 290
13 293
13 303
13 308
13 311
13 313
13 320
13 324
13 325
13 330
13 332
13 339
13 355
13 365
13 370
13 374
13 380
13 384
13 386
13 396
13 406
13 413
13 475
13 504
13 514
13 523
13 534
13 539
13 589
13 590
13 609
13 625
13 749
13 785
13 823
13 898
14 16
14 20
14 21
14 22
14 25
14 29
14 30
14 32
14 33
14 34
14 37
14 38
14 41
14 42
14 43
14 47
14 49
14 50
14 51
14 53
14 54
14 55
14 58
14 59
14 61
14 62
14 64
14 69
14 73
14 74
14 76
14 78
14 79
14 80
14 83
14 85
14 90
14 91
14 92
14 94
14 97
14 98
14 99
14 100
14 102
14 103
14 105
14 110
14 111
14 115
14 116
14 121
14 124
14 125
14 128
14 129
14 134
14 137
14 140
14 144
14 154
14 155
14 156
14 157
14 162
14 164
14 165
14 166
14 171
14 175
14 181
14 183
14 185
14 186
14 187
14 188
14 191
14 193
14 199
14 201
14 204
14 207
14 209
14 212
14 218
14 226
14 238
14 244
14 246
14 248
14 253
14 260
14 263
14 265
14 268
14 279
14 285
14 293
14 299
14 311
14 314
14 330
14 333
14 339
14 343
14 352
14 355
14 365
14 379
14 413
14 417
14 440
14 446
14 448
14 455
14 457
14 460
14 470
14 482
14 494
14 588
14 618
14 642
14 660
14 693
14 715
14 720
14 752
14 771
14 792
14 812
14 832
14 842
14 843
14 846
14 847
14 872
14 943
14 948
14 990
15 18
15 20
15 21
15 22
15 24
15 26
15 27
15 28
15 29
15 30
15 32
15 33
15 34
15 35
15 37
15 38
15 40
15 44
15 48
15 49
15 50
15 51
15 55
15 58
15 62
15 68
15 69
15 73
15 76
15 78
15 80
15 81
15 82
15 83
15 84
15 85
15 86
15 87
15 88
15 102
15 103
15 104
15 106
15 108
15 110
15 116
15 119
15 125
15 126
15 128
15 131
15 132
15 133
15 138
15 140
15 142
15 145
15 147
15 150
15 154
15 167
15 168
15 173
15 179
15 182
15 186
15 190
15 191
15 192
15 196
15 201
15 205
15 210
15 211
15 213
15 215
15 220
15 229
15 233
15 234
15 239
15 245
15 259
15 261
15 263
15 266
15 269
15 273
15 274
15 275
15 277
15 284
15 288
15 302
15 325
15 334
15 345
15 348
15 360
15 369
15 377
15 384
15 386
15 394
15 397
15 406
15 411
15 430
15 431
15 438
15 452
15 456
15 519
15 531
15 536
15 548
15 553
15 594
15 654
15 670
15 704
15 798
15 809
16 17
16 19
16 21
16 25
16 27
16 29
16 30
16 32
16 33
16 37
16 38
16 42
16 45
16 48
16 49
16 51
16 53
16 55
16 58
16 59
16 62
16 65
16 69
16 71
16 72
16 75
16 76
16 78
16 79
16 80
16 83
16 85
16 86
16 89
16 91
16 92
16 98
16 99
16 100
16 101
16 104
16 106
16 107
16 122
16 126
16 128
16 130
16 132
16 133
16 138
16 139
16 140
16 141
16 142
16 145
16 146
16 147
16 149
16 155
16 156
16 158
16 165
16 167
16 168
16 170
16 173
16 177
16 183
16 187
16 191
16 194
16 196
16 198
16 199
16 203
16 207
16 212
16 215
16 227
16 240
16 244
16 246
16 250
16 256
16 262
16 264
16 265
16 267
16 271
16 272
16 294
16 298
16 300
16 309
16 322
16 327
16 330
16 335
16 343
16 352
16 353
16 357
16 358
16 370
16 375
16 380
16 384
16 387
16 395
16 402
16 420
16 430
16 439
16 453
16 461
16 465
16 478
16 516
16 524
16 539
16 552
16 558
16 596
16 605
16 651
16 659
16 668
16 673
16 681
16 700
16 742
16 748
16 755
16 807
16 833
16 856
16 891
16 896
16 966
17 20
17 21
17 22
17 25
17 28
17 30
17 32
17 33
17 37
17 38
17 41
17 42
17 43
17 45
17 47
17 49
17 50
17 57
17 58
17 59
17 60
17 61
17 62
17 69
17 71
17 73
17 74
17 76
17 78
17 83
17 85
17 90
17 93
17 101
17 103
17 104
17 105
17 110
17 111
17 112
17 113
17 124
17 127
17 128
17 129
17 133
17 134
17 135
17 137
17 139
17 140
17 144
17 148
17 149
17 152
17 155
17 158
17 159
17 162
17 175
17 185
17 194
17 195
17 204
17 216
17 223
17 227
17 246
17 271
17 272
17 294
17 296
17 301
17 328
17 331
17 356
17 366
17 371
17 375
17 414
17 421
17 424
17 472
17 481
17 490
17 503
17 507
17 521
17 542
17 558
17 579
17 590
17 607
17 694
17 714
17 728
17 735
17 788
18 20
18 21
18 27
18 29
18 35
18 36
18 42
18 46
18 47
18 48
18 51
18 52
18 54
18 55
18 59
18 60
18 65
18 69
18 71
18 73
18 74
18 75
18 78
18 81
18 82
18 83
18 84
18 86
18 87
18 90
18 94
18 95
18 102
18 106
18 110
18 124
18 127
18 131
18 132
18 134
18 135
18 136
18 140
18 144
18 145
18 158
18 165
18 174
18 175
18 184
18 192
18 201
18 205
18 210
18 211
18 217
18 221
18 225
18 232
18 234
18 235
18 249
18 253
18 258
18 259
18 261
18 262
18 263
18 264
18 275
18 276
18 278
18 279
18 281
18 282
18 283
18 284
18 287
18 288
18 289
18 290
18 293
18 294
18 295
18 297
18 301
18 302
18 307
18 319
18 321
18 323
18 326
18 328
18 338
18 339
18 341
18 343
18 344
18 349
18 350
18 352
18 354
18 360
18 373
18 374
18 375
18 388
18 389
18 390
18 391
18 394
18 397
18 398
18 402
18 412
18 414
18 415
18 426
18 429
18 433
18 436
18 448
18 469
18 485
18 487
18 491
18 504
18 517
18 527
18 531
18 533
18 544
18 585
18 592
18 630
18 666
18 676
18 688
18 692
18 731
18 747
18 748
18 764
18 767
18 775
18 787
18 789
18 799
18 814
18 824
18 826
18 828
18 830
18 886
18 892
18 901
18 908
18 924
18 940
18 953
18 991
19 21
19 22
19 25
19 27
19 29
19 30
19 32
19 33
19 34
19 35
19 37
19 41
19 42
19 45
19 47
19 48
19 49
19 50
19 51
19 53
19 54
19 55
19 57
19 58
19 59
19 60
19 61
19 64
19 65
19 67
19 68
19 69
19 71
19 75
19 76
19 78
19 79
19 80
19 85
19 86
19 89
19 93
19 95
19 97
19 98
19 99
19 100
19 101
19 102
19 103
19 104
19 106
19 110
19 111
19 112
19 116
19 123
19 126
19 128
19 137
19 140
19 141
19 144
19 154
19 156
19 165
19 166
19 170
19 179
19 189
19 194
19 195
19 196
19 197
19 203
19 206
19 207
19 238
19 240
19 244
19 256
19 265
19 292
19 295
19 300
19 303
19 308
19 309
19 321
19 322
19 327
19 330
19 334
19 350
19 351
19 353
19 357
19 358
19 420
19 434
19 435
19 489
19 520
19 525
19 547
19 600
19 611
19 629
19 649
19 762
19 835
19 836
19 838
20 23
20 25
20 26
20 27
20 28
20 29
20 32
20 33
20 34
20 35
20 36
20 37
20 39
20 40
20 41
20 43
20 44
20 49
20 51
20 53
20 54
20 55
20 58
20 62
20 64
20 68
20 69
20 70
20 71
20 75
20 76
20 77
20 81
20 82
20 84
20 88
20 89
20 90
20 97
20 103
20 106
20 110
20 116
20 117
20 119
20 123
20 124
20 125
20 126
20 132
20 140
20 141
20 145
20 149
20 156
20 159
20 162
20 167
20 169
20 171
20 172
20 192
20 194
20 195
20 218
20 223
20 232
20 246
20 251
20 252
20 257
20 259
20 261
20 271
20 307
20 308
20 323
20 329
20 331
20 335
20 349
20 361
20 370
20 374
20 390
20 399
20 403
20 410
20 551
20 710
21 22
21 23
21 26
21 27
21 28
21 29
21 30
21 31
21 32
21 33
21 34
21 35
21 37
21 38
21 39
21 40
21 41
21 42
21 43
21 44
21 48
21 49
21 50
21 52
21 53
21 54
21 55
21 57
21 58
21 59
21 61
21 62
21 63
21 64
21 65
21 68
21 69
21 70
21 74
21 75
21 77
21 79
21 80
21 82
21 83
21 86
21 87
21 88
21 89
21 92
21 93
21 95
21 97
21 99
21 101
21 103
21 105
21 106
21 107
21 109
21 113
21 115
21 119
21 127
21 129
21 137
21 154
21 161
21 165
21 169
21 173
21 174
21 185
21 187
21 195
21 197
21 201
21 205
21 206
21 213
21 215
21 228
21 247
21 249
21 250
21 257
21 258
21 259
21 285
21 286
21 288
21 297
21 308
21 327
21 329
21 348
21 349
21 356
21 366
21 368
21 384
21 385
21 388
21 404
21 407
21 424
21 426
21 431
21 530
21 581
21 776
22 25
22 27
22 29
22 30
22 33
22 34
22 35
22 37
22 40
22 44
22 47
22 48
22 49
22 50
22 51
22 52
22 53
22 55
22 58
22 59
22 62
22 63
22 64
22 65
22 66
22 68
22 75
22 83
22 85
22 87
22 89
22 90
22 93
22 94
22 97
22 98
22 101
22 102
22 107
22 109
22 111
22 112
22 115
22 116
22 119
22 120
22 128
22 133
22 135
22 136
22 145
22 151
22 152
22 160
22 163
22 167
22 168
22 171
22 174
22 176
22 178
22 185
22 186
22 187
22 190
22 194
22 200
22 204
22 206
22 208
22 210
22 211
22 214
22 222
22 229
22 233
22 242
22 245
22 269
22 270
22 287
22 296
22 302
22 334
22 344
22 418
22 445
22 475
22 492
22 496
22 507
22 509
22 582
22 792
22 918
23 25
23 27
23 29
23 30
23 32
23 33
23 34
23 36
23 37
23 42
23 47
23 48
23 51
23 52
23 54
23 55
23 59
23 60
23 62
23 64
23 68
23 69
23 71
23 78
23 82
23 84
23 85
23 86
23 87
23 89
23 97
23 112
23 123
23 127
23 133
23 137
23 140
23 144
23 147
23 165
23 167
23 170
23 171
23 172
23 174
23 183
23 185
23 186
23 189
23 190
23 191
23 206
23 207
23 210
23 213
23 220
23 225
23 226
23 229
23 232
23 233
23 234
23 235
23 249
23 252
23 253
23 262
23 263
23 264
23 267
23 274
23 279
23 280
23 281
23 290
23 294
23 295
23 298
23 300
23 317
23 320
23 321
23 326
23 373
23 376
23 394
23 401
23 415
23 419
23 422
23 426
23 449
23 455
23 478
23 526
23 730
23 849
23 913
24 25
24 26
24 35
24 46
24 424
24 425
24 426
24 427
24 429
24 430
24 431
24 432
24 433
24 434
24 435
24 436
24 437
24 439
24 440
24 442
24 443
24 445
24 446
24 447
24 448
24 449
24 450
24 451
24 452
24 454
24 455
24 456
24 459
24 460
24 462
24 463
24 475
24 501
25 26
25 27
25 28
25 29
25 33
25 35
25 37
25 41
25 42
25 45
25 50
25 51
25 52
25 58
25 59
25 63
25 64
25 65
25 68
25 69
25 73
25 79
25 83
25 84
25 85
25 87
25 89
25 90
25 91
25 92
25 94
25 101
25 110
25 111
25 112
25 115
25 123
25 126
25 131
25 133
25 139
25 144
25 146
25 153
25 154
25 164
25 168
25 172
25 190
25 192
25 196
25 201
25 202
25 207
25 214
25 221
25 234
25 242
25 251
25 252
25 268
25 270
25 273
25 284
25 287
25 294
25 305
25 315
25 340
25 342
25 376
25 382
25 408
25 471
25 540
25 563
25 667
25 679
25 816
25 845
25 914
26 27
26 29
26 30
26 31
26 33
26 34
26 35
26 37
26 38
26 47
26 54
26 55
26 56
26 58
26 59
26 67
26 73
26 74
26 77
26 81
26 83
26 86
26 88
26 89
26 90
26 98
26 101
26 102
26 112
26 119
26 122
26 126
26 135
26 149
26 150
26 158
26 161
26 167
26 168
26 169
26 170
26 173
26 177
26 182
26 184
26 185
26 191
26 201
26 247
26 255
26 263
26 273
26 312
26 329
26 346
26 359
26 361
26 484
26 513
26 614
26 622
26 716
26 778
26 820
26 869
27 30
27 32
27 33
27 34
27 37
27 38
27 39
27 40
27 41
27 42
27 44
27 48
27 49
27 50
27 53
27 54
27 56
27 58
27 59
27 60
27 62
27 63
27 65
27 68
27 70
27 71
27 75
27 77
27 78
27 81
27 82
27 83
27 84
27 87
27 88
27 95
27 96
27 99
27 100
27 101
27 107
27 109
27 110
27 111
27 118
27 119
27 120
27 135
27 142
27 160
27 164
27 167
27 171
27 174
27 179
27 180
27 182
27 183
27 184
27 187
27 192
27 197
27 199
27 200
27 203
27 205
27 221
27 225
27 235
27 247
27 252
27 275
27 277
27 286
27 287
27 290
27 305
27 335
27 350
27 351
27 381
27 385
27 388
27 404
28 29
28 30
28 34
28 37
28 38
28 39
28 40
28 44
28 47
28 48
28 50
28 51
28 53
28 59
28 60
28 62
28 65
28 67
28 68
28 69
28 71
28 77
28 84
28 89
28 90
28 93
28 99
28 111
28 113
28 125
28 126
28 133
28 135
28 137
28 148
28 151
28 173
28 176
28 179
28 182
28 184
28 185
28 186
28 189
28 192
28 193
28 200
28 208
28 211
28 215
28 221
28 233
28 234
28 247
28 269
28 280
28 284
28 285
28 290
28 296
28 308
28 316
28 326
28 346
28 386
28 416
28 524
28 562
28 578
28 591
28 698
28 979
29 30
29 32
29 33
29 34
29 35
29 37
29 38
29 41
29 42
29 49
29 50
29 57
29 58
29 61
29 62
29 65
29 71
29 75
29 76
29 78
29 79
29 80
29 85
29 90
29 91
29 97
29 98
29 101
29 103
29 106
29 107
29 111
29 112
29 114
29 120
29 125
29 127
29 132
29 133
29 135
29 136
29 145
29 146
29 156
29 174
29 187
29 195
29 196
29 209
29 250
29 303
29 308
29 309
29 319
29 330
29 336
29 340
29 356
29 387
29 466
29 510
29 524
29 538
29 539
29 577
29 623
29 779
29 871
30 32
30 33
30 37
30 39
30 41
30 42
30 43
30 46
30 47
30 48
30 49
30 51
30 52
30 63
30 67
30 73
30 74
30 85
30 87
30 88
30 95
30 102
30 105
30 109
30 119
30 123
30 126
30 129
30 138
30 139
30 147
30 149
30 172
30 178
30 180
30 184
30 190
30 195
30 202
30 221
30 231
30 254
30 284
30 287
30 297
30 333
30 338
30 361
30 369
30 437
30 472
30 665
30 957
31 32
31 38
31 43
31 50
31 51
31 74
31 78
31 88
31 96
31 103
31 110
31 111
31 112
31 113
31 129
31 148
31 152
31 155
31 157
31 162
31 212
31 216
31 238
31 242
31 285
31 299
31 301
31 314
31 324
31 333
31 337
31 339
31 355
31 366
31 407
31 413
31 427
31 443
31 458
31 494
31 700
31 739
31 937
31 941
31 950
31 985
32 33
32 35
32 37
32 40
32 48
32 49
32 50
32 51
32 52
32 53
32 57
32 59
32 60
32 62
32 63
32 65
32 67
32 68
32 69
32 75
32 79
32 83
32 89
32 91
32 92
32 94
32 95
32 97
32 99
32 101
32 103
32 106
32 107
32 111
32 112
32 114
32 118
32 128
32 134
32 137
32 139
32 141
32 150
32 155
32 158
32 164
32 179
32 182
32 200
32 206
32 228
32 230
32 240
32 246
32 295
32 304
32 321
32 439
32 495
32 513
32 525
32 547
32 760
33 34
33 35
33 37
33 39
33 40
33 41
33 42
33 49
33 52
33 55
33 58
33 60
33 61
33 62
33 73
33 75
33 76
33 80
33 83
33 89
33 90
33 92
33 97
33 98
33 99
33 100
33 101
33 104
33 122
33 123
33 124
33 131
33 141
33 157
33 167
33 175
33 176
33 186
33 189
33 196
33 202
33 209
33 230
33 250
33 295
33 310
33 315
33 330
33 347
33 372
33 541
33 652
33 930
34 35
34 36
34 37
34 44
34 48
34 49
34 50
34 51
34 54
34 58
34 61
34 65
34 67
34 77
34 80
34 85
34 87
34 89
34 92
34 99
34 102
34 104
34 107
34 115
34 123
34 139
34 147
34 151
34 162
34 199
34 207
34 231
34 250
34 251
34 276
34 287
34 315
34 327
34 382
34 399
34 404
34 446
34 462
34 528
34 703
34 853
34 971
35 37
35 38
35 40
35 42
35 44
35 47
35 48
35 49
35 52
35 53
35 54
35 58
35 59
35 60
35 62
35 63
35 64
35 65
35 68
35 70
35 75
35 76
35 77
35 80
35 81
35 93
35 96
35 97
35 99
35 100
35 108
35 114
35 119
35 120
35 130
35 132
35 174
35 186
35 210
35 225
35 231
35 269
35 286
35 303
35 305
36 40
36 44
36 46
36 52
36 84
36 354
36 360
36 361
36 362
36 363
36 364
36 365
36 367
36 368
36 371
36 372
36 373
36 375
36 376
36 378
36 383
36 386
36 390
36 394
36 395
36 396
36 854
37 40
37 41
37 42
37 44
37 45
37 47
37 48
37 49
37 52
37 54
37 55
37 57
37 58
37 59
37 64
37 66
37 71
37 76
37 80
37 83
37 85
37 86
37 89
37 91
37 98
37 99
37 100
37 101
37 103
37 106
37 107
37 124
37 128
37 134
37 146
37 155
37 156
37 160
37 161
37 180
37 189
37 195
37 196
37 197
37 202
37 230
37 254
37 306
37 340
37 517
37 598
38 40
38 44
38 45
38 49
38 50
38 52
38 55
38 67
38 70
38 71
38 75
38 77
38 85
38 87
38 89
38 93
38 94
38 95
38 100
38 101
38 103
38 112
38 115
38 122
38 131
38 151
38 154
38 159
38 175
38 184
38 185
38 194
38 205
38 220
38 234
38 240
38 359
38 360
38 361
38 367
38 388
38 398
38 412
38 545
38 551
39 45
39 51
39 55
39 71
39 74
39 75
39 76
39 81
39 88
39 108
39 126
39 127
39 130
39 136
39 149
39 150
39 172
39 182
39 184
39 191
39 196
39 201
39 203
39 208
39 220
39 239
39 243
39 251
39 254
39 310
39 346
39 378
39 451
39 545
39 661
40 42
40 45
40 48
40 50
40 51
40 54
40 62
40 68
40 74
40 78
40 82
40 84
40 87
40 90
40 91
40 102
40 112
40 120
40 122
40 132
40 140
40 147
40 160
40 163
40 167
40 172
40 179
40 192
40 205
40 210
40 213
40 227
40 234
40 257
40 259
40 262
40 266
40 269
40 287
40 319
40 338
40 406
40 422
40 447
40 480
40 683
41 42
41 45
41 49
41 58
41 59
41 62
41 67
41 72
41 75
41 76
41 79
41 83
41 85
41 87
41 91
41 93
41 101
41 109
41 130
41 152
41 156
41 158
41 180
41 183
41 187
41 198
41 289
41 300
41 364
41 376
41 387
41 402
41 473
41 477
41 543
41 657
41 682
41 861
42 44
42 47
42 48
42 50
42 52
42 53
42 54
42 55
42 56
42 59
42 60
42 62
42 63
42 64
42 65
42 67
42 85
42 86
42 87
42 93
42 95
42 97
42 107
42 116
42 124
42 131
42 164
42 165
42 166
42 170
42 175
42 197
42 207
42 211
42 218
42 230
42 264
42 281
42 295
42 317
42 435
42 497
42 570
42 586
42 735
42 741
43 45
43 49
43 53
43 54
43 61
43 73
43 74
43 83
43 89
43 114
43 117
43 131
43 152
43 155
43 157
43 158
43 159
43 162
43 183
43 184
43 193
43 227
43 248
43 255
43 293
43 324
43 328
43 337
43 355
43 365
43 385
43 486
43 535
43 713
43 814
43 822
44 48
44 51
44 54
44 62
44 78
44 81
44 82
44 84
44 87
44 93
44 102
44 106
44 124
44 128
44 131
44 132
44 133
44 135
44 140
44 141
44 144
44 147
44 164
44 167
44 177
44 190
44 194
44 205
44 210
44 225
44 230
44 233
44 234
44 246
44 248
44 249
44 257
44 259
44 278
44 295
44 326
44 409
44 422
44 462
44 533
44 578
44 624
44 738
45 48
45 53
45 54
45 56
45 57
45 58
45 59
45 60
45 62
45 67
45 78
45 85
45 87
45 97
45 102
45 103
45 116
45 120
45 123
45 124
45 126
45 127
45 131
45 145
45 160
45 181
45 193
45 199
45 219
45 222
45 224
45 226
45 232
45 235
45 237
45 238
45 244
45 310
45 322
45 375
45 389
45 392
45 437
45 443
45 459
45 484
45 698
46 72
46 82
46 203
46 323
46 347
46 350
46 352
46 354
46 356
46 357
46 358
46 369
46 370
46 374
46 377
46 388
47 49
47 52
47 56
47 73
47 74
47 86
47 110
47 138
47 144
47 170
47 175
47 178
47 317
47 318
47 319
47 320
47 321
47 323
47 324
47 325
47 326
47 329
47 331
47 332
47 333
47 353
47 383
48 53
48 54
48 55
48 62
48 73
48 79
48 82
48 83
48 87
48 92
48 95
48 97
48 107
48 110
48 136
48 139
48 140
48 141
48 155
48 165
48 167
48 221
48 235
48 245
48 246
48 287
48 347
48 352
48 353
48 422
48 621
48 754
49 52
49 56
49 57
49 58
49 59
49 62
49 64
49 69
49 73
49 76
49 77
49 79
49 86
49 87
49 93
49 97
49 98
49 101
49 113
49 122
49 124
49 153
49 190
49 194
49 196
49 210
49 226
49 230
49 231
49 254
49 258
49 294
49 315
49 409
49 888
49 995
50 54
50 55
50 60
50 66
50 69
50 75
50 76
50 77
50 89
50 90
50 91
50 94
50 102
50 103
50 112
50 114
50 123
50 125
50 126
50 131
50 132
50 133
50 136
50 137
50 151
50 154
50 155
50 158
50 162
50 165
50 200
50 221
50 224
50 229
50 361
50 364
51 58
51 77
51 78
51 80
51 83
51 85
51 87
51 102
51 106
51 129
51 134
51 135
51 140
51 142
51 145
51 157
51 167
51 192
51 213
51 262
51 273
51 278
51 341
51 367
51 377
51 770
51 845
51 907
52 53
52 64
52 71
52 73
52 76
52 86
52 97
52 106
52 110
52 112
52 125
52 140
52 148
52 158
52 165
52 177
52 187
52 198
52 232
52 235
52 237
52 300
52 309
52 321
52 322
52 396
52 411
52 454
52 467
52 536
53 55
53 56
53 57
53 59
53 62
53 64
53 71
53 73
53 76
53 78
53 79
53 80
53 86
53 94
53 97
53 102
53 119
53 123
53 139
53 187
53 195
53 198
53 206
53 264
53 294
53 352
53 358
53 525
53 641
54 55
54 58
54 59
54 63
54 64
54 65
54 69
54 77
54 94
54 101
54 106
54 132
54 135
54 174
54 179
54 184
54 185
54 190
54 206
54 235
54 262
54 270
54 290
54 301
54 440
54 574
54 587
54 723
54 737
54 900
55 56
55 59
55 60
55 62
55 64
55 70
55 71
55 73
55 80
55 93
55 96
55 102
55 103
55 110
55 120
55 128
55 136
55 147
55 225
55 286
55 315
55 368
56 59
56 76
56 86
56 89
56 92
56 101
56 122
56 128
56 139
56 141
56 149
56 153
56 160
56 183
56 227
56 230
56 279
56 298
56 306
56 376
56 461
56 464
56 520
56 537
56 614
56 714
57 58
57 71
57 76
57 79
57 91
57 101
57 115
57 139
57 142
57 145
57 158
57 160
57 177
57 180
57 207
57 259
57 294
57 377
57 387
57 420
57 464
57 834
58 59
58 63
58 73
58 80
58 83
58 94
58 96
58 98
58 101
58 106
58 110
58 111
58 112
58 127
58 144
58 146
58 151
58 194
58 206
58 251
58 284
58 343
58 445
58 909
59 61
59 62
59 66
59 67
59 73
59 74
59 76
59 78
59 83
59 86
59 87
59 96
59 97
59 98
59 99
59 104
59 116
59 139
59 166
59 198
59 202
59 217
59 240
59 244
59 250
59 262
59 290
59 292
59 298
59 316
60 64
60 81
60 83
60 87
60 120
60 133
60 145
60 180
60 199
60 216
60 218
60 220
60 227
60 229
60 234
60 240
60 267
60 311
60 520
60 841
61 68
61 75
61 76
61 80
61 89
61 105
61 111
61 112
61 123
61 127
61 128
61 131
61 134
61 135
61 152
61 173
61 181
61 200
61 217
61 228
61 229
61 233
61 246
61 257
61 269
61 305
61 362
61 536
61 692
61 759
61 921
62 65
62 74
62 76
62 94
62 95
62 96
62 98
62 99
62 100
62 104
62 106
62 109
62 122
62 144
62 161
62 195
62 196
62 203
62 265
62 363
62 911
63 81
63 83
63 88
63 92
63 108
63 110
63 112
63 122
63 126
63 139
63 146
63 150
63 189
63 216
63 235
63 242
63 288
63 289
63 336
63 380
63 420
64 86
64 96
64 97
64 99
64 104
64 124
64 134
64 144
64 148
64 166
64 187
64 194
64 198
64 209
64 236
64 237
64 255
64 264
64 709
64 863
65 67
65 77
65 90
65 91
65 94
65 102
65 111
65 120
65 130
65 142
65 149
65 168
65 170
65 182
65 191
65 200
65 214
65 241
65 244
65 296
65 347
65 418
65 474
65 650
65 709
66 74
66 103
66 152
66 155
66 204
66 212
66 242
66 285
66 301
66 324
66 337
66 355
66 395
66 432
66 458
66 482
66 844
67 77
67 94
67 102
67 116
67 130
67 138
67 146
67 152
67 167
67 176
67 179
67 184
67 191
67 202
67 214
67 224
67 244
67 329
67 332
67 745
67 760
68 73
68 77
68 80
68 83
68 84
68 90
68 94
68 98
68 109
68 133
68 135
68 142
68 144
68 185
68 190
68 192
68 194
68 200
68 205
68 217
68 241
68 269
68 281
68 319
68 356
68 480
69 85
69 89
69 115
69 162
69 179
69 199
69 228
69 275
69 320
69 365
69 481
69 546
69 763
69 844
70 81
70 88
70 94
70 108
70 119
70 130
70 136
70 149
70 152
70 173
70 174
70 184
70 273
70 289
70 332
70 334
70 378
70 403
70 545
70 783
70 928
71 76
71 86
71 136
71 137
71 147
71 148
71 176
71 183
71 197
71 244
71 279
71 304
71 467
71 557
71 677
72 144
72 232
72 237
72 328
72 334
72 335
72 336
72 337
72 338
72 339
72 341
72 342
72 343
72 344
72 346
72 348
72 349
72 351
72 355
72 366
73 86
73 89
73 90
73 105
73 107
73 118
73 124
73 131
73 150
73 154
73 170
73 196
73 201
73 236
73 333
73 553
73 564
73 615
73 746
73 983
74 75
74 77
74 80
74 86
74 89
74 99
74 117
74 121
74 126
74 127
74 149
74 177
74 181
74 196
74 203
74 320
75 79
75 80
75 81
75 83
75 90
75 91
75 101
75 107
75 111
75 120
75 122
75 127
75 132
75 146
75 178
75 192
75 254
75 646
75 712
76 83
76 95
76 101
76 110
76 128
76 155
76 218
76 308
76 954
77 79
77 81
77 91
77 94
77 112
77 116
77 119
77 270
77 276
77 351
77 358
77 365
78 84
78 86
78 87
78 94
78 109
78 139
78 140
78 145
78 167
78 171
78 187
78 194
78 234
78 235
78 313
78 326
78 412
78 433
78 506
79 80
79 100
79 102
79 103
79 107
79 120
79 123
79 124
79 127
79 131
79 133
79 258
79 276
79 289
79 322
79 382
79 392
79 409
79 506
79 759
80 87
80 92
80 97
80 133
80 145
80 189
80 266
80 267
80 269
80 344
81 89
81 97
81 98
81 130
81 145
81 168
81 169
81 173
81 191
81 210
81 312
81 362
81 373
81 415
82 87
82 101
82 131
82 141
82 145
82 147
82 190
82 192
82 227
82 241
82 253
82 278
82 280
82 284
82 317
82 373
82 377
83 96
83 114
83 124
83 160
83 173
83 190
83 205
83 286
83 289
83 322
83 417
83 496
83 502
83 637
84 91
84 100
84 124
84 136
84 150
84 254
84 255
84 257
84 258
84 267
84 270
84 272
84 277
84 315
85 98
85 147
85 208
85 340
85 462
86 93
86 95
86 99
86 107
86 134
86 164
86 197
86 304
86 405
87 104
87 210
87 212
87 215
87 217
87 221
87 258
87 367
87 390
87 576
88 118
88 169
88 173
88 247
88 312
88 332
89 129
89 155
89 195
89 218
89 220
89 255
89 281
89 689
89 784
90 91
90 92
90 102
90 139
90 151
90 154
90 160
90 161
90 214
90 221
90 225
90 263
90 265
90 287
90 342
90 504
91 99
91 105
91 111
91 112
91 135
91 236
91 240
91 242
91 246
91 247
91 248
91 249
91 449
92 111
92 133
92 136
92 174
92 211
92 246
92 737
93 103
93 104
93 106
93 108
93 124
93 127
93 138
93 160
93 174
93 198
93 244
93 270
93 352
93 424
93 576
94 107
94 131
94 134
94 157
94 168
94 179
94 180
94 188
94 234
94 313
94 368
94 410
94 661
95 98
95 110
95 122
95 176
95 198
95 250
95 553
96 130
96 146
96 168
96 208
96 215
96 288
96 543
96 663
97 100
97 103
97 108
97 133
97 164
97 196
98 124
98 128
98 133
98 134
98 159
98 171
98 181
99 139
99 195
99 198
99 300
99 320
99 635
99 669
100 138
100 144
100 149
100 152
100 153
100 176
100 327
101 103
101 109
101 124
101 126
101 152
101 180
101 484
102 135
102 156
102 166
102 175
102 260
103 115
103 123
103 128
103 144
103 156
103 233
103 246
103 337
103 841
104 130
104 173
104 176
104 186
104 187
104 233
104 558
105 117
105 171
105 193
105 216
105 227
105 279
105 298
105 314
105 885
105 964
106 132
106 280
106 329
106 341
106 447
106 860
107 120
107 122
107 157
107 182
107 230
107 250
107 358
107 363
107 556
108 110
108 118
108 275
108 288
108 372
109 205
109 210
109 307
109 308
109 336
109 338
109 803
110 131
110 174
110 254
110 470
111 178
111 189
111 254
112 117
112 120
112 128
112 140
112 154
112 178
112 340
112 342
112 437
113 116
113 144
113 159
113 211
113 331
113 335
113 366
113 906
114 125
114 153
114 155
114 156
114 157
114 775
114 915
115 223
115 298
115 370
115 511
116 124
116 153
116 166
116 173
116 182
116 293
116 379
116 434
117 148
117 152
117 159
117 163
117 216
117 337
117 366
117 458
117 546
118 130
118 138
118 184
118 208
118 379
118 400
118 451
119 126
119 130
119 138
119 173
119 273
119 554
120 156
120 166
120 200
120 230
120 242
120 246
120 647
121 137
121 157
121 248
121 379
121 455
121 479
121 575
122 124
123 129
123 153
123 156
123 166
123 175
123 186
123 209
123 434
124 165
124 166
124 167
124 175
124 201
124 352
124 379
125 127
125 134
125 152
125 216
125 371
125 598
126 146
126 222
126 292
127 141
127 207
127 233
128 188
128 196
129 131
129 159
129 193
129 248
129 757
130 216
130 230
130 253
130 271
130 537
130 838
131 153
131 241
131 312
131 355
131 617
132 165
132 171
132 196
132 249
132 292
132 426
132 615
133 142
133 183
133 318
133 379
134 218
134 360
134 678
135 154
135 188
135 189
135 224
135 243
136 202
136 240
136 342
137 161
137 248
138 161
138 176
138 177
138 244
139 187
139 188
139 452
140 159
140 161
141 173
141 199
141 323
141 570
142 182
142 338
143 242
143 314
143 333
143 355
143 356
143 546
143 791
143 846
143 890
144 275
144 423
145 170
145 252
145 423
145 780
146 188
146 215
146 221
146 284
146 332
146 369
147 195
147 232
147 364
147 952
148 158
148 162
148 251
148 279
148 423
149 161
150 194
150 195
150 196
150 202
150 204
150 205
151 233
151 396
153 260
153 382
153 459
153 463
153 707
154 246
154 372
154 710
155 157
155 160
155 168
155 483
156 205
156 226
156 315
156 375
156 442
156 483
157 725
157 839
158 368
159 345
160 240
160 424
161 253
161 359
161 411
161 777
162 242
162 270
162 310
162 486
163 281
163 359
163 771
164 198
164 258
164 359
165 174
166 184
166 260
167 307
167 464
169 359
169 505
170 284
170 451
171 359
171 439
171 644
172 229
172 278
172 337
172 564
173 220
173 363
173 441
174 220
174 303
175 310
175 345
175 374
176 202
176 214
176 583
178 244
178 363
178 405
180 213
180 272
180 274
180 368
180 644
180 682
180 858
181 282
181 299
182 251
182 631
183 219
183 413
183 468
184 255
184 347
185 223
185 261
185 296
185 345
186 216
187 195
187 203
187 230
187 345
188 317
189 565
189 664
192 274
193 297
195 225
197 198
197 876
198 304
199 201
199 230
200 274
200 302
200 362
201 528
203 508
204 272
204 427
204 498
207 313
208 222
209 260
211 258
213 350
213 566
214 239
214 328
216 758
219 801
222 224
222 277
222 296
222 428
223 281
223 772
224 294
224 336
225 259
225 408
226 338
228 294
229 291
232 236
232 419
233 303
236 254
236 306
237 304
237 381
237 405
237 980
239 243
239 277
240 270
240 372
240 527
241 349
242 507
243 277
244 766
247 429
248 498
249 315
256 527
264 285
265 280
268 613
268 808
271 275
271 606
276 453
278 409
281 493
283 410
286 319
289 711
290 765
295 766
297 357
301 449
303 441
304 371
304 486
306 699
307 488
308 383
309 347
310 321
310 450
312 378
313 476
315 719
316 806
319 508
319 683
320 784
324 364
329 368
331 961
333 334
335 904
346 609
347 916
354 978
356 772
362 442
400 716
406 803
410 796
425 584
425 859
429 664
430 631
433 696
438 739
466 635
473 715
479 686
489 544
491 800
497 597
499 503
548 974
571 572
616 864
624 865
671 672
671 879
750 927
795 796
866 867
