0 5
0 6
0 7
0 11
0 14
0 25
0 26
0 46
0 50
0 77
0 201
0 554
0 555
0 556
1 86
1 568
1 569
1 570
1 610
1 611
1 930
2 749
2 750
2 751
2 835
3 4
3 13
3 15
3 34
3 35
3 49
3 74
3 75
3 78
3 202
3 203
4 7
4 15
4 34
4 35
4 49
4 74
4 75
4 78
4 80
4 200
5 6
5 11
5 25
5 33
5 73
5 77
5 122
5 201
5 548
5 551
6 11
6 24
6 25
6 33
6 48
6 79
6 81
6 122
6 892
7 8
7 13
7 14
7 25
7 50
7 74
7 80
7 82
7 206
8 13
8 24
8 25
8 49
8 50
8 80
8 81
8 82
8 203
8 559
9 19
9 265
9 269
9 288
9 404
9 405
9 411
9 425
9 727
9 728
9 729
10 31
10 144
10 390
10 391
10 392
10 393
10 418
10 439
10 719
10 823
10 837
11 25
11 33
11 201
11 548
11 552
11 554
11 556
12 33
12 48
12 72
12 73
12 79
12 123
12 199
12 323
12 325
12 898
13 35
13 50
13 80
13 82
13 202
13 558
13 901
14 25
14 47
14 204
14 326
14 329
14 552
14 553
14 561
15 34
15 35
15 71
15 78
15 124
15 205
15 321
15 322
16 336
16 337
16 577
16 578
16 589
16 921
16 922
17 27
17 132
17 214
17 215
17 345
17 607
18 394
18 442
18 751
19 63
19 96
19 162
19 288
19 438
19 446
19 451
19 775
19 776
20 61
20 167
20 267
20 268
20 811
20 812
21 60
21 101
21 676
21 677
21 678
21 679
21 680
21 681
21 682
21 683
22 23
22 63
22 160
22 169
22 260
22 439
22 440
22 474
22 777
22 983
23 42
23 62
23 277
23 279
23 474
23 475
23 490
23 825
23 826
24 33
24 48
24 79
24 122
24 328
24 893
24 894
25 26
25 50
26 46
26 76
26 77
26 124
26 206
26 557
26 904
27 132
27 580
27 581
27 582
27 583
27 584
27 596
28 87
28 211
28 342
28 592
28 593
28 594
28 613
28 871
28 872
29 88
29 221
29 222
30 39
30 103
30 159
30 162
30 424
30 447
30 756
30 953
31 63
31 154
31 382
31 415
31 483
31 669
31 670
31 956
32 65
32 952
33 72
33 73
33 77
34 71
34 78
34 321
34 322
34 496
35 49
35 74
35 75
35 906
36 586
36 587
36 588
36 589
36 599
36 600
37 89
37 223
37 287
38 39
38 102
38 147
38 159
38 269
38 404
38 410
38 817
39 159
39 410
39 445
39 448
39 718
40 41
40 142
40 281
40 421
40 436
40 705
40 706
40 739
41 261
41 450
41 451
41 452
41 453
41 797
42 107
42 169
42 476
42 477
42 478
42 827
42 828
43 467
43 468
43 819
43 820
43 821
43 822
43 823
43 835
44 113
44 116
44 179
44 501
44 869
44 996
45 181
45 183
45 194
45 348
46 71
46 76
46 77
46 206
46 557
47 48
47 81
47 204
47 326
47 329
47 899
48 79
48 81
48 328
49 74
49 75
49 203
50 80
50 82
51 52
51 338
51 339
51 340
51 342
51 579
51 608
52 85
52 132
52 601
52 602
52 927
52 928
53 216
53 347
53 608
53 609
53 610
53 611
53 612
54 218
54 352
55 350
55 351
56 220
56 354
57 227
57 264
57 363
57 632
57 633
57 634
58 63
58 235
58 253
58 454
58 692
58 786
58 961
59 99
59 232
59 370
59 371
59 372
59 373
59 664
60 99
60 386
60 434
60 674
60 675
60 714
61 239
61 240
61 395
61 455
61 722
62 111
62 150
62 457
62 469
62 711
62 966
63 158
63 483
63 786
64 100
64 172
64 247
64 459
64 484
64 725
64 735
65 280
65 484
66 95
66 486
66 698
66 699
66 706
66 964
66 965
67 486
67 841
67 842
67 843
68 177
69 178
69 179
69 290
69 293
69 294
70 88
70 517
71 76
71 78
71 897
72 73
72 123
72 199
72 547
73 79
73 323
74 75
75 203
76 205
76 550
76 890
77 327
78 496
79 549
80 82
81 559
81 903
82 905
83 192
83 194
83 207
83 319
83 334
83 579
84 210
84 345
85 603
85 604
85 605
85 929
86 571
86 573
86 603
87 217
87 613
87 931
87 932
88 194
88 220
88 221
88 299
90 364
90 391
90 630
90 637
90 712
91 246
91 412
91 737
91 738
91 739
92 252
92 758
92 759
92 793
92 979
92 980
93 666
93 822
94 96
94 156
94 162
94 254
94 436
94 451
95 255
95 403
95 695
95 775
95 776
96 138
96 156
96 446
96 695
97 148
97 234
97 383
97 395
98 100
98 163
98 263
98 416
98 459
98 745
99 264
99 265
99 461
99 807
100 110
100 170
100 268
100 974
101 813
101 814
101 815
101 816
101 829
102 103
102 146
102 147
102 245
102 465
103 466
103 817
103 818
104 109
104 270
104 271
104 274
104 472
105 109
105 242
105 402
105 479
105 726
105 968
106 108
106 414
106 419
106 760
106 769
106 957
107 108
107 277
107 830
107 831
107 832
108 278
108 279
108 833
108 834
109 168
109 479
109 481
109 685
110 166
110 171
110 172
110 260
110 415
111 284
111 492
111 741
111 742
111 753
112 460
112 475
112 488
112 490
112 806
112 862
113 114
113 115
113 290
114 115
114 292
114 504
115 292
115 504
115 868
116 869
116 870
116 998
117 180
117 502
117 508
117 865
117 867
117 997
118 224
118 297
118 353
119 184
120 221
120 319
120 515
120 880
120 881
121 193
121 194
121 543
121 544
122 324
122 891
123 199
123 323
123 325
124 205
124 206
124 907
125 510
126 302
126 303
126 516
126 527
127 209
127 214
127 335
127 576
128 583
128 584
129 132
129 515
129 541
129 542
130 131
130 208
130 340
130 585
130 920
131 343
131 344
131 925
131 926
132 924
133 352
133 934
134 318
134 535
134 536
134 617
134 888
135 687
135 732
135 798
136 152
136 237
136 651
137 154
137 233
138 625
138 636
139 236
139 380
139 399
139 409
139 960
140 141
140 469
140 801
141 278
141 480
141 697
141 846
142 237
142 385
142 707
143 429
143 470
143 713
144 423
144 468
144 720
144 721
145 280
145 647
145 653
146 245
146 673
146 958
146 959
147 157
147 410
147 411
148 149
148 378
148 842
149 248
149 485
149 740
150 732
150 734
150 743
150 972
151 419
151 474
151 696
151 770
151 831
152 651
153 426
153 431
153 432
153 730
154 374
154 495
154 765
155 404
155 405
155 425
155 438
155 858
156 672
157 245
157 256
157 265
157 782
158 257
158 787
158 788
158 838
159 447
159 448
160 161
160 791
160 792
160 793
161 259
161 260
161 449
161 984
162 436
162 454
163 263
163 406
163 458
164 165
164 417
164 703
164 811
165 808
166 247
166 268
166 703
166 722
167 464
168 386
168 473
168 726
168 807
169 778
169 779
169 780
170 172
170 394
170 459
170 809
171 172
171 407
171 408
171 969
172 991
173 489
173 490
173 847
173 848
173 849
174 850
174 851
174 852
174 853
175 219
175 618
175 856
176 287
176 857
177 178
178 500
179 290
179 497
179 500
180 291
180 503
180 866
180 867
181 182
182 191
182 873
183 184
183 298
183 511
184 348
185 526
185 530
185 885
186 189
186 309
186 884
187 299
187 521
188 193
188 306
188 525
189 307
189 532
190 305
190 519
190 540
190 883
191 319
191 353
192 207
192 308
192 534
193 531
195 196
195 197
195 460
196 460
196 889
197 198
199 895
200 321
200 322
200 864
201 327
202 498
202 558
204 324
204 560
205 550
207 516
207 590
208 334
208 518
208 520
209 910
210 591
211 347
211 566
211 614
212 595
212 596
213 588
213 916
214 576
214 594
215 574
216 586
216 587
216 593
218 406
219 301
219 875
221 882
224 298
225 359
225 638
225 640
225 682
226 628
226 629
226 679
226 814
227 358
227 363
227 813
228 625
228 636
228 940
229 643
229 672
230 239
230 240
230 367
230 368
231 369
231 371
231 373
231 757
232 370
232 372
232 664
233 362
233 375
234 366
234 367
235 379
235 397
235 796
236 702
236 955
237 665
237 707
238 386
238 638
238 639
238 640
240 661
241 257
241 396
241 397
241 398
242 402
242 937
242 938
243 409
243 788
243 973
244 280
244 377
245 781
246 412
247 383
247 485
248 841
249 428
249 432
249 470
249 494
250 746
250 747
250 748
251 275
251 286
251 854
252 708
252 709
252 710
253 433
253 449
253 767
255 260
255 415
255 449
256 781
256 782
256 783
257 398
257 744
258 443
258 444
258 790
259 388
259 403
259 497
261 437
261 453
262 455
262 661
263 456
264 387
264 411
265 387
266 424
266 463
266 756
266 978
267 810
267 986
268 810
269 445
269 466
270 271
270 939
271 273
271 774
272 473
272 497
272 774
272 982
273 274
273 355
273 824
274 473
274 824
275 430
275 742
275 826
276 279
276 469
276 470
276 471
277 279
277 480
278 701
278 830
280 735
281 698
281 852
281 853
282 283
282 491
282 801
282 802
283 491
284 285
284 286
285 493
286 492
287 353
288 438
288 859
289 293
289 507
289 860
291 503
291 861
291 865
293 294
293 502
294 505
294 506
295 509
295 510
295 871
295 872
296 297
296 511
297 298
300 304
300 878
301 876
302 874
303 512
303 514
304 517
305 513
305 520
306 525
306 543
308 514
308 528
309 527
309 528
310 314
310 529
311 312
311 317
311 338
312 530
312 886
313 333
313 512
313 877
314 523
314 532
315 544
315 887
316 539
317 526
317 533
318 338
318 534
320 522
320 533
320 545
324 551
325 900
326 902
327 546
328 549
329 330
330 560
330 561
331 337
332 344
332 911
332 918
333 538
333 575
334 340
336 564
337 919
339 592
339 912
341 343
341 585
341 917
342 577
343 909
344 563
346 591
346 913
349 614
350 406
351 615
354 619
354 620
356 358
356 361
356 633
357 358
357 361
357 628
359 678
359 683
360 363
360 632
361 634
362 946
364 381
364 637
365 660
368 662
369 401
369 641
370 373
371 372
374 789
375 764
376 477
376 631
376 944
379 396
379 397
380 392
380 422
381 382
382 391
383 395
384 393
384 700
385 704
387 388
388 715
389 716
389 717
390 670
390 963
392 440
393 808
394 407
396 645
399 686
399 724
400 452
400 453
400 967
401 405
401 641
402 685
403 729
407 690
408 413
408 971
413 428
413 970
414 420
414 696
416 458
418 748
418 812
419 752
420 832
420 833
421 738
422 720
422 839
423 712
423 754
425 757
426 427
426 713
427 760
427 761
428 430
429 762
430 763
431 764
432 765
433 668
433 954
434 461
434 976
435 768
435 769
435 770
437 936
439 686
440 693
441 442
442 789
443 444
443 975
444 784
445 446
448 718
452 684
454 987
457 480
457 800
461 981
462 463
462 699
462 704
464 794
465 466
465 736
467 646
467 749
468 650
472 941
475 691
476 834
476 943
477 478
478 988
479 829
481 989
481 990
482 838
482 839
482 840
483 840
485 486
487 844
487 845
487 846
488 825
488 992
489 785
489 803
495 977
496 499
498 863
498 896
499 861
499 863
500 501
502 864
503 866
505 994
505 995
507 508
507 862
508 999
509 908
513 879
518 616
519 522
523 524
524 536
529 535
531 537
537 538
539 540
546 547
553 555
562 568
563 914
564 565
565 567
566 595
567 605
569 572
572 578
580 597
581 602
582 598
590 923
601 609
604 915
606 607
615 933
616 617
618 619
621 623
621 736
622 624
622 669
623 624
626 627
626 677
627 676
629 681
630 635
631 945
635 700
639 680
642 688
642 845
644 710
644 780
645 816
646 947
648 758
648 950
649 650
652 653
654 655
654 827
655 778
656 785
656 951
657 716
657 828
658 717
658 847
659 768
659 848
660 797
663 667
663 709
665 737
666 820
667 668
671 694
671 771
673 818
674 791
675 792
684 948
687 689
688 689
691 844
692 728
693 723
694 731
697 701
702 821
705 777
708 942
711 741
714 715
719 962
721 747
723 724
731 761
733 734
740 935
743 784
744 766
752 795
753 790
754 755
755 787
759 779
762 763
766 767
771 773
772 773
783 815
794 949
795 985
798 799
799 800
803 804
804 805
805 806
836 837
854 855
858 859
860 993
