0 52
0 605
0 606
0 607
0 619
0 979
0 980
1 146
1 545
1 1553
2 30
2 283
2 380
2 535
2 1230
2 1344
3 1084
3 1431
3 1732
4 17
4 633
4 755
4 780
4 1021
4 1419
5 323
5 707
5 712
5 1183
6 65
6 80
6 243
6 587
6 930
6 1155
7 131
7 215
7 312
7 325
7 380
7 468
7 653
7 680
7 692
7 833
7 861
7 874
7 887
7 918
7 1206
7 1254
7 1320
8 33
8 35
8 452
8 1291
9 203
9 412
9 468
9 532
9 653
9 680
9 712
9 833
9 861
9 918
9 973
9 1206
9 1981
10 499
10 653
10 682
10 874
10 929
10 1021
10 1192
10 1195
10 1295
10 1618
10 1956
11 81
11 723
11 1549
11 1709
12 82
12 129
12 261
12 499
12 682
12 874
12 1009
12 1195
12 1305
12 1753
13 323
13 333
14 264
14 1285
14 1526
14 1884
15 33
15 159
15 261
15 499
15 874
15 1192
15 1195
15 1297
16 288
16 427
16 637
16 1132
16 1142
17 154
17 195
17 424
17 532
17 680
17 861
17 1217
17 1264
18 124
18 194
18 325
18 380
18 459
18 468
18 549
18 653
18 680
18 692
18 712
18 833
18 861
18 874
18 918
18 1192
18 1206
18 1254
18 1320
18 1788
19 1594
19 1725
20 287
20 830
20 1091
20 1834
21 335
21 1003
21 1110
21 1259
22 84
22 581
22 1332
23 227
23 489
23 856
23 1287
24 71
24 124
24 637
24 729
24 752
24 761
24 1048
25 165
25 281
25 411
25 478
25 1121
25 1227
26 381
26 406
26 1080
26 1376
26 1495
27 318
27 330
27 1447
28 552
28 623
28 933
28 1455
29 54
29 489
29 519
29 778
29 1037
29 1221
30 166
30 436
30 556
30 692
30 833
30 861
30 973
30 997
30 1206
31 658
32 102
32 141
32 1316
32 1551
32 1771
33 45
33 241
33 461
33 1053
33 1369
34 326
34 819
34 961
34 1251
35 95
35 560
35 1302
35 1487
35 1529
36 1529
36 1610
37 138
37 1366
38 85
38 583
38 586
38 646
39 234
39 664
39 725
39 1304
40 83
40 458
40 545
40 646
40 673
40 730
41 257
41 490
41 492
41 863
41 1037
41 1353
42 849
42 951
42 1135
42 1741
43 71
43 153
43 210
43 934
43 1152
43 1247
43 1488
43 1759
44 67
44 248
44 281
44 354
44 427
44 505
44 707
44 996
44 1132
44 1170
44 1212
45 540
45 669
45 810
45 1335
46 73
46 100
46 970
46 1206
46 1339
46 1712
47 49
47 614
47 1715
47 1908
48 72
48 161
48 269
48 336
48 1606
48 1933
49 151
49 714
49 902
49 1049
49 1117
49 1599
50 71
50 1218
50 1462
50 1612
51 106
51 124
51 203
51 307
51 325
51 468
51 692
51 712
51 833
51 861
51 918
51 1206
51 1244
51 1345
52 124
52 130
52 138
52 168
52 194
52 283
52 325
52 331
52 380
52 459
52 468
52 600
52 606
52 692
52 712
52 769
52 918
52 1060
52 1254
53 106
53 144
53 249
53 715
53 1151
53 1159
53 1387
53 1442
54 989
54 1038
55 265
55 622
55 955
55 1485
56 133
56 767
57 392
57 519
57 662
57 732
57 734
57 926
57 1037
58 168
58 214
58 251
58 261
58 265
58 417
58 499
58 614
58 680
58 682
58 833
58 874
58 1021
58 1192
58 1309
59 306
59 519
59 618
59 734
59 1037
59 1538
60 283
60 586
60 930
61 583
61 646
61 1004
62 354
62 427
62 520
62 707
62 996
62 1088
62 1132
62 1170
62 1628
63 628
63 827
63 1021
64 72
64 85
64 120
64 388
64 445
64 505
65 118
65 196
65 1453
65 1518
66 130
66 249
66 310
66 380
66 468
66 471
66 529
66 605
66 653
66 680
66 682
66 712
66 833
66 874
66 918
66 999
66 1192
66 1254
66 1993
67 166
67 436
67 532
67 973
67 997
67 1239
67 1264
68 110
68 169
68 192
68 196
68 558
68 868
69 134
69 757
69 1309
69 1547
70 268
70 416
70 423
70 645
70 905
70 1006
70 1221
70 1741
71 90
71 130
71 142
71 252
71 261
71 282
71 417
71 446
71 468
71 527
71 600
71 636
71 682
71 685
71 712
71 740
71 833
71 874
71 918
71 1192
71 1254
71 1421
71 1785
72 165
72 189
72 194
72 325
72 354
72 388
72 397
72 427
72 452
72 453
72 488
72 600
72 605
72 616
72 707
72 740
72 773
72 844
72 1088
72 1132
72 1187
72 1220
72 1287
72 1410
72 1764
72 1765
72 1973
73 141
73 149
73 279
73 349
73 1232
73 1316
73 1994
74 130
74 287
74 334
74 401
74 915
74 1072
75 164
75 178
75 200
75 1239
76 145
76 212
76 213
76 633
76 698
76 777
77 101
77 141
77 623
77 1145
77 1293
78 234
78 298
78 884
78 1002
79 429
79 608
79 756
79 1067
79 1163
79 1181
80 149
80 1486
80 1634
81 102
81 175
81 931
81 1039
81 1551
81 1771
82 146
82 257
82 272
82 393
82 451
82 490
82 492
82 522
82 863
82 1037
83 130
83 348
83 381
83 764
83 1153
84 115
84 148
84 153
84 250
84 458
85 381
85 392
85 519
85 662
85 1182
86 848
86 1097
86 1231
87 110
87 140
87 343
87 483
87 583
87 1188
88 942
88 1350
88 1779
88 1780
89 140
89 343
89 583
89 638
89 771
89 848
89 1188
89 1637
90 133
90 837
90 984
90 1019
90 1327
90 1995
90 1996
91 153
91 257
91 273
91 309
91 473
91 662
91 732
91 863
91 1140
92 365
92 380
92 384
92 644
92 1502
93 344
93 1215
94 976
94 1218
95 203
95 436
95 973
95 1968
96 234
96 445
97 529
97 530
97 669
97 1550
98 192
98 270
98 321
98 418
98 1756
99 214
99 257
99 273
99 393
99 492
99 522
99 662
99 863
99 870
99 1037
100 350
101 710
101 775
101 1077
102 169
102 196
102 274
102 580
102 670
103 357
103 467
103 747
103 939
104 1336
104 1391
104 1439
104 1504
105 729
105 736
105 958
106 313
106 585
107 300
108 583
108 586
108 646
108 1617
108 1618
109 655
109 729
109 886
109 1167
110 124
110 398
110 720
110 888
110 1067
110 1252
111 265
111 423
111 441
111 576
111 604
111 621
111 971
111 1075
111 1370
112 377
112 994
113 124
113 194
113 229
113 325
113 331
113 380
113 468
113 600
113 712
113 740
113 769
113 773
113 816
113 918
113 1083
113 1206
113 1254
113 1322
113 1414
113 1540
113 1766
113 1974
113 1975
113 1976
113 1977
113 1978
113 1979
114 292
114 615
114 1161
114 1409
115 125
115 298
115 316
115 1024
116 404
116 710
116 881
116 1071
117 177
117 875
117 930
117 1190
117 1298
117 1525
118 283
118 635
118 854
118 1300
119 439
119 518
119 657
119 894
119 1068
120 447
120 488
120 707
120 859
120 1088
120 1132
120 1187
120 1220
121 150
121 204
121 478
121 931
121 977
121 1039
122 615
122 706
122 893
122 956
122 1371
122 1623
123 130
123 138
123 194
123 325
123 380
123 600
123 769
123 1096
123 1254
123 1271
123 1491
123 1538
123 1967
124 183
124 580
124 719
124 1961
125 231
125 1225
126 269
126 342
126 354
126 707
126 736
126 996
126 1088
126 1170
127 508
127 1250
128 396
128 429
128 509
128 554
128 643
128 660
128 756
128 1067
128 1181
128 1720
129 208
129 311
129 340
129 803
129 849
129 1135
129 1489
129 1965
130 346
130 524
130 526
130 646
130 673
130 992
130 1219
130 1292
130 1615
131 277
131 286
131 1420
131 1785
132 205
132 1090
132 1365
132 1520
133 167
133 655
134 145
134 186
134 314
134 344
134 1193
135 140
135 270
135 490
135 1378
135 1545
136 682
136 874
136 1021
136 1309
137 458
137 584
138 805
138 1153
138 1639
138 1761
139 757
139 873
139 1681
139 1862
140 164
140 187
140 337
140 525
140 742
140 771
140 932
140 1095
140 1621
140 1622
140 1757
141 642
141 1024
142 470
142 646
142 1057
143 817
143 1040
143 1273
144 1035
144 1151
145 147
145 183
145 212
145 1768
146 267
146 530
146 1289
146 1373
147 516
147 708
147 915
148 178
148 406
148 580
148 931
148 1936
149 505
149 1034
150 245
150 300
151 775
151 950
152 174
152 742
152 771
152 1137
153 166
153 167
153 252
153 282
153 352
153 399
153 404
153 541
153 681
153 740
153 742
153 754
153 771
153 778
153 905
153 932
153 1111
153 1221
153 1270
153 1550
154 747
154 875
154 1352
155 817
155 1143
156 305
156 335
156 963
156 1399
156 1600
156 1914
156 1915
157 265
157 604
157 615
157 621
158 488
158 707
158 1132
158 1187
158 1738
159 714
159 1221
159 1480
160 493
160 1197
160 1229
161 350
161 519
161 620
161 1410
161 1954
162 213
162 772
162 938
163 1098
163 1776
164 343
164 426
165 1034
165 1179
165 1304
165 1774
165 1775
166 248
166 347
166 530
166 1199
166 1964
167 189
167 250
167 452
167 453
167 1988
168 480
168 925
168 1219
168 1299
168 1599
169 429
169 472
169 776
169 1067
169 1181
170 1528
171 713
171 1385
172 326
172 690
172 1032
172 1705
173 301
173 658
173 1119
173 1696
174 270
174 348
174 396
174 1005
174 1123
174 1142
174 1730
174 1923
175 500
175 1218
176 776
176 1716
177 389
177 811
178 216
178 690
179 244
179 1731
180 549
180 663
180 718
180 900
181 583
181 1165
181 1188
182 217
182 1423
183 203
183 325
183 331
183 468
183 918
183 1532
184 354
184 1088
184 1132
184 1170
184 1236
184 1321
185 526
185 673
185 1219
185 1299
186 243
186 993
187 343
187 1534
188 732
188 863
188 926
188 1037
189 336
189 752
189 996
189 1170
189 1781
190 530
190 531
190 1323
191 308
191 1266
191 1303
191 1541
192 429
192 720
192 756
192 1067
192 1181
193 1147
193 1362
194 245
194 281
194 456
194 772
195 275
195 280
195 1955
196 283
196 429
196 635
196 756
196 985
196 1067
196 1181
197 865
198 290
198 744
198 1087
198 1515
198 1572
199 1091
199 1134
199 1452
200 1239
200 1338
201 482
201 1577
202 813
203 313
203 314
203 636
203 742
204 450
204 760
204 780
204 1090
204 1619
205 488
205 1220
206 1484
206 1758
207 353
207 940
207 1717
208 286
208 342
208 410
208 526
208 684
208 1058
209 261
209 279
209 499
209 614
209 631
209 1192
209 1195
210 249
210 252
210 446
210 527
210 630
210 1984
211 1184
213 612
213 744
213 1266
214 480
214 529
214 773
215 245
215 316
215 359
215 368
215 773
215 1353
215 1639
216 755
216 975
216 1117
217 317
217 381
218 412
218 644
219 1498
219 1651
220 334
220 512
220 1121
221 256
221 1378
222 597
222 735
222 1227
223 924
223 992
223 1210
224 618
225 400
225 1528
226 238
226 541
226 905
226 958
227 698
227 1435
228 738
228 1478
228 1904
229 289
229 893
229 1906
230 836
230 944
230 1159
231 1160
232 240
232 1372
233 340
233 367
233 1263
234 720
234 1067
234 1252
235 745
236 1166
237 427
237 488
237 531
237 707
237 1088
237 1132
237 1186
237 1524
237 1605
237 1739
237 1759
238 519
238 734
238 1350
239 891
239 1134
239 1143
240 988
240 1147
240 1746
241 1214
242 427
242 707
242 996
242 1088
242 1132
242 1170
243 1024
244 1447
245 769
245 991
245 1170
245 1320
245 1638
246 669
246 1455
247 903
247 1509
248 436
248 449
248 532
248 973
248 997
248 1264
249 401
249 429
249 524
249 585
249 710
249 775
249 888
249 1181
249 1315
249 1346
249 1402
249 1542
249 1960
250 306
250 734
250 1326
250 1547
251 280
251 282
251 391
251 404
251 620
251 925
251 1453
252 257
252 273
252 309
252 311
252 343
252 473
252 524
252 588
252 870
252 1373
252 1543
252 1773
253 270
253 1225
253 1247
253 1625
254 298
254 1097
255 1010
257 1074
258 751
259 538
259 1695
260 1070
260 1422
262 282
262 1058
263 329
263 353
264 348
264 1698
265 311
265 524
265 882
265 1064
265 1125
265 1165
265 1373
266 860
266 1007
267 383
267 713
268 684
268 849
268 1135
268 1433
269 961
269 1410
270 771
271 1148
271 1290
271 1466
272 525
272 1158
273 279
273 525
273 669
273 742
274 521
274 720
274 1252
274 1266
274 1412
274 1772
274 1982
274 1983
275 720
275 1128
275 1266
275 1302
276 455
276 996
276 1417
276 1635
277 619
277 934
277 1024
278 312
278 344
278 380
278 436
278 446
278 450
278 529
278 600
278 740
278 776
278 1094
278 1254
278 1415
278 1492
278 1989
278 1990
278 1991
278 1992
279 309
279 772
280 934
281 531
281 586
281 1548
282 511
282 934
282 965
282 1205
282 1401
282 1750
283 366
283 1319
284 625
284 811
284 841
285 524
285 849
285 879
285 914
285 1135
285 1227
286 512
286 924
287 1190
288 1248
288 1878
289 688
289 1167
290 321
290 816
290 1856
291 622
291 691
292 304
292 848
292 1066
292 1201
293 320
293 752
293 1515
294 590
294 752
295 408
295 736
295 771
295 1014
296 1546
296 1692
297 853
297 1045
298 560
298 1097
299 382
299 981
299 1244
299 1907
301 319
301 794
301 869
301 1101
302 1228
302 1422
303 432
303 531
303 569
303 1176
304 438
304 1939
306 325
306 1138
307 707
307 1290
308 341
308 966
308 1723
309 389
310 1155
311 526
311 527
311 999
311 1254
312 443
312 505
312 634
312 635
312 1416
313 448
313 973
314 501
315 396
315 1452
315 1762
316 459
316 991
316 1320
317 750
317 1945
318 793
318 831
318 989
318 1115
319 416
319 839
319 1387
320 1671
321 421
321 650
321 1020
322 898
322 1290
322 1591
322 1859
322 1860
323 1367
324 719
325 516
325 864
325 915
326 1378
326 1687
327 464
327 935
328 345
328 923
328 1711
328 1903
329 601
329 1597
331 864
331 1763
332 388
332 778
332 790
332 944
333 514
334 630
334 730
334 1087
334 1311
335 562
335 688
336 452
336 1410
336 1492
337 458
337 720
337 1067
337 1181
338 470
338 766
338 1433
338 1544
339 396
339 518
339 800
339 1098
339 1616
339 1754
340 1310
341 361
341 1541
342 1241
343 436
343 446
343 527
343 605
343 740
343 978
343 993
343 1254
343 1777
343 1778
343 1985
343 1986
343 1987
344 482
344 864
344 987
344 996
345 1091
345 1106
346 529
346 600
346 605
347 436
347 973
347 1264
347 1614
348 771
348 1311
348 1312
350 1250
350 1729
351 396
351 787
351 1231
352 658
352 990
352 1786
353 1050
353 1354
354 1032
354 1056
354 1617
355 543
355 693
355 1112
355 1403
355 1438
356 708
356 856
356 1157
357 1149
357 1854
358 700
358 1126
359 694
360 883
360 905
360 936
360 1010
360 1221
361 837
361 875
362 1290
363 1196
363 1289
364 373
365 889
366 918
366 1536
367 384
367 464
368 575
369 432
369 784
369 941
369 1052
370 1154
371 427
371 1079
371 1207
372 753
372 961
372 1707
372 1740
373 826
373 1519
374 1224
374 1603
375 951
376 758
376 1139
376 1399
376 1536
377 422
377 1161
378 651
379 609
379 1110
380 988
380 1926
381 445
381 488
381 947
382 451
382 572
382 576
382 591
382 930
383 501
383 1263
384 697
384 939
384 1043
384 1488
385 579
385 1141
385 1289
386 984
386 1193
386 1414
387 650
387 1223
387 1768
388 1411
389 1227
390 1159
390 1246
390 1314
390 1958
391 510
391 613
391 1124
392 1222
393 529
393 1550
394 709
395 1486
395 1620
396 740
396 771
396 1234
396 1263
396 1312
396 1369
396 1531
396 1548
396 1749
396 1951
397 691
397 921
397 1185
397 1301
397 1513
398 1402
398 1905
399 739
400 757
400 1267
401 446
401 527
401 628
401 629
402 450
402 466
402 776
403 407
404 934
405 1225
405 1593
406 1279
406 1537
406 1734
407 663
407 1082
407 1380
408 1065
408 1095
409 1138
409 1363
409 1510
410 1046
411 1104
413 1056
413 1738
413 1855
414 673
414 1006
415 690
415 1164
416 880
417 534
417 780
417 803
417 1674
417 1675
418 473
418 1515
418 1669
419 899
419 1361
419 1679
420 741
421 816
421 1581
421 1728
422 1050
422 1112
423 779
424 912
424 1124
424 1880
425 624
425 684
425 849
425 1135
425 1385
425 1580
425 1875
426 625
426 1210
426 1420
427 504
427 888
427 1100
428 704
428 944
428 1507
429 729
429 920
430 1604
431 597
432 668
432 1041
432 1055
432 1835
433 788
433 986
434 721
434 1718
435 1055
436 524
436 530
436 683
436 1180
436 1735
437 859
437 1306
437 1932
438 1492
438 1940
439 507
439 1076
439 1452
440 617
440 957
440 1938
441 1294
442 1613
442 1751
443 639
443 766
443 1188
444 474
444 672
444 1584
446 448
446 524
446 796
446 885
446 956
446 1006
446 1280
446 1373
446 1542
446 1543
447 1196
447 1588
448 1535
449 566
449 726
449 1422
449 1963
450 747
450 1194
450 1950
451 525
451 753
452 752
452 1412
452 1755
452 1775
453 1167
454 891
454 1634
455 625
456 529
456 600
456 773
456 999
457 515
457 1361
459 478
459 1999
460 1277
460 1574
460 1642
460 1804
461 465
461 539
461 805
462 662
462 1331
463 464
463 1731
464 803
464 845
464 1091
464 1281
464 1654
465 651
466 1131
466 1703
467 778
467 1428
468 974
469 675
469 850
469 1666
470 475
470 1124
470 1848
472 866
472 1145
472 1334
472 1349
472 1568
472 1849
474 1054
476 884
476 1146
477 1324
477 1678
478 578
478 897
478 1285
479 872
479 1683
481 684
481 750
481 930
481 1135
483 1004
484 539
485 582
485 677
486 1275
486 1640
487 1385
487 1412
488 524
488 843
488 1876
488 1877
489 1374
490 1000
491 496
491 1891
493 567
494 1017
494 1504
495 611
496 816
496 856
497 670
497 1001
498 950
498 1074
499 957
500 933
500 1901
501 509
502 657
502 815
502 1593
503 508
503 1223
504 1179
504 1885
506 1527
506 1609
507 749
510 785
510 943
511 1298
512 696
512 1851
513 610
513 1618
514 531
515 1220
517 928
517 1700
520 609
521 666
521 1064
521 1357
522 529
522 633
522 640
522 893
522 1550
523 769
523 1957
524 600
524 605
524 740
524 1220
524 1314
524 1456
524 1972
525 629
525 1156
526 969
527 1012
527 1036
527 1258
527 1373
527 1542
527 1543
528 724
529 1493
529 1782
529 1783
530 635
530 997
530 1264
531 1114
532 960
533 600
533 1423
533 1787
533 1997
534 1004
534 1275
535 1329
535 1364
535 1394
536 802
536 1556
537 812
537 1489
538 796
539 1342
540 1283
540 1517
540 1567
541 824
541 1689
542 1062
542 1465
543 666
543 1475
544 1066
544 1088
544 1562
545 1044
546 1318
546 1450
546 1459
547 1441
548 551
548 834
548 1500
550 1080
551 803
551 1357
551 1466
551 1499
551 1665
552 846
552 1349
553 1130
553 1450
555 683
555 1449
556 1154
556 1165
557 831
558 1333
559 796
560 851
560 1302
561 656
561 1417
562 890
562 892
563 1369
563 1393
564 1107
564 1842
565 870
565 1400
566 900
567 1014
567 1105
568 1342
569 1052
570 817
570 1166
570 1511
571 1166
571 1712
572 1114
572 1579
573 716
573 1869
573 1870
574 1061
574 1093
574 1717
575 583
575 1567
576 839
577 839
577 1230
577 1385
578 791
578 1607
579 809
579 968
581 1162
582 910
582 911
582 1172
582 1256
583 722
585 656
585 1148
585 1325
586 1881
587 1432
588 797
588 953
588 1516
588 1902
589 1512
590 1196
591 641
591 927
591 1388
591 1893
592 727
592 1605
593 1306
593 1890
594 1262
594 1483
595 808
595 832
596 898
597 952
597 1216
597 1404
597 1601
598 1439
598 1704
599 609
599 1013
600 881
600 899
600 1174
600 1217
601 862
601 1137
601 1287
602 1397
602 1471
603 1414
604 1868
605 606
605 607
605 737
605 1299
605 1899
605 1900
606 607
607 737
607 1395
607 1909
610 1400
610 1946
611 1664
612 1193
612 1259
613 1199
613 1521
613 1924
614 813
614 1255
614 1258
616 1048
616 1691
617 1203
618 1780
619 771
619 1769
620 1530
621 1402
622 637
622 1112
623 1421
624 712
625 1063
626 996
627 761
627 1494
627 1769
629 976
630 1697
630 1760
631 686
631 1307
631 1343
632 1260
632 1533
632 1752
633 744
634 1261
634 1323
635 1323
636 1243
636 1315
637 1490
638 768
638 1469
639 1786
641 1635
642 1316
643 770
643 1414
644 1502
644 1503
645 954
647 796
648 651
648 1647
648 1816
649 981
649 1281
649 1379
650 1007
650 1814
651 794
651 1082
651 1587
652 807
652 1355
652 1356
653 1027
654 1375
654 1652
656 807
657 796
658 1498
659 1410
660 1446
660 1823
661 1366
661 1521
661 1827
661 1828
663 1654
664 1035
664 1500
665 820
665 830
666 731
666 1663
667 806
667 1092
667 1593
667 1713
667 1836
667 1837
668 1413
670 1393
671 1371
671 1664
672 1334
674 909
674 1113
675 1700
676 708
676 1573
677 751
678 859
678 1360
679 1360
679 1672
680 1131
680 1845
681 698
686 913
686 1435
687 1568
688 689
689 1150
690 851
691 1389
693 960
694 1458
695 916
695 1580
697 937
697 1471
699 703
699 1374
700 896
701 1125
701 1341
701 1680
701 1861
702 725
702 1863
703 1157
703 1361
703 1383
703 1437
704 1412
704 1514
705 947
708 1843
709 1010
711 937
711 1360
712 1693
713 968
714 902
714 1191
715 871
716 1574
717 896
717 917
719 1894
721 857
722 1107
723 1892
724 1293
724 1886
724 1887
724 1888
725 1344
726 1753
727 1696
728 942
728 1259
730 859
730 1127
730 1318
731 1012
732 966
733 943
733 959
736 760
736 1897
738 952
738 1540
739 1495
739 1537
739 1844
740 794
740 803
740 963
740 1542
740 1918
741 871
743 1413
745 1215
745 1719
746 957
746 1162
746 1523
746 1749
748 967
748 1279
749 1062
749 1267
751 876
753 914
753 1211
754 1228
754 1398
757 1390
758 1676
759 1080
760 1253
761 1413
762 1033
762 1372
762 1539
762 1969
762 1970
762 1971
763 1770
764 963
764 1171
764 1624
765 1411
767 1353
768 1345
768 1747
769 1353
769 1423
770 1444
770 1594
772 773
772 1767
772 1980
773 991
773 1320
773 1782
773 1783
774 1144
774 1788
776 1116
776 1249
777 1326
777 1546
778 905
778 1458
779 1008
781 1019
781 1025
782 1464
782 1801
782 1802
783 1715
784 790
785 787
786 1502
787 1803
788 796
788 1710
789 792
790 1379
791 1296
791 1329
792 1757
793 1399
794 846
794 1010
794 1059
794 1556
794 1631
794 1646
794 1649
794 1810
795 811
795 1807
796 1641
797 815
798 805
799 805
799 1042
799 1057
799 1496
801 804
801 1477
802 1418
802 1429
803 827
803 981
803 1068
803 1288
803 1402
803 1648
803 1821
804 813
804 1417
807 1347
808 810
808 813
809 1281
811 1419
812 1274
814 1056
815 1259
815 1372
815 1563
816 1726
816 1729
816 1822
817 1382
818 1288
820 1730
821 1534
821 1699
822 1050
822 1829
823 1083
823 1652
823 1653
823 1826
824 1477
825 1501
826 1468
827 1342
827 1645
828 1511
828 1658
829 1282
829 1461
830 1758
832 1747
834 1296
834 1407
835 1086
835 1106
836 1093
836 1598
836 1659
838 1288
840 1420
840 1838
842 1508
843 1464
844 867
844 1575
844 1662
845 1111
846 886
846 1284
846 1564
846 1833
847 1283
847 1561
850 1459
852 1337
853 1467
854 1566
855 1120
855 1255
856 1128
857 1698
858 1125
858 1377
858 1501
859 1130
862 1668
864 1055
865 1577
866 1415
867 876
869 1670
870 1850
872 1334
875 1365
875 1391
876 1368
876 1472
877 1388
878 1616
879 1335
880 1479
881 899
881 945
882 905
883 1569
884 1158
885 1430
885 1857
886 1470
887 1176
887 1438
887 1506
889 1592
889 1865
890 892
892 1454
892 1866
894 1358
894 1686
895 909
895 1563
896 1141
897 1484
897 1762
898 1443
898 1685
899 1473
901 902
901 1508
903 1023
904 1080
904 1166
905 1111
905 1221
905 1572
906 1777
906 1873
907 992
908 927
908 1598
908 1684
911 1415
912 1406
912 1592
913 1582
916 1573
917 1191
919 928
919 1089
919 1650
920 1221
920 1522
921 1382
921 1586
922 1754
923 1364
923 1404
923 1867
924 1784
927 1302
929 1632
933 1889
934 1177
934 1453
936 1207
939 1322
939 1334
940 1518
941 1395
943 1375
944 1507
945 1683
946 1595
946 1727
948 971
948 1182
949 1539
949 1708
950 1099
952 1910
952 1911
953 1476
954 986
954 1021
955 1409
956 961
956 1714
958 1368
959 1133
961 1325
962 963
962 1408
962 1627
962 1725
962 1919
962 1920
962 1921
963 1302
963 1539
963 1601
963 1748
963 1927
963 1928
963 1929
963 1930
964 1402
964 1505
965 1239
967 1736
968 1673
969 1481
970 972
970 1624
970 1740
972 1600
972 1742
974 1372
975 1691
976 1745
976 1948
978 1313
978 1351
978 1373
978 1543
979 1441
980 1217
981 1241
981 1555
982 1245
982 1261
983 1484
983 1770
983 1874
985 1449
985 1483
985 1619
985 1917
987 1039
989 1047
991 1353
993 1255
994 1257
995 1202
995 1260
995 1454
995 1545
997 1944
998 1548
1000 1520
1001 1864
1002 1548
1003 1789
1005 1633
1005 1792
1006 1793
1007 1338
1008 1189
1009 1487
1009 1651
1010 1011
1011 1355
1013 1656
1015 1016
1015 1644
1015 1794
1015 1795
1015 1796
1016 1448
1017 1553
1018 1456
1018 1559
1019 1790
1020 1054
1021 1681
1022 1554
1023 1440
1024 1026
1025 1364
1026 1189
1026 1799
1027 1029
1027 1800
1028 1301
1028 1340
1028 1798
1029 1347
1029 1554
1030 1276
1030 1576
1031 1328
1031 1340
1033 1636
1035 1499
1036 1642
1038 1463
1039 1805
1041 1499
1041 1643
1042 1496
1043 1211
1044 1555
1045 1392
1045 1442
1045 1644
1046 1692
1047 1597
1048 1050
1048 1808
1049 1674
1051 1457
1051 1556
1052 1448
1053 1429
1054 1259
1054 1604
1054 1811
1054 1812
1056 1813
1057 1460
1057 1809
1059 1427
1059 1650
1060 1426
1060 1557
1060 1817
1061 1115
1061 1591
1061 1815
1062 1482
1063 1065
1064 1818
1065 1647
1066 1201
1066 1356
1069 1072
1070 1560
1071 1505
1073 1657
1076 1238
1077 1348
1078 1350
1078 1454
1080 1083
1080 1428
1081 1360
1082 1701
1084 1830
1085 1659
1086 1476
1087 1346
1087 1571
1089 1377
1089 1655
1089 1825
1093 1707
1094 1661
1095 1366
1096 1660
1097 1359
1097 1425
1098 1610
1099 1646
1099 1678
1099 1806
1100 1351
1101 1226
1102 1288
1102 1467
1102 1657
1102 1831
1103 1105
1104 1105
1106 1296
1108 1384
1108 1583
1108 1665
1108 1704
1109 1369
1110 1480
1112 1839
1113 1339
1114 1118
1114 1405
1114 1667
1114 1840
1117 1121
1118 1841
1119 1565
1120 1609
1122 1514
1122 1570
1123 1126
1126 1369
1127 1465
1129 1404
1129 1668
1131 1443
1131 1690
1131 1846
1133 1425
1134 1245
1134 1568
1136 1572
1136 1579
1136 1847
1138 1475
1139 1669
1142 1296
1142 1418
1142 1578
1144 1853
1147 1852
1150 1164
1153 1677
1154 1585
1157 1383
1158 1858
1160 1743
1162 1363
1163 1168
1166 1432
1166 1872
1168 1535
1169 1579
1169 1871
1171 1407
1172 1318
1172 1349
1173 1687
1175 1582
1175 1708
1175 1882
1175 1883
1176 1682
1176 1688
1176 1733
1177 1532
1178 1221
1180 1724
1182 1779
1183 1694
1184 1611
1185 1679
1187 1590
1190 1508
1194 1706
1197 1394
1198 1208
1198 1472
1199 1623
1200 1590
1201 1356
1201 1558
1201 1819
1201 1820
1202 1721
1202 1896
1203 1620
1204 1595
1205 1390
1205 1601
1207 1522
1209 1478
1209 1629
1210 1330
1211 1212
1211 1249
1213 1721
1213 1913
1214 1367
1214 1879
1216 1244
1219 1726
1219 1922
1220 1410
1220 1481
1220 1727
1222 1614
1224 1676
1226 1485
1228 1596
1228 1912
1229 1325
1231 1941
1232 1397
1232 1737
1233 1765
1233 1942
1234 1943
1235 1482
1235 1736
1235 1934
1237 1526
1237 1742
1238 1288
1238 1461
1240 1549
1240 1774
1241 1748
1242 1531
1242 1949
1243 1732
1243 1925
1244 1626
1245 1613
1248 1479
1250 1629
1251 1493
1253 1407
1253 1589
1256 1588
1257 1630
1257 1966
1258 1309
1263 1267
1265 1451
1265 1631
1268 1269
1268 1389
1269 1270
1269 1375
1269 1998
1271 1272
1271 1373
1272 1552
1273 1527
1274 1468
1276 1415
1278 1386
1278 1576
1279 1356
1279 1428
1280 1375
1283 1824
1284 1497
1284 1564
1284 1832
1286 1567
1287 1347
1287 1419
1288 1330
1291 1672
1292 1702
1293 1525
1294 1584
1295 1512
1297 1436
1297 1473
1298 1519
1298 1898
1299 1337
1300 1306
1302 1494
1302 1602
1302 1931
1304 1615
1305 1733
1307 1325
1307 1935
1308 1343
1308 1415
1308 1445
1310 1345
1310 1752
1312 1545
1312 1722
1312 1916
1313 1611
1313 1952
1313 1953
1314 1959
1317 1713
1320 1353
1320 1639
1321 1962
1323 1416
1324 1561
1328 1463
1330 1333
1332 1444
1336 1396
1342 1388
1343 1608
1343 1937
1344 1390
1348 1434
1354 1490
1358 1381
1359 1569
1362 1519
1396 1474
1424 1569
1424 1791
1437 1750
1440 1512
1530 1743
1530 1744
1566 1570
1589 1895
1641 1797
1744 1947
