0 1
0 2
0 4
0 5
0 6
0 7
0 8
0 9
0 10
0 11
0 12
0 13
0 14
0 15
0 17
0 18
0 19
0 20
0 21
0 22
0 23
0 24
0 25
0 26
0 27
0 28
0 30
0 31
0 32
0 33
0 34
0 35
0 36
0 37
0 38
0 39
0 40
0 41
0 42
0 43
0 44
0 45
0 46
0 47
0 48
0 49
0 50
0 51
0 52
0 53
0 54
0 55
0 57
0 58
0 59
0 60
0 62
0 63
0 64
0 65
0 66
0 67
0 69
0 70
0 71
0 72
0 73
0 74
0 75
0 77
0 78
0 79
0 82
0 84
0 85
0 86
0 88
0 89
0 91
0 93
0 95
0 96
0 100
0 102
0 104
0 107
0 108
0 109
0 111
0 112
0 113
0 114
0 115
0 116
0 118
0 120
0 121
0 122
0 126
0 127
0 132
0 133
0 136
0 137
0 138
0 140
0 142
0 146
0 147
0 148
0 149
0 155
0 156
0 157
0 158
0 162
0 163
0 164
0 165
0 166
0 171
0 172
0 174
0 179
0 180
0 181
0 183
0 185
0 190
0 191
0 192
0 195
0 201
0 203
0 207
0 210
0 213
0 214
0 215
0 219
0 221
0 223
0 224
0 231
0 232
0 233
0 234
0 240
0 242
0 246
0 247
0 252
0 253
0 254
0 255
0 260
0 261
0 263
0 264
0 273
0 274
0 275
0 281
0 282
0 283
0 285
0 289
0 291
0 296
0 304
0 305
0 306
0 307
0 308
0 314
0 322
0 323
0 325
0 328
0 329
0 339
0 340
0 343
0 353
0 354
0 355
0 360
0 361
0 362
0 363
0 366
0 367
0 368
0 377
0 378
0 392
0 394
0 395
0 403
0 404
0 405
0 422
0 423
0 436
0 437
0 438
0 451
0 452
0 456
0 470
0 471
0 472
0 478
0 495
0 496
0 504
0 522
0 523
0 524
0 543
0 550
0 570
0 571
0 602
0 632
0 720
0 721
0 772
0 773
1 2
1 3
1 4
1 5
1 6
1 7
1 8
1 10
1 11
1 12
1 13
1 14
1 17
1 18
1 19
1 20
1 21
1 22
1 23
1 24
1 25
1 26
1 27
1 28
1 30
1 31
1 32
1 34
1 35
1 37
1 38
1 39
1 40
1 41
1 42
1 43
1 45
1 46
1 47
1 49
1 50
1 51
1 52
1 53
1 54
1 55
1 58
1 59
1 60
1 63
1 64
1 65
1 66
1 67
1 68
1 69
1 70
1 71
1 72
1 73
1 74
1 75
1 77
1 78
1 79
1 81
1 82
1 84
1 85
1 86
1 87
1 88
1 89
1 90
1 91
1 93
1 95
1 96
1 100
1 101
1 102
1 104
1 105
1 106
1 108
1 109
1 112
1 113
1 114
1 115
1 116
1 122
1 127
1 128
1 130
1 132
1 133
1 134
1 136
1 137
1 141
1 142
1 146
1 147
1 148
1 149
1 152
1 155
1 156
1 158
1 161
1 163
1 164
1 165
1 166
1 167
1 174
1 176
1 178
1 179
1 180
1 183
1 185
1 186
1 190
1 195
1 201
1 210
1 213
1 215
1 224
1 226
1 232
1 235
1 237
1 240
1 242
1 254
1 261
1 271
1 273
1 274
1 280
1 281
1 282
1 283
1 284
1 291
1 295
1 296
1 306
1 308
1 314
1 315
1 316
1 318
1 320
1 327
1 343
1 351
1 353
1 354
1 355
1 373
1 378
1 396
1 397
1 408
1 419
1 421
1 429
1 438
1 456
1 473
1 475
1 476
1 477
1 495
1 508
1 524
1 527
1 544
1 550
1 561
1 562
1 573
1 592
1 601
1 633
1 648
1 649
1 658
1 659
1 669
1 706
1 725
1 820
1 857
1 912
2 3
2 4
2 5
2 6
2 7
2 8
2 10
2 11
2 12
2 13
2 14
2 16
2 17
2 18
2 19
2 20
2 21
2 23
2 24
2 25
2 26
2 27
2 28
2 31
2 32
2 34
2 35
2 37
2 38
2 39
2 40
2 41
2 42
2 43
2 44
2 46
2 47
2 49
2 50
2 52
2 53
2 54
2 55
2 57
2 58
2 59
2 60
2 62
2 63
2 64
2 65
2 66
2 67
2 69
2 71
2 72
2 73
2 74
2 75
2 76
2 77
2 78
2 81
2 82
2 83
2 85
2 86
2 87
2 88
2 89
2 90
2 91
2 93
2 95
2 96
2 97
2 100
2 101
2 102
2 105
2 106
2 107
2 108
2 109
2 111
2 112
2 113
2 115
2 118
2 120
2 121
2 125
2 126
2 128
2 132
2 133
2 135
2 137
2 138
2 139
2 141
2 145
2 147
2 148
2 149
2 152
2 155
2 157
2 158
2 161
2 166
2 167
2 171
2 172
2 174
2 179
2 180
2 181
2 183
2 184
2 186
2 203
2 206
2 208
2 210
2 212
2 213
2 214
2 219
2 220
2 221
2 223
2 224
2 231
2 233
2 235
2 236
2 237
2 240
2 255
2 261
2 262
2 263
2 264
2 271
2 273
2 280
2 282
2 283
2 284
2 285
2 291
2 292
2 308
2 312
2 314
2 320
2 336
2 337
2 339
2 341
2 343
2 350
2 353
2 355
2 360
2 362
2 366
2 391
2 394
2 395
2 402
2 418
2 432
2 436
2 439
2 452
2 456
2 469
2 470
2 478
2 492
2 496
2 497
2 507
2 519
2 545
2 546
2 550
2 601
2 602
2 603
2 619
2 624
2 627
2 657
2 659
2 842
3 6
3 7
3 8
3 10
3 12
3 14
3 15
3 18
3 20
3 21
3 22
3 25
3 27
3 31
3 34
3 36
3 42
3 43
3 44
3 46
3 47
3 50
3 51
3 52
3 53
3 57
3 62
3 63
3 66
3 67
3 68
3 69
3 70
3 73
3 74
3 77
3 82
3 86
3 88
3 91
3 96
3 97
3 106
3 107
3 110
3 111
3 112
3 113
3 114
3 115
3 118
3 120
3 126
3 127
3 132
3 133
3 138
3 139
3 140
3 141
3 142
3 147
3 149
3 151
3 152
3 157
3 172
3 174
3 178
3 179
3 180
3 182
3 183
3 184
3 186
3 192
3 194
3 195
3 202
3 203
3 210
3 214
3 222
3 223
3 224
3 231
3 233
3 242
3 247
3 261
3 262
3 264
3 271
3 272
3 273
3 280
3 282
3 283
3 284
3 285
3 290
3 291
3 296
3 307
3 308
3 314
3 315
3 316
3 321
3 323
3 328
3 337
3 341
3 343
3 350
3 354
3 356
3 359
3 360
3 362
3 364
3 367
3 368
3 374
3 378
3 379
3 405
3 419
3 420
3 423
3 438
3 439
3 449
3 451
3 452
3 454
3 456
3 469
3 470
3 473
3 478
3 491
3 492
3 493
3 495
3 496
3 497
3 520
3 524
3 551
3 569
3 596
3 597
3 627
3 628
3 660
3 661
3 662
3 663
3 725
3 846
3 859
4 5
4 7
4 8
4 9
4 10
4 11
4 12
4 13
4 17
4 19
4 22
4 23
4 24
4 25
4 26
4 28
4 30
4 31
4 32
4 34
4 35
4 37
4 38
4 39
4 42
4 49
4 50
4 51
4 58
4 59
4 69
4 76
4 77
4 78
4 79
4 80
4 82
4 83
4 93
4 94
4 98
4 99
4 100
4 108
4 109
4 116
4 118
4 119
4 123
4 125
4 129
4 130
4 135
4 136
4 143
4 149
4 150
4 158
4 159
4 162
4 163
4 169
4 171
4 188
4 190
4 191
4 199
4 200
4 204
4 209
4 211
4 215
4 218
4 219
4 227
4 228
4 239
4 249
4 250
4 252
4 253
4 257
4 266
4 267
4 269
4 289
4 293
4 299
4 301
4 332
4 344
4 357
4 370
4 384
4 385
4 387
4 399
4 409
4 410
4 425
4 441
4 442
4 460
4 463
4 465
4 481
4 486
4 513
4 514
4 534
4 579
4 580
4 605
4 606
4 639
4 641
4 674
4 675
4 676
4 677
4 678
4 693
4 696
4 740
4 749
4 786
4 869
5 7
5 8
5 10
5 11
5 12
5 13
5 14
5 17
5 18
5 19
5 20
5 21
5 22
5 23
5 24
5 25
5 26
5 27
5 28
5 30
5 31
5 32
5 34
5 35
5 37
5 39
5 42
5 43
5 45
5 46
5 49
5 50
5 51
5 53
5 58
5 59
5 63
5 64
5 65
5 66
5 67
5 68
5 69
5 72
5 73
5 74
5 75
5 77
5 78
5 82
5 84
5 85
5 89
5 91
5 93
5 95
5 100
5 101
5 112
5 113
5 115
5 116
5 121
5 122
5 127
5 133
5 136
5 137
5 138
5 140
5 141
5 146
5 147
5 148
5 149
5 155
5 156
5 158
5 166
5 167
5 171
5 180
5 191
5 192
5 196
5 205
5 219
5 223
5 232
5 240
5 241
5 242
5 255
5 273
5 282
5 283
5 290
5 294
5 305
5 308
5 312
5 322
5 323
5 327
5 335
5 339
5 340
5 349
5 353
5 354
5 360
5 367
5 377
5 403
5 404
5 418
5 422
5 428
5 436
5 446
5 448
5 468
5 474
5 488
5 495
5 502
5 504
5 506
5 519
5 523
5 563
5 571
5 647
5 668
5 720
5 766
5 773
5 907
5 908
5 938
5 972
5 973
5 974
5 975
5 976
6 7
6 8
6 10
6 11
6 12
6 13
6 14
6 15
6 18
6 20
6 21
6 22
6 23
6 24
6 26
6 27
6 28
6 32
6 33
6 36
6 38
6 40
6 41
6 48
6 54
6 55
6 56
6 58
6 60
6 65
6 70
6 71
6 81
6 85
6 88
6 92
6 93
6 95
6 100
6 102
6 104
6 108
6 109
6 110
6 117
6 134
6 144
6 145
6 160
6 164
6 168
6 173
6 174
6 176
6 185
6 187
6 197
6 198
6 201
6 203
6 208
6 212
6 216
6 217
6 225
6 226
6 235
6 236
6 238
6 240
6 245
6 251
6 256
6 258
6 264
6 265
6 270
6 279
6 288
6 292
6 297
6 298
6 302
6 303
6 306
6 311
6 317
6 318
6 328
6 333
6 334
6 358
6 380
6 382
6 383
6 412
6 417
6 445
6 457
6 480
6 491
6 499
6 500
6 510
6 511
6 512
6 530
6 531
6 533
6 541
6 551
6 553
6 576
6 578
6 637
6 672
6 673
6 728
6 780
6 782
7 8
7 9
7 10
7 11
7 12
7 13
7 17
7 19
7 20
7 21
7 22
7 23
7 25
7 26
7 27
7 28
7 30
7 31
7 34
7 35
7 37
7 39
7 42
7 43
7 45
7 46
7 49
7 50
7 51
7 53
7 54
7 58
7 59
7 63
7 64
7 65
7 67
7 72
7 73
7 74
7 78
7 80
7 82
7 83
7 84
7 89
7 93
7 95
7 99
7 101
7 108
7 112
7 116
7 121
7 122
7 124
7 129
7 132
7 133
7 136
7 137
7 146
7 147
7 148
7 149
7 152
7 155
7 156
7 158
7 167
7 171
7 181
7 186
7 191
7 196
7 205
7 213
7 215
7 229
7 230
7 232
7 234
7 237
7 240
7 241
7 246
7 252
7 254
7 264
7 274
7 281
7 287
7 294
7 296
7 304
7 305
7 312
7 327
7 335
7 336
7 339
7 340
7 346
7 353
7 392
7 395
7 400
7 404
7 405
7 414
7 416
7 422
7 427
7 436
7 447
7 448
7 466
7 467
7 469
7 474
7 487
7 488
7 502
7 504
7 517
7 537
7 538
7 539
7 542
7 559
7 563
7 588
7 589
7 590
7 614
7 621
7 646
7 700
7 708
7 755
7 826
8 9
8 10
8 11
8 12
8 13
8 14
8 16
8 17
8 18
8 20
8 21
8 22
8 23
8 24
8 26
8 27
8 28
8 29
8 31
8 32
8 34
8 38
8 40
8 41
8 42
8 43
8 44
8 46
8 47
8 51
8 52
8 57
8 59
8 60
8 61
8 62
8 63
8 64
8 65
8 66
8 67
8 69
8 71
8 73
8 75
8 77
8 82
8 86
8 87
8 88
8 90
8 91
8 95
8 97
8 100
8 102
8 103
8 104
8 105
8 106
8 107
8 111
8 112
8 113
8 114
8 115
8 116
8 120
8 127
8 133
8 136
8 139
8 141
8 142
8 145
8 147
8 148
8 149
8 151
8 153
8 155
8 164
8 165
8 167
8 170
8 177
8 178
8 179
8 180
8 182
8 185
8 193
8 194
8 195
8 197
8 201
8 202
8 206
8 210
8 221
8 222
8 226
8 236
8 240
8 242
8 245
8 259
8 260
8 262
8 283
8 284
8 306
8 314
8 316
8 317
8 323
8 324
8 327
8 338
8 354
8 355
8 361
8 372
8 376
8 391
8 408
8 417
8 421
8 432
8 440
8 450
8 470
8 472
8 492
8 497
8 525
8 562
8 596
8 597
8 620
8 659
8 707
9 11
9 12
9 13
9 14
9 17
9 21
9 22
9 24
9 25
9 34
9 35
9 37
9 41
9 50
9 51
9 52
9 54
9 57
9 58
9 59
9 61
9 64
9 66
9 67
9 73
9 78
9 82
9 88
9 91
9 93
9 100
9 106
9 112
9 113
9 127
9 133
9 136
9 140
9 163
9 167
9 174
9 190
9 191
9 219
9 232
9 252
9 266
9 268
9 281
9 282
9 289
9 296
9 305
9 322
9 349
9 350
9 353
9 354
9 370
9 386
9 387
9 392
9 402
9 403
9 404
9 428
9 442
9 446
9 448
9 456
9 461
9 462
9 463
9 468
9 469
9 484
9 486
9 488
9 495
9 502
9 504
9 519
9 535
9 536
9 555
9 564
9 582
9 583
9 584
9 585
9 595
9 608
9 609
9 610
9 624
9 644
9 647
9 648
9 671
9 685
9 686
9 687
9 688
9 706
9 718
9 733
9 734
9 735
9 736
9 737
9 738
9 739
9 741
9 742
9 743
9 770
9 772
9 795
9 796
9 797
9 798
9 799
9 800
9 801
9 802
9 820
9 863
9 882
9 883
9 884
9 885
9 886
9 889
9 890
9 891
9 892
9 949
9 980
10 11
10 12
10 13
10 14
10 17
10 18
10 19
10 20
10 21
10 22
10 23
10 24
10 25
10 26
10 27
10 28
10 29
10 31
10 32
10 34
10 35
10 37
10 38
10 39
10 41
10 42
10 43
10 44
10 45
10 46
10 47
10 49
10 50
10 51
10 53
10 58
10 59
10 60
10 61
10 63
10 64
10 65
10 66
10 67
10 68
10 69
10 70
10 73
10 74
10 75
10 77
10 82
10 84
10 85
10 91
10 93
10 96
10 97
10 100
10 101
10 102
10 112
10 113
10 116
10 121
10 122
10 126
10 127
10 132
10 133
10 136
10 140
10 141
10 142
10 147
10 148
10 149
10 155
10 156
10 158
10 161
10 165
10 166
10 167
10 171
10 172
10 178
10 179
10 180
10 183
10 184
10 185
10 191
10 192
10 194
10 195
10 201
10 207
10 210
10 213
10 224
10 240
10 242
10 247
10 259
10 262
10 264
10 271
10 273
10 280
10 281
10 282
10 283
10 290
10 294
10 296
10 314
10 325
10 339
10 354
10 355
10 361
10 363
10 366
10 375
10 378
10 379
10 391
10 393
10 402
10 432
10 438
10 474
10 495
10 497
10 501
10 506
10 524
10 526
10 544
10 595
10 625
10 705
10 816
11 12
11 13
11 14
11 15
11 17
11 18
11 19
11 20
11 21
11 22
11 23
11 24
11 25
11 26
11 27
11 28
11 29
11 31
11 32
11 33
11 34
11 35
11 37
11 38
11 39
11 40
11 41
11 42
11 43
11 45
11 46
11 49
11 50
11 51
11 53
11 54
11 55
11 56
11 58
11 59
11 60
11 63
11 64
11 65
11 66
11 67
11 69
11 71
11 74
11 75
11 77
11 78
11 79
11 81
11 82
11 84
11 85
11 86
11 89
11 91
11 92
11 93
11 95
11 96
11 100
11 101
11 102
11 106
11 108
11 109
11 112
11 113
11 115
11 116
11 118
11 121
11 122
11 132
11 133
11 136
11 137
11 140
11 146
11 147
11 148
11 149
11 152
11 155
11 156
11 157
11 164
11 165
11 166
11 167
11 171
11 180
11 184
11 186
11 196
11 201
11 202
11 213
11 215
11 216
11 219
11 223
11 232
11 234
11 237
11 240
11 242
11 243
11 254
11 264
11 271
11 273
11 274
11 279
11 280
11 281
11 284
11 296
11 304
11 314
11 323
11 329
11 336
11 337
11 341
11 343
11 350
11 355
11 356
11 374
11 378
11 395
11 418
11 419
11 452
11 490
11 504
11 594
11 659
12 13
12 14
12 16
12 17
12 18
12 19
12 20
12 21
12 22
12 23
12 24
12 25
12 26
12 27
12 28
12 31
12 32
12 34
12 35
12 37
12 38
12 41
12 42
12 44
12 46
12 47
12 49
12 50
12 51
12 52
12 53
12 57
12 58
12 59
12 60
12 62
12 64
12 65
12 66
12 67
12 68
12 69
12 70
12 73
12 74
12 75
12 77
12 78
12 82
12 86
12 88
12 89
12 91
12 93
12 95
12 96
12 97
12 100
12 102
12 107
12 108
12 111
12 112
12 113
12 120
12 126
12 128
12 132
12 133
12 138
12 140
12 146
12 147
12 155
12 165
12 167
12 172
12 174
12 178
12 179
12 180
12 183
12 194
12 214
12 224
12 231
12 233
12 247
12 255
12 259
12 261
12 273
12 275
12 280
12 284
12 285
12 289
12 291
12 296
12 308
12 325
12 338
12 352
12 353
12 354
12 355
12 360
12 362
12 363
12 367
12 377
12 378
12 393
12 394
12 402
12 404
12 405
12 452
12 456
12 470
12 472
12 478
12 494
12 523
12 547
12 570
12 599
12 602
12 718
12 852
12 853
13 14
13 15
13 18
13 19
13 20
13 21
13 22
13 23
13 24
13 26
13 27
13 28
13 31
13 32
13 33
13 34
13 36
13 37
13 40
13 41
13 42
13 43
13 45
13 46
13 48
13 49
13 51
13 55
13 56
13 58
13 59
13 60
13 63
13 64
13 65
13 69
13 70
13 71
13 73
13 74
13 75
13 77
13 78
13 81
13 82
13 84
13 88
13 91
13 92
13 93
13 95
13 100
13 104
13 108
13 109
13 110
13 112
13 118
13 121
13 134
13 145
13 147
13 164
13 174
13 176
13 185
13 187
13 197
13 198
13 201
13 203
13 208
13 216
13 226
13 235
13 236
13 237
13 238
13 245
13 256
13 258
13 264
13 265
13 277
13 279
13 288
13 292
13 302
13 303
13 306
13 317
13 318
13 327
13 328
13 333
13 334
13 343
13 368
13 380
13 381
13 382
13 412
13 419
13 424
13 454
13 455
13 457
13 478
13 522
13 533
13 551
13 637
14 16
14 18
14 20
14 21
14 22
14 24
14 26
14 27
14 29
14 31
14 32
14 34
14 35
14 38
14 41
14 42
14 43
14 44
14 46
14 47
14 50
14 51
14 52
14 53
14 57
14 59
14 61
14 62
14 63
14 64
14 65
14 66
14 67
14 68
14 69
14 71
14 73
14 74
14 75
14 77
14 82
14 85
14 86
14 87
14 90
14 91
14 96
14 97
14 100
14 102
14 103
14 104
14 105
14 106
14 107
14 111
14 112
14 113
14 114
14 115
14 116
14 126
14 128
14 133
14 140
14 141
14 142
14 147
14 152
14 155
14 161
14 165
14 166
14 170
14 177
14 178
14 179
14 180
14 182
14 184
14 196
14 201
14 202
14 206
14 207
14 215
14 220
14 221
14 222
14 223
14 224
14 237
14 242
14 259
14 262
14 271
14 273
14 280
14 284
14 308
14 314
14 316
14 323
14 324
14 338
14 352
14 355
14 361
14 366
14 375
14 397
14 408
14 421
14 432
14 438
14 440
14 450
14 472
14 497
14 550
14 596
14 599
14 659
14 707
14 855
14 912
15 20
15 23
15 25
15 28
15 32
15 33
15 36
15 38
15 40
15 41
15 48
15 54
15 55
15 56
15 60
15 70
15 71
15 81
15 92
15 93
15 96
15 102
15 108
15 109
15 110
15 117
15 118
15 134
15 144
15 157
15 168
15 176
15 187
15 208
15 212
15 217
15 225
15 238
15 243
15 251
15 256
15 258
15 270
15 277
15 278
15 279
15 288
15 298
15 302
15 303
15 311
15 318
15 329
15 333
15 334
15 342
15 358
15 383
15 424
15 445
15 457
15 480
15 500
15 510
15 511
15 512
15 529
15 530
15 531
15 532
15 617
15 636
15 672
15 673
15 781
15 783
15 784
15 950
16 18
16 22
16 31
16 39
16 43
16 44
16 47
16 52
16 57
16 61
16 62
16 68
16 73
16 74
16 85
16 86
16 91
16 97
16 106
16 107
16 111
16 114
16 115
16 120
16 126
16 127
16 138
16 139
16 140
16 141
16 142
16 151
16 153
16 172
16 177
16 178
16 179
16 182
16 186
16 194
16 195
16 202
16 206
16 207
16 214
16 220
16 221
16 222
16 224
16 231
16 247
16 255
16 261
16 262
16 271
16 272
16 275
16 280
16 283
16 285
16 290
16 308
16 313
16 319
16 321
16 325
16 326
16 338
16 343
16 350
16 355
16 359
16 360
16 364
16 365
16 374
16 375
16 376
16 379
16 393
16 402
16 406
16 419
16 420
16 421
16 433
16 434
16 435
16 440
16 451
16 453
16 471
16 472
16 493
16 494
16 505
16 524
16 525
16 526
16 547
16 549
16 567
16 595
16 597
16 600
16 625
16 630
16 631
16 632
16 658
16 662
16 666
16 667
16 714
16 715
16 719
16 722
16 726
16 843
16 845
17 19
17 21
17 22
17 23
17 26
17 27
17 28
17 30
17 31
17 34
17 35
17 37
17 39
17 42
17 46
17 49
17 50
17 51
17 53
17 58
17 59
17 64
17 69
17 76
17 78
17 79
17 80
17 82
17 83
17 89
17 94
17 95
17 99
17 100
17 101
17 112
17 119
17 121
17 122
17 123
17 124
17 125
17 129
17 130
17 135
17 136
17 137
17 146
17 150
17 158
17 162
17 163
17 171
17 188
17 190
17 191
17 196
17 199
17 200
17 205
17 209
17 211
17 213
17 215
17 219
17 227
17 228
17 229
17 230
17 234
17 237
17 246
17 252
17 253
17 254
17 257
17 268
17 269
17 287
17 289
17 293
17 295
17 296
17 299
17 300
17 304
17 332
17 345
17 385
17 388
17 389
17 416
17 429
17 442
17 459
17 463
17 482
17 483
17 515
17 539
17 554
17 607
17 680
17 693
17 731
17 740
17 749
17 791
17 876
18 20
18 21
18 22
18 24
18 25
18 27
18 31
18 32
18 34
18 36
18 38
18 42
18 43
18 44
18 47
18 52
18 53
18 57
18 60
18 61
18 62
18 66
18 67
18 68
18 69
18 72
18 73
18 74
18 75
18 77
18 78
18 85
18 86
18 87
18 90
18 91
18 97
18 102
18 103
18 105
18 106
18 107
18 111
18 113
18 115
18 120
18 127
18 128
18 139
18 141
18 142
18 147
18 151
18 152
18 153
18 155
18 161
18 165
18 170
18 179
18 182
18 183
18 193
18 195
18 202
18 206
18 207
18 220
18 221
18 222
18 231
18 242
18 261
18 263
18 272
18 280
18 285
18 291
18 313
18 314
18 315
18 316
18 320
18 321
18 326
18 337
18 338
18 355
18 359
18 364
18 365
18 366
18 375
18 376
18 419
18 420
18 433
18 438
18 440
18 449
18 600
18 626
18 630
18 631
18 658
18 715
18 716
18 770
18 843
18 845
19 21
19 23
19 24
19 25
19 26
19 27
19 28
19 30
19 32
19 35
19 37
19 38
19 39
19 49
19 51
19 55
19 58
19 69
19 76
19 79
19 80
19 83
19 94
19 99
19 108
19 118
19 119
19 123
19 124
19 125
19 129
19 143
19 150
19 158
19 159
19 162
19 163
19 169
19 175
19 188
19 190
19 199
19 200
19 204
19 209
19 211
19 218
19 227
19 228
19 239
19 249
19 250
19 253
19 257
19 266
19 267
19 268
19 269
19 286
19 289
19 293
19 300
19 301
19 332
19 344
19 345
19 348
19 357
19 384
19 385
19 390
19 399
19 410
19 416
19 426
19 441
19 460
19 465
19 513
19 514
19 557
19 580
19 587
19 605
19 639
19 678
19 693
19 694
19 695
19 750
19 785
19 810
20 21
20 22
20 24
20 25
20 27
20 31
20 32
20 36
20 38
20 42
20 43
20 44
20 46
20 47
20 51
20 52
20 53
20 57
20 62
20 66
20 67
20 68
20 69
20 74
20 77
20 78
20 86
20 88
20 90
20 91
20 100
20 102
20 106
20 107
20 111
20 113
20 120
20 132
20 138
20 140
20 147
20 149
20 157
20 172
20 174
20 179
20 180
20 186
20 203
20 214
20 215
20 223
20 231
20 233
20 237
20 242
20 255
20 263
20 272
20 284
20 291
20 296
20 315
20 316
20 320
20 321
20 323
20 337
20 343
20 350
20 359
20 360
20 362
20 368
20 374
20 379
20 405
20 420
20 423
20 449
20 452
20 456
20 469
20 470
20 478
20 492
20 493
20 547
20 568
20 569
20 596
20 597
20 627
20 628
20 631
20 663
20 716
20 846
20 859
20 929
21 22
21 23
21 24
21 25
21 26
21 27
21 28
21 31
21 32
21 34
21 35
21 37
21 38
21 41
21 42
21 43
21 44
21 46
21 47
21 49
21 50
21 51
21 52
21 53
21 57
21 58
21 59
21 60
21 62
21 63
21 64
21 65
21 66
21 67
21 68
21 69
21 72
21 73
21 74
21 75
21 77
21 82
21 85
21 87
21 89
21 91
21 93
21 95
21 96
21 100
21 101
21 102
21 107
21 108
21 111
21 112
21 113
21 115
21 126
21 132
21 133
21 138
21 140
21 141
21 142
21 147
21 155
21 165
21 166
21 172
21 180
21 183
21 192
21 194
21 223
21 224
21 231
21 233
21 247
21 255
21 273
21 275
21 308
21 321
21 325
21 351
21 362
21 363
21 367
21 378
21 393
21 394
21 396
21 421
21 437
21 438
21 451
21 471
21 495
21 506
21 627
21 632
21 721
21 910
22 26
22 27
22 31
22 32
22 34
22 38
22 41
22 42
22 43
22 44
22 46
22 47
22 50
22 52
22 53
22 57
22 59
22 62
22 64
22 66
22 67
22 69
22 72
22 73
22 74
22 75
22 77
22 82
22 85
22 88
22 91
22 100
22 107
22 111
22 113
22 115
22 120
22 126
22 132
22 133
22 138
22 140
22 147
22 149
22 152
22 161
22 165
22 166
22 171
22 172
22 174
22 179
22 183
22 192
22 194
22 198
22 203
22 207
22 214
22 221
22 231
22 233
22 247
22 255
22 259
22 262
22 263
22 264
22 291
22 296
22 320
22 321
22 325
22 355
22 360
22 362
22 363
22 367
22 377
22 378
22 394
22 405
22 436
22 437
22 450
22 451
22 456
22 470
22 471
22 472
22 478
22 496
22 506
22 521
22 523
22 550
22 602
22 719
23 25
23 26
23 27
23 28
23 30
23 32
23 34
23 35
23 37
23 39
23 40
23 43
23 49
23 51
23 55
23 58
23 69
23 76
23 78
23 79
23 80
23 83
23 89
23 93
23 94
23 99
23 100
23 108
23 109
23 118
23 119
23 123
23 124
23 125
23 129
23 135
23 136
23 143
23 150
23 158
23 159
23 162
23 163
23 168
23 175
23 188
23 190
23 199
23 200
23 204
23 209
23 219
23 228
23 229
23 239
23 250
23 253
23 266
23 268
23 289
23 293
23 300
23 301
23 332
23 344
23 345
23 357
23 370
23 371
23 387
23 390
23 401
23 459
23 465
23 486
23 534
23 540
23 557
23 587
23 675
23 678
23 693
23 694
23 695
23 696
23 697
23 750
23 808
24 25
24 26
24 27
24 31
24 32
24 34
24 38
24 42
24 43
24 44
24 46
24 47
24 49
24 51
24 53
24 59
24 63
24 64
24 66
24 67
24 69
24 72
24 73
24 74
24 75
24 77
24 78
24 82
24 89
24 90
24 91
24 93
24 96
24 97
24 100
24 101
24 102
24 105
24 112
24 113
24 114
24 115
24 116
24 120
24 126
24 127
24 133
24 140
24 141
24 142
24 147
24 149
24 152
24 155
24 156
24 166
24 179
24 180
24 183
24 195
24 202
24 223
24 234
24 242
24 263
24 264
24 273
24 274
24 275
24 283
24 284
24 285
24 290
24 291
24 308
24 314
24 327
24 339
24 355
24 366
24 367
24 373
24 379
24 394
24 396
24 418
24 476
24 497
24 506
24 507
24 527
24 550
24 572
24 601
24 633
24 669
24 723
24 855
24 938
25 28
25 31
25 32
25 33
25 34
25 36
25 37
25 38
25 40
25 41
25 48
25 49
25 55
25 56
25 58
25 60
25 65
25 66
25 70
25 71
25 72
25 75
25 78
25 79
25 82
25 88
25 96
25 100
25 102
25 104
25 108
25 109
25 110
25 118
25 120
25 134
25 142
25 157
25 173
25 174
25 185
25 186
25 187
25 196
25 197
25 198
25 203
25 208
25 210
25 215
25 216
25 225
25 226
25 235
25 236
25 237
25 243
25 256
25 265
25 292
25 317
25 328
25 329
25 343
25 356
25 368
25 380
25 381
25 382
25 419
25 423
25 454
25 456
25 478
25 498
25 529
25 551
25 670
25 725
25 859
25 941
26 27
26 28
26 31
26 34
26 37
26 42
26 43
26 46
26 47
26 49
26 50
26 53
26 58
26 59
26 63
26 64
26 67
26 69
26 73
26 74
26 75
26 77
26 82
26 91
26 93
26 97
26 100
26 113
26 116
26 132
26 136
26 138
26 140
26 147
26 148
26 155
26 156
26 166
26 167
26 169
26 171
26 174
26 180
26 190
26 191
26 210
26 219
26 232
26 233
26 252
26 273
26 282
26 283
26 285
26 296
26 308
26 322
26 340
26 349
26 362
26 370
26 387
26 392
26 403
26 404
26 437
26 442
26 446
26 462
26 463
26 468
26 484
26 486
26 488
26 502
26 564
26 571
26 582
26 583
26 584
26 598
26 609
26 610
26 665
26 668
26 684
26 686
26 696
26 706
26 733
26 741
26 744
26 754
26 797
26 798
26 889
26 948
26 961
26 962
27 31
27 34
27 35
27 37
27 38
27 41
27 42
27 43
27 44
27 45
27 46
27 47
27 49
27 50
27 51
27 53
27 57
27 58
27 59
27 63
27 64
27 65
27 66
27 67
27 68
27 69
27 72
27 74
27 75
27 77
27 78
27 82
27 84
27 85
27 86
27 87
27 91
27 97
27 100
27 111
27 112
27 113
27 114
27 115
27 116
27 132
27 133
27 136
27 140
27 141
27 142
27 148
27 149
27 155
27 156
27 165
27 166
27 172
27 178
27 179
27 180
27 183
27 192
27 193
27 194
27 210
27 213
27 215
27 224
27 232
27 237
27 242
27 247
27 281
27 282
27 284
27 290
27 291
27 296
27 316
27 325
27 339
27 354
27 355
27 363
27 391
27 393
27 405
27 432
27 448
27 501
27 543
27 648
28 30
28 32
28 33
28 35
28 36
28 37
28 38
28 40
28 41
28 48
28 54
28 55
28 56
28 58
28 60
28 65
28 70
28 71
28 79
28 80
28 81
28 83
28 88
28 92
28 93
28 96
28 100
28 102
28 108
28 109
28 110
28 117
28 118
28 124
28 130
28 134
28 144
28 145
28 157
28 168
28 176
28 197
28 208
28 209
28 212
28 217
28 225
28 236
28 238
28 243
28 245
28 251
28 256
28 258
28 265
28 270
28 276
28 277
28 278
28 288
28 297
28 298
28 302
28 303
28 311
28 317
28 318
28 333
28 334
28 342
28 417
28 479
28 500
28 510
28 528
28 784
28 813
29 31
29 38
29 39
29 41
29 44
29 46
29 52
29 53
29 57
29 59
29 63
29 66
29 74
29 77
29 91
29 93
29 97
29 101
29 106
29 111
29 113
29 114
29 115
29 116
29 120
29 126
29 133
29 138
29 141
29 142
29 148
29 171
29 174
29 179
29 182
29 184
29 202
29 210
29 214
29 221
29 224
29 231
29 233
29 235
29 242
29 255
29 263
29 281
29 284
29 291
29 295
29 314
29 315
29 316
29 325
29 327
29 339
29 362
29 379
29 394
29 397
29 405
29 408
29 429
29 452
29 455
29 473
29 509
29 567
29 573
29 575
29 599
29 600
29 601
29 620
29 633
29 649
29 658
29 707
29 714
29 724
29 771
29 775
29 819
29 821
29 829
29 858
29 917
30 35
30 37
30 39
30 49
30 51
30 58
30 64
30 76
30 79
30 80
30 83
30 84
30 98
30 99
30 119
30 123
30 124
30 125
30 129
30 135
30 143
30 150
30 158
30 159
30 162
30 163
30 169
30 175
30 188
30 190
30 199
30 200
30 204
30 209
30 211
30 218
30 227
30 228
30 229
30 239
30 249
30 250
30 257
30 266
30 267
30 269
30 286
30 287
30 293
30 299
30 300
30 344
30 345
30 384
30 385
30 389
30 399
30 409
30 410
30 425
30 441
30 460
30 465
30 481
30 514
30 534
30 579
30 580
30 605
30 606
30 638
30 641
30 676
30 677
30 786
31 32
31 34
31 35
31 38
31 42
31 43
31 44
31 46
31 47
31 50
31 51
31 52
31 53
31 57
31 58
31 59
31 62
31 64
31 66
31 67
31 68
31 69
31 72
31 73
31 74
31 75
31 77
31 82
31 85
31 86
31 91
31 93
31 97
31 100
31 106
31 113
31 115
31 120
31 126
31 127
31 132
31 138
31 140
31 147
31 148
31 155
31 165
31 166
31 179
31 180
31 184
31 195
31 207
31 215
31 223
31 231
31 237
31 261
31 273
31 275
31 284
31 285
31 291
31 307
31 308
31 319
31 337
31 341
31 343
31 363
31 366
31 367
31 375
31 378
31 423
31 546
31 629
31 660
31 661
31 726
31 841
31 848
31 927
32 33
32 36
32 37
32 38
32 40
32 41
32 42
32 48
32 49
32 54
32 55
32 56
32 58
32 60
32 65
32 70
32 71
32 75
32 78
32 81
32 88
32 92
32 93
32 102
32 108
32 109
32 110
32 112
32 118
32 134
32 144
32 157
32 168
32 173
32 174
32 176
32 187
32 198
32 203
32 208
32 212
32 225
32 235
32 245
32 251
32 256
32 258
32 265
32 270
32 279
32 288
32 292
32 297
32 302
32 303
32 317
32 318
32 333
32 334
32 342
32 358
32 380
32 383
32 412
32 417
32 424
32 480
32 491
32 500
32 512
32 528
32 530
32 532
32 533
32 553
32 576
32 636
32 865
33 36
33 38
33 40
33 41
33 48
33 54
33 55
33 56
33 60
33 70
33 71
33 81
33 88
33 92
33 93
33 96
33 102
33 108
33 109
33 110
33 117
33 118
33 134
33 144
33 168
33 173
33 176
33 187
33 197
33 198
33 208
33 212
33 217
33 225
33 238
33 251
33 256
33 258
33 265
33 277
33 279
33 288
33 297
33 298
33 302
33 303
33 311
33 318
33 333
33 334
33 342
33 358
33 383
33 445
33 479
33 491
33 500
33 511
33 512
33 528
33 530
33 532
33 636
33 673
33 780
33 783
34 42
34 44
34 46
34 47
34 49
34 50
34 51
34 53
34 57
34 58
34 59
34 62
34 64
34 67
34 68
34 69
34 73
34 74
34 75
34 77
34 79
34 82
34 85
34 89
34 91
34 93
34 97
34 100
34 107
34 111
34 112
34 113
34 126
34 132
34 133
34 138
34 140
34 141
34 148
34 155
34 165
34 166
34 167
34 171
34 172
34 179
34 180
34 183
34 192
34 214
34 231
34 232
34 233
34 247
34 255
34 273
34 290
34 296
34 308
34 322
34 340
34 349
34 353
34 354
34 361
34 362
34 367
34 377
34 378
34 402
34 422
34 432
34 435
34 436
34 438
34 448
34 452
34 472
34 494
34 495
34 496
34 506
34 521
34 815
34 978
35 37
35 38
35 39
35 46
35 49
35 51
35 58
35 76
35 78
35 79
35 80
35 83
35 84
35 89
35 94
35 95
35 99
35 123
35 124
35 125
35 129
35 130
35 135
35 158
35 162
35 163
35 190
35 209
35 213
35 218
35 227
35 228
35 229
35 230
35 234
35 246
35 248
35 250
35 253
35 254
35 267
35 268
35 281
35 287
35 289
35 296
35 300
35 304
35 310
35 332
35 345
35 346
35 369
35 371
35 385
35 388
35 389
35 400
35 416
35 459
35 466
35 482
35 554
35 612
35 640
35 679
35 789
35 790
36 38
36 40
36 41
36 48
36 54
36 55
36 56
36 60
36 65
36 70
36 71
36 81
36 88
36 92
36 93
36 96
36 102
36 104
36 108
36 109
36 117
36 134
36 144
36 145
36 157
36 173
36 176
36 186
36 197
36 198
36 203
36 212
36 216
36 217
36 225
36 238
36 243
36 245
36 251
36 256
36 258
36 279
36 288
36 292
36 298
36 303
36 306
36 311
36 317
36 318
36 329
36 333
36 356
36 358
36 417
36 457
36 480
36 499
36 533
36 552
36 553
36 578
36 604
36 617
36 636
36 637
36 728
36 778
36 780
37 38
37 39
37 49
37 51
37 55
37 58
37 69
37 76
37 79
37 80
37 83
37 84
37 89
37 95
37 98
37 99
37 100
37 108
37 118
37 119
37 123
37 124
37 125
37 129
37 130
37 135
37 137
37 143
37 150
37 158
37 159
37 162
37 163
37 175
37 188
37 190
37 199
37 200
37 204
37 209
37 211
37 218
37 227
37 228
37 229
37 230
37 234
37 239
37 248
37 249
37 250
37 253
37 254
37 266
37 267
37 268
37 269
37 281
37 286
37 287
37 289
37 293
37 299
37 300
37 301
37 310
37 330
37 345
37 371
37 385
37 388
37 389
37 390
37 399
37 401
37 416
37 425
37 460
37 481
37 482
37 554
37 641
38 40
38 41
38 42
38 46
38 48
38 49
38 53
38 54
38 55
38 56
38 58
38 59
38 60
38 65
38 66
38 67
38 70
38 71
38 72
38 75
38 79
38 81
38 86
38 88
38 89
38 91
38 100
38 104
38 108
38 109
38 110
38 117
38 118
38 134
38 142
38 144
38 145
38 157
38 168
38 174
38 176
38 186
38 187
38 197
38 198
38 203
38 208
38 216
38 235
38 236
38 245
38 256
38 258
38 265
38 271
38 288
38 292
38 297
38 303
38 306
38 317
38 328
38 343
38 380
38 381
38 382
38 383
38 412
38 417
38 419
38 478
38 491
38 551
38 577
39 45
39 49
39 51
39 58
39 76
39 78
39 79
39 80
39 83
39 84
39 89
39 94
39 95
39 99
39 121
39 124
39 125
39 129
39 130
39 135
39 136
39 137
39 146
39 158
39 163
39 171
39 175
39 190
39 196
39 209
39 213
39 219
39 227
39 228
39 229
39 230
39 234
39 237
39 246
39 254
39 267
39 268
39 281
39 287
39 289
39 296
39 304
39 310
39 332
39 346
39 371
39 388
39 389
39 415
39 416
39 458
39 459
39 482
39 515
39 640
39 679
39 729
39 730
39 789
39 790
39 874
40 41
40 48
40 54
40 55
40 56
40 58
40 60
40 65
40 70
40 71
40 81
40 88
40 92
40 93
40 96
40 102
40 108
40 109
40 110
40 118
40 134
40 144
40 145
40 157
40 164
40 168
40 173
40 176
40 185
40 187
40 197
40 198
40 201
40 203
40 208
40 212
40 216
40 217
40 225
40 226
40 245
40 251
40 256
40 258
40 265
40 270
40 278
40 279
40 288
40 297
40 298
40 302
40 303
40 311
40 317
40 318
40 333
40 334
40 342
40 358
40 368
40 380
40 382
40 383
40 417
40 445
40 457
40 491
40 500
40 510
40 511
40 512
40 530
40 531
40 533
40 672
40 673
41 54
41 55
41 56
41 59
41 60
41 65
41 70
41 71
41 81
41 88
41 92
41 93
41 96
41 102
41 104
41 108
41 109
41 110
41 134
41 144
41 145
41 160
41 164
41 173
41 174
41 185
41 197
41 201
41 203
41 212
41 216
41 225
41 226
41 235
41 236
41 245
41 256
41 260
41 279
41 292
41 306
41 317
41 328
41 347
41 358
41 368
41 372
41 381
41 382
41 412
41 417
41 454
41 455
41 478
41 491
41 522
41 541
41 551
42 43
42 44
42 46
42 47
42 50
42 51
42 52
42 53
42 57
42 59
42 62
42 66
42 67
42 68
42 69
42 73
42 74
42 75
42 77
42 82
42 86
42 91
42 97
42 113
42 120
42 126
42 127
42 138
42 147
42 166
42 171
42 184
42 223
42 224
42 231
42 261
42 282
42 284
42 285
42 291
42 307
42 308
42 314
42 339
42 341
42 343
42 366
42 378
42 422
42 423
42 436
42 546
42 563
42 565
42 594
42 629
42 664
42 765
42 832
42 833
42 835
42 841
42 921
42 922
42 937
42 988
43 46
43 47
43 50
43 53
43 57
43 59
43 61
43 62
43 64
43 66
43 67
43 68
43 69
43 73
43 74
43 75
43 77
43 82
43 85
43 86
43 87
43 90
43 100
43 103
43 114
43 115
43 127
43 132
43 136
43 138
43 140
43 141
43 147
43 148
43 152
43 155
43 156
43 161
43 165
43 166
43 167
43 179
43 180
43 183
43 184
43 191
43 194
43 195
43 206
43 219
43 220
43 223
43 232
43 242
43 252
43 261
43 273
43 282
43 285
43 307
43 308
43 315
43 319
43 349
43 353
43 365
43 366
43 375
43 392
43 402
43 404
43 432
43 448
43 502
43 506
43 573
43 595
43 718
43 815
43 979
44 47
44 52
44 53
44 59
44 66
44 67
44 68
44 69
44 72
44 85
44 86
44 87
44 90
44 97
44 103
44 105
44 116
44 120
44 128
44 139
44 140
44 141
44 142
44 151
44 152
44 153
44 161
44 165
44 177
44 180
44 186
44 192
44 202
44 206
44 221
44 222
44 223
44 242
44 261
44 263
44 271
44 272
44 275
44 280
44 313
44 315
44 320
44 323
44 351
44 352
44 355
44 359
44 361
44 365
44 407
44 419
44 421
44 435
44 437
44 451
44 453
44 471
44 472
44 494
44 496
44 521
44 547
44 550
44 596
44 597
44 599
44 632
44 661
44 666
44 707
44 721
45 49
45 51
45 63
45 64
45 78
45 83
45 84
45 89
45 91
45 93
45 95
45 101
45 112
45 116
45 121
45 122
45 129
45 131
45 133
45 137
45 146
45 148
45 156
45 171
45 172
45 181
45 189
45 196
45 205
45 213
45 215
45 237
45 241
45 255
45 287
45 294
45 304
45 312
45 335
45 339
45 340
45 408
45 414
45 416
45 427
45 447
45 487
45 503
45 517
45 539
45 542
45 558
45 603
45 613
45 621
45 651
45 701
45 702
45 751
45 755
46 51
46 59
46 64
46 68
46 73
46 74
46 75
46 77
46 78
46 82
46 85
46 91
46 96
46 97
46 100
46 112
46 113
46 127
46 132
46 133
46 137
46 147
46 148
46 149
46 155
46 156
46 166
46 167
46 180
46 195
46 214
46 233
46 247
46 255
46 259
46 290
46 308
46 339
46 353
46 354
46 436
46 438
46 439
46 448
46 502
46 546
46 563
46 619
46 657
46 818
46 842
46 854
46 911
46 981
47 53
47 57
47 59
47 61
47 62
47 63
47 67
47 68
47 69
47 72
47 85
47 86
47 87
47 90
47 96
47 97
47 103
47 105
47 106
47 114
47 127
47 128
47 140
47 141
47 151
47 152
47 153
47 161
47 165
47 170
47 177
47 180
47 184
47 186
47 195
47 206
47 220
47 221
47 222
47 223
47 242
47 261
47 263
47 271
47 275
47 280
47 313
47 319
47 320
47 324
47 326
47 341
47 351
47 355
47 365
47 406
47 407
47 419
47 421
47 432
47 433
47 434
47 440
47 450
47 453
47 548
47 661
47 667
48 54
48 55
48 56
48 60
48 70
48 81
48 88
48 92
48 93
48 96
48 102
48 104
48 108
48 110
48 117
48 134
48 144
48 145
48 173
48 174
48 197
48 203
48 212
48 216
48 217
48 225
48 235
48 236
48 238
48 245
48 251
48 256
48 258
48 279
48 292
48 303
48 306
48 311
48 318
48 329
48 333
48 356
48 358
48 381
48 412
48 417
48 424
48 454
48 455
48 480
48 499
48 533
48 541
48 552
48 553
48 576
48 578
48 604
48 812
49 51
49 58
49 69
49 78
49 79
49 82
49 83
49 84
49 89
49 112
49 121
49 122
49 131
49 136
49 137
49 146
49 167
49 171
49 181
49 196
49 213
49 219
49 229
49 234
49 237
49 246
49 254
49 281
49 287
49 304
49 340
49 346
49 466
49 469
49 483
49 504
49 537
49 589
49 607
49 612
49 642
49 680
49 682
49 732
49 878
49 879
50 53
50 59
50 61
50 67
50 69
50 73
50 74
50 75
50 77
50 82
50 97
50 100
50 132
50 136
50 154
50 167
50 172
50 191
50 219
50 232
50 252
50 282
50 305
50 322
50 349
50 354
50 362
50 370
50 386
50 387
50 392
50 402
50 403
50 404
50 442
50 446
50 462
50 468
50 484
50 488
50 535
50 536
50 555
50 564
50 582
50 583
50 584
50 595
50 598
50 609
50 610
50 648
50 665
50 685
50 687
50 706
50 718
50 734
50 735
50 736
50 737
50 738
50 739
50 743
50 754
50 796
50 797
50 798
50 890
50 891
51 54
51 59
51 63
51 64
51 65
51 78
51 83
51 84
51 85
51 89
51 91
51 93
51 95
51 101
51 112
51 116
51 121
51 124
51 129
51 131
51 133
51 137
51 146
51 148
51 155
51 156
51 158
51 163
51 171
51 181
51 196
51 205
51 213
51 215
51 229
51 234
51 237
51 240
51 254
51 287
51 294
51 296
51 304
51 312
51 335
51 336
51 339
51 346
51 377
51 400
51 414
51 452
51 466
51 467
51 469
51 537
52 53
52 57
52 59
52 61
52 67
52 69
52 72
52 85
52 86
52 87
52 90
52 103
52 105
52 106
52 116
52 127
52 128
52 151
52 152
52 153
52 161
52 170
52 177
52 184
52 186
52 195
52 202
52 206
52 207
52 220
52 222
52 261
52 263
52 271
52 275
52 280
52 307
52 313
52 319
52 320
52 324
52 326
52 341
52 343
52 351
52 361
52 364
52 365
52 375
52 406
52 407
52 408
52 420
52 421
52 432
52 433
52 434
52 435
52 440
52 453
52 548
52 568
52 595
52 631
52 667
52 833
53 57
53 59
53 62
53 66
53 67
53 69
53 73
53 74
53 75
53 77
53 86
53 91
53 97
53 106
53 107
53 113
53 120
53 132
53 138
53 147
53 166
53 184
53 195
53 207
53 215
53 223
53 237
53 261
53 284
53 285
53 291
53 307
53 341
53 343
53 359
53 363
53 366
53 378
53 430
53 431
53 438
53 546
53 593
53 656
53 660
53 661
53 667
53 711
53 713
53 715
53 837
53 839
53 924
53 925
53 990
54 55
54 56
54 58
54 60
54 65
54 70
54 71
54 81
54 88
54 92
54 93
54 102
54 104
54 108
54 109
54 110
54 118
54 134
54 145
54 157
54 164
54 168
54 173
54 176
54 185
54 187
54 197
54 198
54 201
54 203
54 208
54 225
54 236
54 243
54 245
54 256
54 258
54 265
54 270
54 278
54 279
54 288
54 292
54 297
54 302
54 303
54 317
54 318
54 334
54 380
54 381
54 383
54 417
54 445
54 479
54 491
54 530
54 541
55 56
55 58
55 60
55 65
55 70
55 71
55 81
55 88
55 92
55 96
55 102
55 108
55 109
55 110
55 117
55 134
55 144
55 173
55 174
55 176
55 187
55 198
55 203
55 208
55 212
55 216
55 217
55 225
55 251
55 253
55 256
55 265
55 279
55 288
55 297
55 303
55 311
55 318
55 333
55 358
55 380
55 457
55 512
55 533
55 552
55 576
55 637
56 60
56 70
56 71
56 81
56 88
56 92
56 93
56 96
56 102
56 108
56 109
56 110
56 117
56 118
56 134
56 144
56 157
56 168
56 176
56 187
56 197
56 208
56 217
56 225
56 238
56 243
56 251
56 256
56 258
56 265
56 270
56 277
56 279
56 288
56 297
56 298
56 302
56 303
56 311
56 318
56 333
56 334
56 342
56 383
56 445
56 479
56 500
56 510
56 511
56 512
56 528
56 530
56 531
56 532
56 813
57 59
57 61
57 62
57 67
57 68
57 69
57 72
57 85
57 86
57 87
57 90
57 97
57 103
57 105
57 106
57 107
57 111
57 127
57 128
57 140
57 141
57 142
57 152
57 153
57 161
57 165
57 170
57 177
57 186
57 192
57 202
57 242
57 261
57 262
57 271
57 275
57 280
57 313
57 320
57 323
57 351
57 355
57 407
57 419
57 420
57 421
57 435
57 437
57 440
57 451
57 453
57 471
57 494
57 521
57 547
57 548
57 568
57 632
57 830
58 69
58 71
58 78
58 79
58 80
58 81
58 83
58 89
58 93
58 108
58 109
58 118
58 129
58 135
58 136
58 157
58 158
58 159
58 162
58 163
58 168
58 188
58 190
58 204
58 208
58 209
58 213
58 230
58 248
58 253
58 268
58 276
58 293
58 296
58 300
58 301
58 330
58 344
58 345
58 348
58 357
58 370
58 387
58 390
58 401
58 415
58 444
58 486
58 540
58 557
58 696
58 697
59 62
59 63
59 68
59 69
59 73
59 75
59 77
59 82
59 85
59 100
59 107
59 111
59 113
59 120
59 126
59 138
59 147
59 165
59 166
59 167
59 174
59 179
59 180
59 183
59 192
59 194
59 195
59 223
59 231
59 255
59 262
59 283
59 289
59 323
59 325
59 402
59 405
59 435
59 437
59 451
59 456
59 470
59 471
59 472
59 494
59 496
59 521
59 668
59 719
59 937
60 70
60 81
60 88
60 92
60 93
60 102
60 108
60 109
60 110
60 117
60 134
60 144
60 173
60 174
60 176
60 187
60 198
60 203
60 208
60 212
60 216
60 225
60 235
60 245
60 256
60 258
60 279
60 292
60 302
60 303
60 306
60 311
60 318
60 333
60 343
60 380
60 382
60 412
60 419
60 423
60 424
60 457
60 480
60 533
60 551
60 553
60 576
60 577
61 62
61 63
61 73
61 75
61 77
61 90
61 97
61 103
61 105
61 107
61 111
61 126
61 128
61 139
61 141
61 142
61 151
61 153
61 161
61 170
61 172
61 177
61 178
61 179
61 180
61 182
61 183
61 193
61 194
61 195
61 202
61 206
61 207
61 214
61 221
61 224
61 259
61 261
61 272
61 285
61 290
61 313
61 319
61 324
61 325
61 326
61 338
61 361
61 364
61 365
61 366
61 367
61 375
61 376
61 393
61 406
61 421
61 434
61 439
61 440
61 453
61 505
61 525
61 595
61 630
61 666
61 707
61 817
61 929
62 66
62 67
62 68
62 69
62 72
62 85
62 86
62 87
62 90
62 97
62 103
62 105
62 106
62 107
62 111
62 128
62 140
62 141
62 142
62 152
62 153
62 165
62 177
62 184
62 186
62 192
62 202
62 206
62 261
62 271
62 275
62 280
62 291
62 307
62 313
62 320
62 323
62 327
62 351
62 355
62 365
62 407
62 419
62 420
62 421
62 435
62 437
62 440
62 450
62 451
62 453
62 470
62 471
62 492
62 494
62 521
62 547
62 628
62 918
63 64
63 66
63 68
63 74
63 75
63 78
63 91
63 96
63 103
63 114
63 115
63 116
63 126
63 127
63 133
63 141
63 142
63 149
63 156
63 220
63 240
63 242
63 262
63 264
63 283
63 284
63 291
63 315
63 316
63 327
63 373
63 396
63 397
63 408
63 473
63 475
63 476
63 477
63 508
63 527
63 550
63 562
63 573
63 601
63 633
63 669
63 723
63 828
63 829
63 918
64 75
64 77
64 78
64 84
64 89
64 91
64 95
64 97
64 100
64 101
64 112
64 113
64 116
64 121
64 122
64 131
64 132
64 133
64 137
64 146
64 148
64 149
64 155
64 156
64 172
64 181
64 240
64 241
64 264
64 294
64 312
64 336
64 339
64 362
64 395
64 418
64 422
64 447
64 452
64 474
64 503
64 542
64 563
64 603
64 621
64 627
64 755
64 774
64 826
65 66
65 71
65 93
65 95
65 100
65 104
65 142
65 145
65 160
65 164
65 185
65 201
65 226
65 236
65 244
65 260
65 274
65 309
65 347
65 368
65 372
65 391
65 398
65 413
65 443
65 464
65 485
65 501
65 556
65 895
66 67
66 68
66 69
66 74
66 75
66 77
66 82
66 85
66 86
66 87
66 90
66 91
66 95
66 97
66 105
66 114
66 115
66 120
66 127
66 133
66 142
66 147
66 160
66 164
66 165
66 185
66 202
66 231
66 242
66 244
66 260
66 274
66 280
66 284
66 314
66 327
66 354
66 355
66 372
66 391
66 423
66 489
66 492
66 501
66 618
66 628
66 909
67 68
67 69
67 72
67 73
67 74
67 75
67 77
67 82
67 85
67 87
67 107
67 111
67 113
67 120
67 126
67 132
67 138
67 147
67 165
67 171
67 179
67 183
67 192
67 207
67 214
67 231
67 233
67 247
67 255
67 291
67 362
67 363
67 367
67 377
67 378
67 394
67 435
67 437
67 451
67 470
67 472
67 496
67 521
67 599
67 602
67 719
68 74
68 77
68 86
68 97
68 100
68 106
68 107
68 111
68 114
68 116
68 120
68 126
68 127
68 133
68 138
68 141
68 154
68 166
68 171
68 178
68 179
68 180
68 183
68 192
68 194
68 207
68 220
68 221
68 224
68 231
68 233
68 247
68 255
68 262
68 273
68 324
68 325
68 338
68 363
68 377
68 378
68 437
68 438
68 451
68 496
68 521
68 523
68 550
68 719
68 721
68 771
68 854
69 73
69 74
69 75
69 77
69 82
69 91
69 120
69 138
69 147
69 155
69 158
69 191
69 195
69 207
69 214
69 223
69 231
69 253
69 285
69 308
69 343
69 366
69 546
69 572
69 598
69 665
69 717
69 847
69 848
69 849
69 850
69 851
69 930
69 931
69 932
69 933
69 934
69 935
69 936
69 994
69 995
69 996
70 71
70 81
70 88
70 92
70 93
70 102
70 108
70 109
70 110
70 134
70 144
70 164
70 173
70 174
70 187
70 197
70 198
70 203
70 212
70 216
70 217
70 225
70 235
70 245
70 251
70 256
70 265
70 279
70 288
70 292
70 297
70 303
70 318
70 328
70 358
70 368
70 380
70 382
70 412
70 457
70 480
70 491
70 533
70 576
70 637
71 81
71 88
71 93
71 96
71 104
71 108
71 118
71 145
71 176
71 197
71 201
71 210
71 226
71 236
71 265
71 270
71 278
71 288
71 297
71 317
71 348
71 417
71 479
71 616
71 704
71 813
71 814
72 74
72 85
72 86
72 88
72 91
72 107
72 111
72 113
72 120
72 132
72 138
72 139
72 140
72 152
72 167
72 171
72 172
72 174
72 179
72 186
72 203
72 207
72 214
72 215
72 221
72 223
72 231
72 233
72 272
72 321
72 337
72 338
72 350
72 359
72 360
72 362
72 364
72 365
72 374
72 379
72 420
72 449
72 452
72 473
72 492
72 493
72 504
72 526
72 549
72 596
72 597
72 662
72 663
72 845
72 846
73 74
73 75
73 82
73 87
73 90
73 100
73 103
73 105
73 112
73 128
73 136
73 138
73 147
73 151
73 153
73 156
73 166
73 172
73 177
73 184
73 207
73 222
73 223
73 232
73 233
73 261
73 275
73 282
73 285
73 305
73 307
73 313
73 314
73 319
73 353
73 354
73 364
73 366
73 430
73 434
73 564
73 594
73 629
73 660
73 849
73 851
73 997
74 75
74 86
74 87
74 90
74 91
74 96
74 97
74 100
74 105
74 115
74 116
74 128
74 133
74 152
74 161
74 165
74 184
74 186
74 206
74 222
74 223
74 242
74 263
74 271
74 280
74 284
74 307
74 316
74 341
74 379
74 394
74 432
74 567
74 573
74 649
74 771
74 853
75 77
75 82
75 87
75 91
75 100
75 103
75 105
75 132
75 148
75 151
75 155
75 156
75 166
75 167
75 170
75 180
75 184
75 190
75 195
75 206
75 207
75 280
75 282
75 285
75 308
75 313
75 319
75 326
75 338
75 341
75 343
75 353
75 366
75 375
75 406
75 407
75 448
75 518
75 564
75 565
75 715
75 766
76 79
76 94
76 98
76 99
76 119
76 123
76 125
76 135
76 143
76 150
76 159
76 162
76 169
76 175
76 188
76 196
76 199
76 200
76 204
76 211
76 218
76 227
76 228
76 239
76 249
76 250
76 254
76 257
76 266
76 267
76 269
76 286
76 289
76 299
76 332
76 344
76 384
76 385
76 409
76 410
76 425
76 426
76 460
76 481
76 514
76 534
76 579
76 674
77 82
77 85
77 86
77 87
77 97
77 100
77 103
77 106
77 112
77 113
77 126
77 132
77 148
77 151
77 153
77 155
77 156
77 166
77 177
77 179
77 180
77 183
77 194
77 206
77 223
77 247
77 273
77 290
77 352
77 354
77 361
77 367
77 406
77 448
77 495
77 506
77 518
77 565
77 629
77 844
78 80
78 82
78 83
78 84
78 89
78 91
78 95
78 112
78 121
78 124
78 129
78 131
78 132
78 137
78 146
78 148
78 156
78 171
78 181
78 196
78 213
78 215
78 219
78 229
78 234
78 237
78 241
78 254
78 282
78 287
78 304
78 312
78 322
78 346
78 400
78 414
78 422
78 436
78 447
78 537
78 539
78 542
78 751
79 80
79 83
79 94
79 99
79 108
79 109
79 118
79 119
79 123
79 125
79 129
79 135
79 143
79 150
79 158
79 159
79 162
79 163
79 175
79 188
79 190
79 199
79 200
79 204
79 211
79 218
79 227
79 228
79 239
79 250
79 253
79 257
79 267
79 268
79 269
79 286
79 293
79 299
79 300
79 301
79 332
79 344
79 371
79 388
79 389
79 390
79 401
79 425
79 557
80 83
80 94
80 95
80 108
80 118
80 124
80 129
80 163
80 168
80 201
80 209
80 230
80 248
80 268
80 289
80 310
80 330
80 369
80 415
80 429
80 540
80 703
80 870
80 953
81 88
81 92
81 102
81 108
81 109
81 110
81 117
81 134
81 144
81 173
81 176
81 187
81 198
81 203
81 208
81 212
81 217
81 225
81 251
81 256
81 258
81 265
81 279
81 288
81 297
81 298
81 302
81 311
81 318
81 333
81 334
81 383
81 479
81 500
81 511
81 512
81 617
82 91
82 100
82 112
82 131
82 132
82 136
82 149
82 154
82 155
82 156
82 166
82 167
82 171
82 179
82 180
82 195
82 219
82 232
82 252
82 282
82 285
82 322
82 353
82 354
82 366
82 404
82 448
82 502
82 564
82 571
82 584
82 643
82 647
82 668
82 743
82 754
82 766
82 816
82 964
82 965
83 84
83 108
83 118
83 124
83 125
83 129
83 137
83 158
83 163
83 168
83 181
83 248
83 253
83 293
83 300
83 332
83 369
83 371
83 399
83 401
83 416
83 969
83 970
84 89
84 91
84 93
84 112
84 121
84 122
84 129
84 131
84 137
84 146
84 148
84 156
84 172
84 181
84 196
84 213
84 215
84 234
84 237
84 241
84 254
84 287
84 294
84 304
84 312
84 339
84 340
84 346
84 400
84 414
84 447
84 503
84 558
84 621
84 701
84 702
84 755
85 97
85 107
85 111
85 113
85 120
85 126
85 132
85 138
85 140
85 147
85 154
85 166
85 178
85 179
85 183
85 194
85 195
85 221
85 224
85 231
85 233
85 247
85 255
85 259
85 273
85 324
85 325
85 363
85 367
85 377
85 378
85 437
85 470
85 471
85 472
85 494
85 497
85 523
85 720
85 721
85 773
85 854
86 87
86 90
86 91
86 97
86 103
86 106
86 107
86 111
86 113
86 114
86 115
86 120
86 127
86 128
86 147
86 151
86 153
86 170
86 172
86 177
86 182
86 195
86 207
86 261
86 263
86 271
86 275
86 285
86 316
86 319
86 320
86 321
86 350
86 351
86 359
86 364
86 365
86 374
86 375
86 406
86 420
86 433
86 434
86 568
86 569
86 630
86 716
86 993
87 91
87 97
87 100
87 106
87 107
87 111
87 113
87 120
87 126
87 132
87 139
87 166
87 172
87 180
87 186
87 193
87 207
87 231
87 259
87 272
87 285
87 316
87 321
87 324
87 326
87 337
87 338
87 350
87 352
87 359
87 360
87 361
87 364
87 365
87 366
87 374
87 375
87 379
87 420
87 449
87 473
87 595
87 596
87 631
87 662
87 663
87 770
87 844
87 928
88 92
88 93
88 96
88 102
88 108
88 118
88 134
88 144
88 145
88 152
88 157
88 176
88 210
88 212
88 236
88 243
88 251
88 258
88 270
88 278
88 279
88 288
88 303
88 311
88 317
88 329
88 333
88 356
88 358
88 456
88 529
88 617
88 704
88 778
89 95
89 100
89 101
89 112
89 121
89 122
89 131
89 137
89 146
89 171
89 181
89 196
89 213
89 229
89 234
89 246
89 254
89 281
89 287
89 294
89 304
89 346
89 400
89 414
89 447
89 466
89 469
89 588
89 589
89 612
89 642
89 682
89 732
89 793
89 879
90 91
90 97
90 106
90 107
90 111
90 113
90 115
90 120
90 132
90 138
90 139
90 141
90 152
90 161
90 172
90 179
90 182
90 186
90 195
90 202
90 207
90 220
90 221
90 231
90 233
90 242
90 271
90 272
90 275
90 316
90 321
90 326
90 337
90 350
90 359
90 360
90 364
90 374
90 375
90 379
90 420
90 449
90 451
90 493
90 496
90 549
90 567
90 569
90 626
90 662
90 663
91 93
91 96
91 100
91 105
91 112
91 114
91 116
91 128
91 133
91 136
91 141
91 142
91 147
91 152
91 156
91 161
91 165
91 171
91 183
91 186
91 271
91 281
91 284
91 321
91 351
91 367
91 379
91 394
91 497
92 102
92 108
92 110
92 117
92 134
92 144
92 173
92 176
92 187
92 198
92 203
92 212
92 216
92 217
92 238
92 245
92 251
92 256
92 258
92 279
92 288
92 298
92 303
92 311
92 318
92 333
92 358
92 380
92 457
92 480
92 499
92 511
92 531
92 551
92 604
93 104
93 108
93 109
93 110
93 117
93 121
93 122
93 134
93 145
93 174
93 176
93 187
93 201
93 203
93 208
93 235
93 245
93 256
93 258
93 264
93 277
93 279
93 288
93 292
93 298
93 317
93 327
93 334
93 358
93 412
93 424
94 98
94 99
94 119
94 123
94 125
94 135
94 143
94 150
94 159
94 162
94 163
94 169
94 175
94 188
94 199
94 200
94 204
94 211
94 218
94 227
94 228
94 239
94 249
94 250
94 257
94 266
94 267
94 269
94 286
94 299
94 345
94 371
94 384
94 399
94 409
94 441
94 460
94 481
94 514
94 534
94 579
94 606
94 638
94 641
94 674
94 676
94 677
95 100
95 101
95 122
95 149
95 201
95 230
95 240
95 264
95 274
95 281
95 295
95 327
95 336
95 373
95 418
95 429
95 475
95 489
95 490
95 507
95 508
95 520
95 543
95 544
95 570
95 653
95 709
95 762
95 763
95 764
95 920
96 110
96 112
96 116
96 118
96 157
96 173
96 174
96 198
96 203
96 210
96 216
96 243
96 329
96 356
96 368
96 455
96 456
96 478
96 509
96 575
96 577
96 620
96 670
96 725
96 777
96 860
96 941
97 100
97 105
97 106
97 111
97 115
97 126
97 128
97 132
97 138
97 147
97 151
97 154
97 178
97 179
97 184
97 186
97 222
97 223
97 233
97 247
97 255
97 273
97 282
97 291
97 323
97 324
97 341
97 343
97 363
97 367
97 377
97 378
97 394
97 438
97 548
97 599
97 602
98 99
98 119
98 123
98 125
98 130
98 143
98 150
98 169
98 175
98 188
98 199
98 200
98 211
98 218
98 227
98 228
98 249
98 250
98 257
98 266
98 269
98 286
98 332
98 384
98 385
98 399
98 410
98 425
98 426
98 441
98 465
98 516
98 534
98 579
98 580
98 638
98 639
98 641
98 674
98 676
98 677
99 119
99 123
99 125
99 135
99 143
99 150
99 162
99 175
99 190
99 199
99 200
99 211
99 213
99 218
99 227
99 228
99 229
99 246
99 249
99 250
99 257
99 266
99 267
99 269
99 287
99 299
99 384
99 409
99 410
99 425
99 459
99 460
99 515
99 605
99 676
99 866
100 102
100 112
100 114
100 122
100 132
100 136
100 155
100 167
100 180
100 232
100 262
100 273
100 282
100 349
100 353
100 354
100 365
100 403
100 448
100 468
100 502
100 571
100 668
100 706
101 122
101 131
101 146
101 240
101 264
101 274
101 281
101 294
101 295
101 312
101 336
101 373
101 396
101 397
101 405
101 418
101 475
101 477
101 489
101 490
101 507
101 508
101 517
101 520
101 543
101 545
101 561
101 562
101 591
101 650
101 651
101 669
101 727
101 756
101 824
101 825
102 108
102 109
102 110
102 117
102 134
102 144
102 173
102 174
102 176
102 187
102 197
102 198
102 203
102 212
102 216
102 217
102 225
102 235
102 238
102 245
102 256
102 279
102 292
102 306
102 318
102 358
102 380
102 382
102 412
102 551
103 106
103 107
103 111
103 114
103 120
103 127
103 132
103 139
103 141
103 142
103 151
103 166
103 178
103 180
103 182
103 193
103 194
103 195
103 202
103 220
103 221
103 222
103 247
103 262
103 272
103 283
103 316
103 324
103 325
103 326
103 364
103 365
103 393
103 406
103 439
103 440
103 453
103 473
103 505
103 525
103 526
103 549
103 600
103 722
104 145
104 174
104 185
104 197
104 201
104 210
104 226
104 236
104 292
104 306
104 317
105 106
105 107
105 111
105 113
105 115
105 120
105 139
105 142
105 151
105 179
105 182
105 195
105 202
105 207
105 214
105 221
105 222
105 263
105 271
105 272
105 280
105 319
105 321
105 326
105 337
105 338
105 359
105 364
105 365
105 374
105 375
105 402
105 419
105 420
105 439
105 449
105 496
105 549
105 567
105 630
105 662
105 714
105 715
106 111
106 113
106 128
106 139
106 141
106 142
106 151
106 153
106 161
106 170
106 172
106 177
106 178
106 183
106 193
106 194
106 195
106 202
106 206
106 214
106 221
106 224
106 261
106 272
106 290
106 313
106 319
106 324
106 325
106 361
106 376
106 393
106 406
106 433
106 434
106 440
106 548
106 666
106 817
107 111
107 127
107 128
107 140
107 141
107 152
107 153
107 161
107 165
107 177
107 186
107 192
107 202
107 206
107 231
107 271
107 280
107 291
107 313
107 320
107 351
107 355
107 407
107 419
107 420
107 421
107 435
107 437
107 440
107 450
107 453
107 470
107 494
107 547
108 109
108 117
108 118
108 130
108 134
108 144
108 157
108 158
108 168
108 176
108 187
108 208
108 209
108 256
108 258
108 265
108 297
108 303
108 311
108 317
108 318
108 342
108 383
108 424
108 528
109 117
109 134
109 144
109 158
109 168
109 176
109 187
109 212
109 225
109 258
109 265
109 277
109 297
109 298
109 302
109 311
109 334
109 342
109 343
109 383
109 424
109 445
109 479
109 500
109 528
109 532
110 117
110 134
110 144
110 173
110 212
110 217
110 225
110 238
110 245
110 251
110 256
110 258
110 279
110 288
110 303
110 311
110 318
110 329
110 333
110 356
110 358
110 380
110 457
110 480
110 553
110 604
110 728
111 127
111 128
111 140
111 141
111 152
111 153
111 161
111 165
111 177
111 186
111 192
111 262
111 271
111 275
111 280
111 291
111 313
111 323
111 351
111 352
111 355
111 421
111 437
111 450
111 451
111 494
111 547
111 632
111 830
112 116
112 121
112 122
112 131
112 132
112 133
112 137
112 146
112 148
112 149
112 155
112 156
112 172
112 181
112 213
112 241
112 294
112 312
112 339
112 422
112 436
112 447
112 474
112 563
112 614
113 114
113 115
113 127
113 128
113 132
113 133
113 139
113 141
113 149
113 151
113 152
113 161
113 165
113 183
113 193
113 194
113 195
113 202
113 206
113 220
113 261
113 271
113 313
113 314
113 705
114 115
114 116
114 126
114 133
114 141
114 142
114 147
114 151
114 177
114 178
114 202
114 206
114 224
114 242
114 281
114 284
114 291
114 295
114 315
114 379
114 394
114 406
114 408
114 429
114 475
114 601
114 633
114 649
114 724
114 771
114 858
115 116
115 133
115 142
115 147
115 155
115 182
115 183
115 223
115 242
115 281
115 284
115 291
115 315
115 316
115 378
115 379
115 394
115 408
115 429
115 573
115 633
115 649
115 724
115 775
116 133
116 141
116 148
116 149
116 156
116 241
116 242
116 316
116 327
116 397
116 408
116 574
116 724
116 775
116 857
116 858
117 144
117 173
117 176
117 187
117 198
117 208
117 217
117 238
117 251
117 256
117 258
117 270
117 277
117 279
117 288
117 298
117 302
117 303
117 318
117 333
117 334
117 358
117 383
117 445
117 457
117 480
117 499
117 500
117 512
117 531
117 577
117 604
118 157
118 168
118 187
118 203
118 209
118 243
118 265
118 297
118 329
118 342
118 479
118 528
118 529
118 634
118 776
118 940
118 942
119 123
119 125
119 135
119 143
119 150
119 159
119 162
119 169
119 175
119 188
119 199
119 204
119 211
119 218
119 227
119 228
119 239
119 250
119 257
119 266
119 267
119 269
119 286
119 384
119 409
119 410
119 441
119 481
119 513
119 514
119 534
119 580
119 605
119 639
119 867
119 868
120 128
120 140
120 142
120 151
120 152
120 153
120 161
120 165
120 170
120 177
120 186
120 206
120 222
120 261
120 263
120 271
120 275
120 280
120 313
120 320
120 351
120 407
120 420
120 432
120 433
120 548
120 631
121 122
121 126
121 131
121 133
121 137
121 146
121 148
121 156
121 171
121 172
121 181
121 196
121 205
121 213
121 215
121 234
121 237
121 241
121 287
121 294
121 335
121 339
121 346
121 400
121 422
121 427
121 452
121 466
121 469
121 487
121 503
121 558
121 902
122 137
122 156
122 240
122 264
122 274
122 294
122 312
122 336
122 373
122 395
122 396
122 397
122 405
122 418
122 475
122 489
122 490
122 507
122 508
122 517
122 520
122 527
122 543
122 545
122 562
122 592
122 651
122 757
123 125
123 135
123 143
123 150
123 159
123 162
123 169
123 175
123 188
123 190
123 199
123 200
123 204
123 211
123 218
123 227
123 228
123 249
123 250
123 257
123 266
123 267
123 269
123 286
123 289
123 299
123 384
123 409
123 410
123 426
123 441
123 460
123 481
123 534
124 129
124 163
124 209
124 230
124 268
124 281
124 289
124 310
124 330
124 369
124 415
124 416
124 703
124 872
125 129
125 135
125 143
125 150
125 159
125 162
125 175
125 188
125 199
125 200
125 204
125 218
125 227
125 228
125 249
125 250
125 257
125 266
125 267
125 269
125 299
125 332
125 345
125 409
125 425
125 426
125 513
125 534
125 579
125 605
125 639
125 674
126 131
126 138
126 140
126 148
126 156
126 171
126 180
126 192
126 255
126 323
126 349
126 352
126 354
126 360
126 377
126 523
126 643
126 720
126 773
126 907
126 908
127 132
127 139
127 141
127 142
127 153
127 155
127 170
127 172
127 177
127 178
127 179
127 183
127 193
127 194
127 195
127 202
127 214
127 221
127 224
127 259
127 273
127 290
127 296
127 316
127 325
127 326
127 363
127 393
127 439
127 453
127 705
128 138
128 139
128 141
128 147
128 172
128 182
128 186
128 195
128 202
128 220
128 221
128 231
128 272
128 285
128 315
128 321
128 326
128 337
128 350
128 359
128 360
128 374
128 379
128 420
128 493
128 549
128 567
128 596
128 597
128 630
129 163
129 213
129 241
129 268
129 289
129 332
129 371
129 388
129 389
129 416
129 458
129 482
129 640
129 729
129 730
129 789
129 790
130 158
130 168
130 253
130 300
130 301
130 390
130 426
130 444
130 516
130 557
130 587
130 694
130 695
130 750
130 808
130 809
130 900
130 971
131 136
131 137
131 146
131 148
131 156
131 171
131 181
131 196
131 213
131 219
131 229
131 234
131 241
131 254
131 287
131 294
131 312
131 335
131 339
131 340
131 346
131 400
131 414
131 447
131 452
131 466
131 469
131 503
131 537
131 539
131 542
131 558
131 559
131 588
131 611
131 612
132 137
132 139
132 148
132 155
132 156
132 165
132 166
132 167
132 177
132 180
132 192
132 233
132 247
132 282
132 324
132 339
132 350
132 354
132 502
133 147
133 148
133 149
133 156
133 166
133 224
133 242
133 315
133 316
133 327
133 394
133 397
133 408
133 474
133 573
133 774
133 856
134 144
134 173
134 174
134 176
134 187
134 198
134 212
134 217
134 225
134 251
134 279
134 303
134 311
134 318
134 358
134 457
134 512
134 533
134 637
135 143
135 150
135 159
135 169
135 175
135 188
135 199
135 200
135 204
135 211
135 218
135 227
135 228
135 239
135 257
135 266
135 267
135 286
135 289
135 293
135 332
135 344
135 345
135 384
135 385
135 399
135 425
135 426
135 441
135 460
135 638
135 786
136 171
136 191
136 219
136 232
136 237
136 252
136 322
136 349
136 392
136 403
136 404
136 442
136 446
136 468
136 484
136 488
136 504
136 537
136 564
136 571
136 648
136 685
136 734
136 736
136 737
136 739
136 795
136 885
137 146
137 148
137 156
137 171
137 181
137 196
137 205
137 213
137 215
137 229
137 234
137 237
137 241
137 287
137 294
137 312
137 335
137 346
137 400
137 414
137 422
137 427
137 436
137 447
137 559
137 614
138 140
138 152
138 161
138 165
138 184
138 186
138 192
138 222
138 255
138 261
138 271
138 275
138 307
138 323
138 352
138 377
138 437
138 523
138 547
138 661
138 830
139 151
139 152
139 153
139 166
139 170
139 182
139 193
139 206
139 220
139 261
139 275
139 283
139 285
139 313
139 319
139 325
139 326
139 364
139 365
139 375
139 376
139 393
139 406
139 432
139 433
139 435
139 505
139 548
139 841
140 152
140 154
140 179
140 183
140 192
140 194
140 214
140 220
140 231
140 233
140 255
140 263
140 321
140 323
140 360
140 367
140 378
140 438
140 472
140 493
140 494
140 496
141 142
141 153
141 170
141 177
141 178
141 180
141 182
141 193
141 194
141 202
141 220
141 221
141 222
141 259
141 324
141 361
141 421
141 433
141 526
142 153
142 164
142 165
142 170
142 177
142 182
142 185
142 206
142 231
142 275
142 315
142 316
142 423
142 433
142 435
142 548
142 600
142 843
143 159
143 169
143 175
143 188
143 199
143 204
143 211
143 218
143 227
143 228
143 239
143 249
143 257
143 266
143 267
143 286
143 299
143 332
143 344
143 385
143 399
143 410
143 426
143 441
143 460
143 465
143 481
143 513
143 606
143 677
144 173
144 174
144 176
144 187
144 198
144 203
144 217
144 225
144 238
144 251
144 256
144 279
144 298
144 333
144 511
144 512
144 530
144 531
144 865
145 164
145 174
145 185
145 197
145 201
145 210
145 226
145 235
145 236
145 245
145 270
145 292
145 306
145 317
145 347
145 381
145 417
145 454
145 455
145 541
146 156
146 181
146 196
146 213
146 215
146 229
146 234
146 237
146 241
146 254
146 287
146 296
146 304
146 335
146 336
146 346
146 400
146 414
146 537
146 539
146 558
146 588
146 611
146 646
146 698
146 699
147 155
147 161
147 179
147 183
147 194
147 224
147 242
147 259
147 290
147 325
147 363
147 367
147 393
147 506
147 705
148 149
148 154
148 155
148 156
148 171
148 181
148 185
148 205
148 241
148 294
148 312
148 339
148 422
148 474
148 487
148 559
148 565
148 614
148 902
149 240
149 264
149 312
149 327
149 339
149 373
149 377
149 396
149 397
149 474
149 476
149 477
149 503
149 527
149 592
149 774
150 159
150 162
150 169
150 175
150 188
150 199
150 200
150 211
150 218
150 227
150 239
150 249
150 250
150 257
150 266
150 267
150 286
150 293
150 299
150 384
150 385
150 399
150 425
150 441
150 460
150 514
150 749
151 153
151 166
151 170
151 177
151 182
151 193
151 195
151 206
151 207
151 214
151 220
151 221
151 247
151 275
151 285
151 325
151 338
151 364
151 366
151 375
151 376
151 393
151 402
151 433
151 435
151 658
151 666
152 172
152 184
152 195
152 222
152 263
152 271
152 272
152 280
152 320
152 321
152 337
152 341
152 350
152 351
152 359
152 360
152 362
152 374
152 379
152 449
153 178
153 180
153 182
153 193
153 194
153 214
153 220
153 221
153 247
153 272
153 319
153 338
153 364
153 376
153 402
153 421
153 434
153 439
153 440
153 472
153 473
153 505
153 631
154 167
154 191
154 282
154 339
154 349
154 370
154 387
154 392
154 404
154 446
154 448
154 461
154 468
154 484
154 535
154 536
154 564
154 582
154 583
154 585
154 608
154 610
154 643
154 665
154 683
154 741
154 742
154 794
154 795
154 796
154 800
154 880
154 881
154 882
154 883
154 884
154 892
154 958
154 959
154 960
154 998
155 156
155 166
155 180
155 194
155 247
155 259
155 314
155 354
155 361
155 402
155 844
155 852
156 167
156 171
156 181
156 240
156 241
156 282
156 294
156 312
156 422
156 436
156 559
156 563
156 603
157 168
157 187
157 203
157 216
157 243
157 265
157 297
157 329
157 342
157 356
157 456
157 479
157 529
157 778
158 159
158 162
158 163
158 168
158 188
158 190
158 199
158 204
158 209
158 218
158 268
158 293
158 301
158 330
158 332
158 357
158 371
158 390
158 401
158 415
158 481
158 516
158 540
159 162
159 175
159 188
159 199
159 200
159 211
159 239
159 249
159 250
159 253
159 286
159 299
159 300
159 301
159 344
159 357
159 409
159 425
159 465
159 481
159 557
159 678
159 694
159 695
159 785
160 164
160 244
160 260
160 292
160 309
160 331
160 347
160 372
160 391
160 398
160 413
160 443
160 485
160 501
160 556
160 807
161 172
161 177
161 195
161 207
161 215
161 220
161 221
161 231
161 263
161 271
161 315
161 320
161 337
161 350
161 359
161 360
161 374
161 420
161 449
161 473
161 567
162 175
162 188
162 199
162 200
162 204
162 211
162 218
162 227
162 228
162 239
162 249
162 257
162 266
162 267
162 269
162 286
162 332
162 344
162 385
162 399
162 410
162 465
162 514
162 605
163 190
163 227
163 252
163 253
163 293
163 300
163 345
163 369
163 416
163 681
163 875
164 201
164 226
164 244
164 260
164 274
164 309
164 331
164 347
164 372
164 391
164 413
164 443
164 485
164 501
164 556
165 179
165 183
165 214
165 224
165 231
165 233
165 283
165 284
165 291
165 350
165 394
165 472
165 602
166 206
166 223
166 247
166 308
166 352
166 379
166 406
166 433
166 495
166 506
166 526
166 565
166 820
167 171
167 191
167 205
167 252
167 282
167 339
167 349
167 365
167 392
167 404
167 428
167 448
167 468
167 484
167 502
167 536
167 537
167 571
167 668
167 718
167 733
167 744
168 176
168 187
168 208
168 209
168 253
168 276
168 277
168 302
168 334
168 342
168 383
168 401
168 528
169 171
169 199
169 200
169 211
169 215
169 219
169 232
169 252
169 286
169 305
169 322
169 340
169 384
169 386
169 410
169 488
169 504
169 555
169 868
169 951
169 952
170 178
170 180
170 182
170 193
170 194
170 195
170 202
170 207
170 220
170 222
170 259
170 262
170 272
170 283
170 313
170 324
170 326
170 338
170 361
170 364
170 365
170 375
170 393
170 406
170 440
170 453
170 505
170 625
171 196
171 205
171 219
171 223
171 232
171 282
171 305
171 340
171 377
171 422
171 537
172 186
172 262
172 271
172 320
172 323
172 351
172 362
172 407
172 452
172 503
172 525
172 568
172 627
173 198
173 212
173 217
173 225
173 251
173 256
173 279
173 292
173 303
173 311
173 380
173 499
173 552
173 576
173 782
174 185
174 201
174 203
174 210
174 226
174 292
174 303
174 306
174 328
174 329
174 356
174 478
174 498
174 778
175 188
175 200
175 204
175 211
175 228
175 249
175 250
175 253
175 266
175 286
175 299
175 344
175 409
175 426
175 465
175 481
175 513
175 514
175 580
175 606
176 187
176 208
176 212
176 225
176 265
176 277
176 297
176 298
176 334
176 383
176 424
176 445
176 532
177 178
177 182
177 193
177 194
177 202
177 214
177 220
177 221
177 272
177 285
177 325
177 361
177 376
177 525
177 526
177 597
177 833
178 179
178 182
178 193
178 194
178 195
178 202
178 214
178 220
178 221
178 224
178 262
178 283
178 314
178 363
178 402
178 435
178 497
178 505
178 524
178 526
178 625
178 722
179 183
179 224
179 262
179 283
179 314
179 324
179 363
179 402
179 816
180 206
180 220
180 350
180 352
180 518
180 770
181 196
181 205
181 213
181 215
181 234
181 237
181 241
181 254
181 287
181 304
181 346
181 400
181 414
181 447
181 503
181 558
181 621
182 193
182 194
182 195
182 202
182 206
182 214
182 221
182 222
182 261
182 313
182 324
182 326
182 338
182 365
182 376
182 393
182 406
182 435
182 440
182 453
183 192
183 194
183 224
183 262
183 283
183 314
183 315
183 323
183 324
183 402
183 497
183 518
183 524
183 625
184 195
184 207
184 222
184 223
184 261
184 307
184 319
184 337
184 341
184 359
184 430
184 431
184 438
184 546
184 660
184 667
184 711
184 839
185 197
185 201
185 210
185 226
185 231
185 245
185 292
185 306
185 381
185 450
185 691
185 804
186 231
186 263
186 271
186 272
186 320
186 343
186 350
186 351
186 360
186 374
186 379
186 569
186 626
187 208
187 217
187 238
187 251
187 258
187 277
187 288
187 297
187 298
187 302
187 334
187 342
187 500
187 510
188 200
188 204
188 211
188 218
188 239
188 249
188 250
188 253
188 269
188 286
188 293
188 299
188 300
188 344
188 345
188 675
188 678
189 205
189 241
189 335
189 422
189 427
189 467
189 487
189 559
189 613
189 646
189 811
190 253
190 293
190 300
190 345
190 515
190 875
191 232
191 252
191 282
191 305
191 322
191 349
191 386
191 387
191 392
191 403
191 404
191 442
191 446
191 462
191 463
191 468
191 488
191 535
191 555
191 582
191 608
191 685
191 733
191 754
191 799
191 886
192 214
192 231
192 233
192 247
192 255
192 275
192 291
192 325
192 352
192 423
192 437
192 450
192 451
192 470
192 471
192 494
192 547
193 194
193 195
193 206
193 214
193 220
193 221
193 261
193 262
193 283
193 319
193 325
193 365
193 406
193 433
193 435
193 505
193 524
193 525
193 526
193 548
193 625
193 722
194 202
194 220
194 259
194 262
194 283
194 290
194 314
194 324
194 435
194 439
194 524
195 222
195 271
195 272
195 341
196 213
196 215
196 229
196 237
196 287
196 538
196 558
196 590
196 611
196 698
196 700
197 210
197 236
197 306
197 317
197 417
197 491
197 541
198 217
198 225
198 303
198 311
198 318
198 333
198 553
198 604
198 617
198 728
199 200
199 204
199 211
199 218
199 228
199 239
199 249
199 250
199 266
199 269
199 299
199 344
199 384
199 410
199 465
200 204
200 218
200 227
200 228
200 239
200 249
200 257
200 266
200 267
200 344
200 384
200 410
200 441
200 513
200 580
200 638
201 209
201 210
201 226
201 236
201 456
201 670
202 206
202 220
202 224
202 272
202 315
202 355
202 421
202 450
202 453
202 659
203 243
203 329
203 356
203 454
203 617
204 211
204 239
204 249
204 250
204 253
204 286
204 293
204 299
204 300
204 301
204 384
204 409
204 465
204 513
204 740
205 237
205 241
205 305
205 335
205 340
205 427
205 467
205 487
205 559
205 613
205 646
205 811
206 207
206 221
206 272
206 324
206 326
206 338
206 366
206 376
206 393
206 439
206 505
207 222
207 280
207 313
207 319
207 341
207 352
207 406
207 407
207 434
207 565
207 629
207 666
208 251
208 277
208 298
208 302
208 334
208 342
208 383
208 424
208 532
209 226
209 230
209 276
209 310
209 330
209 415
209 416
209 540
209 703
210 216
210 226
210 306
210 454
210 541
210 575
210 620
210 670
210 905
211 218
211 228
211 239
211 250
211 257
211 269
211 344
211 384
211 441
211 513
212 217
212 225
212 251
212 256
212 288
212 318
212 333
212 552
212 578
213 234
213 254
213 287
213 296
213 346
213 400
213 469
214 233
214 247
214 275
214 290
214 364
214 439
214 619
214 657
215 229
215 237
215 340
215 538
215 558
215 590
215 700
216 225
216 382
216 454
216 812
216 903
216 904
217 238
217 251
217 256
217 258
217 279
217 288
217 303
217 333
217 358
217 457
217 499
218 227
218 228
218 250
218 257
218 266
218 267
218 269
218 332
218 345
218 425
218 426
218 639
219 232
219 252
219 305
219 322
219 428
219 488
219 519
219 624
219 644
219 687
219 688
219 745
219 801
219 802
219 894
220 221
220 222
220 224
220 259
220 272
220 275
220 324
220 361
220 376
220 393
221 242
221 272
221 275
221 283
221 313
222 224
222 247
222 285
222 307
222 326
222 364
222 433
222 434
222 439
222 600
223 285
223 341
223 436
223 572
223 594
223 664
223 765
223 835
224 262
224 272
224 283
224 314
224 402
224 524
225 311
225 333
225 358
225 380
225 552
225 617
226 236
226 692
226 769
226 805
227 228
227 249
227 250
227 257
227 267
227 269
227 332
227 385
227 399
227 515
228 250
228 257
228 266
228 267
228 269
228 385
228 409
228 410
228 460
229 246
229 287
229 607
229 682
229 954
229 955
230 268
230 281
230 289
230 310
230 330
230 369
230 371
230 415
230 416
230 787
230 871
231 320
231 437
231 471
232 252
232 255
232 282
232 353
232 377
232 403
232 404
232 428
232 442
232 462
232 502
232 504
232 519
232 536
232 743
232 744
233 247
233 285
233 290
233 315
233 323
233 439
233 619
233 657
233 818
234 246
234 254
234 281
234 304
234 346
234 400
234 466
234 469
234 589
234 612
234 642
234 732
235 245
235 306
235 328
235 381
235 412
235 454
235 455
235 509
235 575
235 586
235 645
235 690
235 803
236 317
236 968
237 538
237 590
237 700
237 901
238 256
238 258
238 277
238 288
238 298
238 499
238 510
238 511
238 530
238 531
239 249
239 250
239 286
239 370
239 387
239 409
239 425
239 461
239 465
239 486
240 264
240 327
240 395
240 396
240 476
240 477
240 603
241 335
241 377
241 427
241 487
241 503
241 621
241 701
241 751
242 275
242 284
242 315
242 408
243 265
243 297
243 329
243 479
243 529
243 861
243 862
244 260
244 309
244 347
244 372
244 391
244 398
244 443
244 464
244 485
244 501
244 556
244 747
244 806
245 303
245 306
245 328
245 358
245 412
245 645
245 746
246 254
246 287
246 304
246 466
246 483
246 539
246 588
246 607
246 680
246 792
247 350
247 352
247 439
247 546
247 619
247 657
247 818
248 330
249 250
249 257
249 266
249 267
249 269
249 286
249 399
249 460
250 257
250 266
250 286
250 332
250 426
250 534
251 277
251 298
251 311
251 511
252 305
252 322
252 349
252 370
252 386
252 387
252 442
252 461
252 462
252 463
252 488
252 555
252 582
252 583
252 585
252 685
253 268
253 293
253 301
253 344
253 345
253 357
253 390
253 401
253 516
254 281
254 296
254 304
254 346
254 400
254 466
254 469
254 589
254 642
254 877
255 275
255 323
255 377
255 494
255 523
255 720
256 311
257 266
257 267
257 269
257 399
257 441
257 866
258 277
258 302
258 424
258 510
259 262
259 352
259 354
259 361
259 448
259 497
259 518
259 525
259 766
259 817
259 852
259 977
260 309
260 331
260 372
260 391
260 413
260 443
260 485
260 501
261 376
261 546
261 726
262 290
262 354
262 362
262 363
262 367
262 376
262 393
263 321
263 337
263 374
263 449
263 493
263 549
263 567
263 600
264 395
264 476
264 527
264 603
264 723
264 999
265 278
265 348
265 529
265 634
266 269
266 286
266 299
267 269
267 299
267 385
267 460
267 579
268 289
268 369
268 388
268 458
268 679
268 864
269 299
269 385
269 399
269 579
269 606
270 277
270 278
270 297
270 302
270 334
270 348
270 445
270 616
270 704
270 814
271 359
272 313
272 420
272 421
272 433
272 440
272 548
273 352
273 367
273 378
273 438
273 495
273 506
274 362
274 373
274 489
274 490
274 508
274 520
274 570
274 622
274 758
275 285
275 319
275 434
275 667
276 540
276 615
277 298
277 342
277 383
277 424
277 445
277 528
277 532
278 297
278 348
278 479
278 616
278 704
278 814
279 333
280 326
280 338
280 366
280 375
280 569
280 626
281 295
281 429
281 985
281 986
282 353
282 504
282 564
282 647
283 290
283 325
283 338
283 363
283 393
284 291
284 315
284 316
284 573
284 828
284 917
285 366
285 451
286 299
286 344
286 410
286 441
286 785
287 539
287 607
288 510
289 293
289 389
289 411
289 459
289 554
289 731
289 791
290 308
290 402
290 497
290 505
290 518
290 524
290 525
290 526
290 722
291 315
291 828
291 829
292 306
292 752
292 804
293 300
293 357
293 370
293 465
293 516
293 697
294 312
294 336
294 447
294 517
294 542
295 429
295 544
295 561
295 652
295 759
295 760
295 761
295 919
296 400
297 302
297 348
297 529
297 616
298 500
298 510
299 332
299 345
299 385
300 301
300 357
300 390
300 401
300 444
301 401
301 444
301 486
301 557
301 695
301 810
301 900
302 342
302 383
302 445
302 528
304 346
304 466
304 588
304 589
304 612
304 642
304 732
305 340
305 349
305 386
305 392
305 403
305 442
305 446
305 463
305 468
305 488
305 571
305 583
305 610
305 738
306 328
306 455
306 509
306 575
306 620
307 319
307 341
307 359
307 431
307 655
307 660
307 712
307 713
307 767
308 367
308 495
308 506
308 714
308 910
309 331
309 443
309 556
310 330
310 369
310 415
310 788
310 872
312 592
312 826
313 326
313 359
314 363
314 505
314 526
314 705
315 316
315 379
315 394
315 419
316 429
317 417
317 541
319 326
319 338
319 341
319 375
319 376
319 505
320 321
320 350
320 374
320 493
320 549
321 351
321 407
321 449
321 493
321 568
321 626
322 428
322 519
322 624
322 644
322 688
322 745
322 801
322 802
322 893
322 894
323 325
323 362
323 627
324 352
324 453
324 518
326 352
326 407
326 419
326 518
327 397
327 477
328 368
328 381
328 454
328 509
328 586
328 645
328 689
328 690
328 803
329 356
329 382
329 577
330 369
330 401
330 415
330 581
331 398
331 443
331 485
331 806
332 345
332 399
334 342
334 383
334 424
334 445
335 427
335 467
335 487
336 418
336 507
336 543
336 545
336 591
336 822
336 914
337 341
337 374
337 568
337 992
338 352
338 407
338 518
338 565
339 474
340 377
341 359
341 438
342 383
342 528
343 726
344 357
344 465
344 675
345 371
345 426
346 400
346 414
346 699
346 877
347 391
347 398
347 413
348 479
348 616
349 392
349 403
349 428
349 442
349 446
349 462
349 468
349 535
350 351
350 407
351 359
351 360
351 374
351 379
351 569
352 361
352 375
352 378
352 630
353 428
353 448
353 502
353 643
353 647
355 450
356 456
356 478
356 551
356 670
356 725
356 860
357 516
357 693
357 749
357 898
357 899
358 380
360 568
361 453
361 518
362 452
362 503
363 497
363 521
364 406
364 434
364 439
365 376
365 815
366 407
367 525
368 381
368 454
368 522
368 586
368 689
368 690
369 581
369 787
370 387
370 461
370 463
370 486
370 585
370 686
370 740
370 741
370 800
371 389
371 416
371 874
372 391
372 501
372 807
372 896
373 396
373 475
373 508
373 669
374 407
374 449
374 663
375 407
376 406
376 433
376 525
376 625
379 407
380 553
380 604
381 509
381 522
381 586
381 689
382 454
382 455
382 478
382 906
384 441
384 867
386 392
386 403
386 442
386 446
386 462
386 463
386 484
386 583
386 584
386 610
386 738
386 863
386 887
387 442
387 461
387 463
387 486
387 585
387 686
388 389
388 416
388 458
388 482
388 679
389 482
389 729
390 444
390 557
390 694
390 808
391 413
391 501
391 807
392 404
392 462
392 535
392 536
392 555
393 599
394 573
394 602
395 562
395 603
396 475
396 477
396 508
396 562
396 592
396 669
396 831
397 476
397 477
397 527
398 556
398 806
398 897
399 409
400 414
400 699
403 462
403 488
403 583
403 735
403 737
403 739
404 428
404 468
404 888
405 418
405 507
405 543
405 545
405 560
405 824
408 724
408 775
409 514
411 459
411 731
411 791
411 876
412 645
412 746
413 819
414 612
414 699
415 581
415 703
417 541
418 507
418 543
418 545
422 436
422 559
422 614
423 618
423 753
423 909
424 672
424 781
427 467
427 487
427 811
428 519
428 536
428 624
428 644
428 688
428 744
429 544
429 561
429 652
430 431
430 566
430 593
430 623
430 656
430 665
430 713
430 768
430 836
430 840
430 923
430 924
430 926
431 655
431 712
431 713
431 768
431 840
431 925
431 991
432 473
432 549
432 658
432 714
434 717
434 851
434 932
434 933
436 563
436 614
442 555
442 582
443 464
444 587
444 750
444 809
444 810
446 535
446 584
446 608
446 683
446 772
447 542
447 708
450 470
455 509
455 575
455 620
455 752
459 554
459 731
461 463
461 585
461 742
461 967
462 484
462 536
462 887
462 963
463 555
463 585
463 966
464 747
464 748
466 469
466 588
466 589
467 487
467 646
468 582
468 888
471 496
471 521
471 632
473 550
473 601
473 633
474 503
474 774
474 856
475 477
475 527
475 562
476 477
476 527
477 508
477 527
481 514
482 640
482 679
482 729
482 730
483 607
483 680
483 792
484 535
484 536
484 584
484 608
484 671
486 742
488 555
489 653
489 763
489 764
490 520
490 920
491 541
492 628
492 827
492 916
493 626
498 577
499 635
501 896
503 856
504 537
507 508
507 545
509 575
509 690
509 752
515 681
516 898
516 899
517 561
517 650
517 651
517 708
519 624
519 644
519 688
519 745
520 653
520 762
520 984
522 586
522 689
529 634
535 671
536 648
538 590
538 611
538 613
538 698
542 699
542 708
543 545
543 822
544 561
544 761
545 560
545 591
546 842
552 635
553 576
559 751
560 823
560 824
560 825
560 915
561 761
562 987
563 614
565 572
565 834
566 593
566 623
566 654
566 710
566 779
566 836
566 923
567 821
569 626
570 709
570 758
570 762
571 928
572 664
572 765
572 832
572 922
572 989
574 857
574 939
575 586
575 819
576 577
578 635
584 735
585 686
586 689
586 690
587 809
588 793
590 700
591 914
591 982
592 831
593 623
593 654
593 656
593 926
594 664
594 921
598 665
598 684
598 945
598 946
598 947
607 680
608 671
608 881
609 683
609 794
609 956
609 957
610 772
611 698
613 646
618 753
619 657
619 911
622 758
623 654
623 656
623 710
623 838
624 644
628 827
629 717
629 850
634 776
634 861
643 647
645 746
645 803
649 821
650 651
650 708
650 727
650 756
651 756
652 759
652 760
653 764
654 710
654 779
655 712
655 767
656 836
656 838
664 765
664 849
683 684
683 794
684 880
684 944
687 745
687 893
692 769
692 805
709 762
710 838
711 837
711 839
712 767
713 768
717 847
717 936
727 756
727 943
734 736
748 895
757 983
759 760
768 840
776 942
788 873
793 878
812 903
822 913
823 915
832 848
834 835
834 927
847 934
850 935
853 855
861 862
930 931
