0 5
0 6
0 7
0 16
0 40
0 200
1 220
1 221
1 225
1 349
1 354
1 355
1 359
1 360
1 396
1 612
1 617
1 625
1 628
2 9
2 145
2 460
2 461
2 462
3 4
3 10
3 11
3 20
3 21
3 39
3 65
3 66
3 68
3 201
3 202
4 7
4 11
4 20
4 21
4 39
4 65
4 66
4 68
4 69
4 199
5 6
5 16
5 200
5 583
6 16
7 8
7 10
7 16
7 40
7 65
7 69
8 10
8 16
8 39
8 40
8 69
8 202
9 98
9 99
9 460
9 461
9 462
9 463
9 464
9 465
10 21
10 40
10 69
10 201
11 20
11 21
11 64
11 68
11 203
11 326
11 327
12 224
12 374
12 619
12 620
12 621
12 622
12 634
12 638
12 659
12 668
13 26
13 98
13 144
13 145
13 412
13 680
13 681
13 682
14 28
14 435
14 436
14 438
14 728
14 729
15 53
15 55
15 93
15 97
15 449
15 746
15 747
15 750
15 955
16 40
17 45
17 123
17 137
17 209
17 377
17 381
17 597
17 858
17 859
18 143
18 676
19 85
19 241
19 242
19 244
19 428
19 696
19 711
19 947
19 948
20 64
20 68
20 326
20 327
21 39
21 65
21 66
21 835
22 44
22 70
22 121
22 205
22 218
22 263
22 340
22 344
23 47
23 133
23 378
23 379
23 642
23 643
23 919
23 920
24 227
24 346
24 350
24 381
24 605
24 609
24 613
24 636
25 45
25 138
25 223
25 383
25 649
25 650
25 651
25 923
26 144
26 145
26 412
26 680
26 681
26 682
27 41
27 44
27 75
27 219
27 233
27 234
27 335
27 340
28 730
29 30
29 254
29 442
29 739
29 740
30 952
31 53
31 54
31 96
31 261
31 262
31 958
31 959
32 57
32 158
32 265
32 456
32 457
32 459
32 754
32 757
33 268
33 972
33 973
34 103
34 104
34 105
34 163
34 164
34 165
34 488
35 103
35 108
35 165
35 169
35 474
35 485
35 787
35 987
36 174
36 497
36 499
36 500
36 997
36 998
37 177
37 183
37 193
37 285
37 410
37 792
38 406
38 572
38 578
39 65
39 66
39 202
40 69
41 72
41 75
41 863
41 864
41 865
41 866
42 74
43 49
43 73
43 337
43 889
43 890
44 219
44 328
44 335
44 416
44 851
45 52
45 135
45 138
45 381
45 382
46 131
46 362
46 376
46 388
46 400
46 623
46 639
47 138
47 400
47 645
47 656
47 657
47 918
48 225
48 404
48 660
48 667
48 669
48 927
48 928
49 73
49 214
49 234
49 334
49 337
49 415
50 83
50 235
51 146
51 239
51 240
51 419
51 424
51 686
51 946
52 53
52 78
52 135
52 384
52 395
52 653
53 94
53 261
53 262
53 447
54 55
54 257
54 453
54 748
55 92
55 93
55 257
55 962
56 150
56 160
56 173
56 206
56 211
56 334
56 416
57 456
57 751
57 752
57 758
58 166
58 477
58 771
58 988
58 990
59 168
59 169
59 273
59 280
59 281
59 469
59 768
60 174
61 516
61 517
61 523
61 525
61 802
61 803
62 85
62 298
62 308
62 309
62 310
62 556
63 117
63 182
63 302
63 311
64 67
64 68
64 834
65 66
66 202
67 203
67 584
70 852
70 853
70 854
70 855
70 856
71 118
71 127
71 870
71 871
71 872
71 873
72 74
72 122
72 213
72 587
72 593
73 100
73 341
73 846
74 75
74 124
74 208
74 336
75 120
75 130
75 586
76 362
76 367
76 383
76 395
76 603
76 610
77 377
77 390
77 402
77 640
77 641
77 665
78 385
78 386
78 387
78 388
78 654
79 80
79 136
79 389
79 655
79 656
79 657
80 226
80 380
80 389
80 398
80 921
81 191
81 193
81 228
81 320
81 407
81 675
82 235
82 413
82 414
83 99
83 235
83 236
83 417
84 417
84 685
85 193
85 240
85 241
85 296
86 247
86 430
87 431
87 721
88 89
88 250
88 439
88 733
90 252
90 736
91 152
91 154
91 254
91 741
92 155
92 258
92 448
92 449
92 963
93 257
93 262
93 451
93 960
94 260
94 447
94 452
94 466
95 156
95 453
95 749
96 261
96 262
97 746
97 750
98 939
98 940
98 943
99 236
99 237
99 416
99 463
100 467
100 497
101 433
101 436
101 437
101 438
101 727
101 764
102 172
102 468
102 470
102 493
102 975
102 976
103 104
103 105
103 273
103 982
104 105
104 275
104 488
105 275
105 488
105 784
106 168
106 171
106 277
106 475
106 769
106 984
107 171
107 275
107 483
107 777
107 778
108 787
108 788
108 789
108 994
108 995
109 170
109 486
109 496
109 781
109 783
109 991
110 294
110 510
110 514
110 523
110 545
111 112
111 515
111 522
111 525
111 529
112 113
112 530
112 538
112 805
113 305
113 512
113 535
113 801
114 307
114 308
114 421
114 559
114 819
115 241
115 320
115 554
115 816
115 817
116 192
116 193
116 321
116 574
116 575
117 324
117 325
117 422
117 824
118 847
118 848
118 849
118 850
119 208
120 336
120 879
120 880
120 881
121 204
121 205
121 332
121 591
122 124
122 207
122 335
122 590
123 206
123 214
123 217
123 342
124 126
124 233
124 595
125 211
125 598
126 128
126 209
126 210
126 592
127 218
127 219
127 333
127 600
128 129
128 130
128 217
128 342
129 130
129 233
129 899
129 900
130 898
130 901
131 387
131 624
131 649
131 910
132 349
132 351
132 354
132 392
132 615
133 347
133 363
133 379
133 386
134 382
134 646
134 647
134 648
134 922
135 915
135 916
135 917
136 399
136 648
136 655
136 914
137 224
137 396
137 925
137 926
138 397
138 664
139 284
139 289
140 300
140 555
140 674
141 143
141 181
141 554
141 571
141 573
142 229
142 677
142 933
143 934
145 412
145 936
146 179
146 305
146 419
146 545
147 189
147 245
147 316
147 544
148 431
148 435
148 722
149 438
149 731
149 732
150 173
150 735
151 238
151 690
151 693
151 742
151 743
152 153
152 154
152 443
152 743
153 154
153 745
153 953
154 255
154 445
155 156
155 261
155 448
156 259
156 748
157 282
157 458
158 159
158 263
158 967
158 968
159 265
159 459
159 970
159 971
160 266
160 282
160 754
161 267
161 759
162 197
162 198
162 472
162 581
162 827
163 164
163 165
164 165
164 474
166 168
166 471
166 478
166 491
167 270
167 271
167 775
167 776
168 482
168 484
169 273
169 473
169 484
170 274
170 487
170 782
170 783
171 276
171 490
171 785
172 278
172 468
172 765
172 786
173 212
173 282
173 283
174 283
175 502
175 999
176 178
176 284
176 287
176 409
177 178
177 794
178 190
178 793
179 294
179 509
179 518
180 303
180 313
180 550
180 576
181 296
181 315
181 550
182 564
182 795
183 506
184 547
184 549
185 186
185 313
185 560
185 823
186 315
186 577
187 296
187 549
187 557
187 562
188 192
188 306
188 312
189 319
189 569
190 287
190 320
190 420
191 228
191 314
191 570
192 563
192 564
194 195
194 196
194 433
194 825
195 197
195 433
195 826
196 197
196 198
196 579
197 198
198 832
199 326
199 327
199 780
201 479
203 584
204 860
204 861
204 862
205 331
205 874
206 334
206 594
207 882
207 883
207 884
209 592
209 857
210 885
210 886
211 212
211 585
212 599
213 338
213 339
213 593
214 215
214 597
215 894
216 600
216 601
216 895
216 896
217 342
217 878
218 330
218 344
219 897
220 610
220 612
220 618
221 359
221 360
221 628
222 380
222 385
222 631
222 632
223 391
223 392
223 924
224 394
224 395
225 397
225 660
226 399
226 662
226 931
227 404
227 644
227 667
228 555
228 678
229 407
230 231
230 284
230 286
230 287
231 408
232 411
233 415
234 415
234 684
236 237
236 418
237 944
237 945
238 299
238 541
238 806
239 290
239 291
239 292
240 304
240 305
241 818
242 421
242 697
242 949
243 244
243 245
243 687
243 708
244 423
244 698
245 689
245 707
246 268
246 426
246 709
248 429
248 430
248 473
249 434
249 473
250 252
250 439
250 738
251 734
251 736
252 733
253 458
253 737
253 738
254 442
255 256
256 445
257 957
258 259
259 749
260 965
263 340
263 589
264 751
264 752
264 753
265 756
266 757
266 758
268 425
268 702
269 280
269 472
269 495
269 761
270 775
271 481
272 482
272 483
272 773
272 774
273 482
274 487
274 763
274 781
276 475
276 785
276 974
277 475
277 978
278 769
278 770
278 786
279 776
279 789
280 281
280 486
281 492
281 494
285 288
285 791
289 506
290 291
290 798
291 804
292 419
292 516
293 294
293 799
293 800
295 319
295 687
295 808
297 301
297 321
297 812
298 307
298 552
299 807
300 553
301 556
301 810
303 543
304 524
304 534
306 574
307 815
308 558
309 310
309 809
310 567
311 312
312 820
314 553
314 561
315 551
316 565
317 318
317 557
318 575
321 813
322 323
322 546
323 576
324 548
324 569
325 821
325 822
328 836
328 837
329 333
329 842
329 843
330 840
330 841
331 868
331 869
332 875
332 876
333 601
336 887
337 867
338 891
339 892
339 893
343 602
343 838
343 839
344 602
345 358
345 367
345 603
346 605
346 614
347 606
347 607
348 366
348 373
349 357
350 613
350 619
351 615
351 647
352 378
352 604
352 643
353 616
353 629
353 908
354 355
355 617
356 391
356 650
356 907
357 618
357 905
358 622
358 903
359 904
360 627
361 629
361 640
361 911
362 366
363 380
363 607
364 365
364 378
364 604
365 654
365 913
366 633
367 369
368 369
368 374
368 621
369 634
370 371
370 633
371 376
371 635
372 608
372 609
372 637
373 375
373 620
374 375
375 638
376 639
377 394
379 642
382 396
383 623
384 658
384 906
385 611
386 611
387 632
388 624
389 631
390 644
390 666
391 909
392 630
393 405
393 659
393 902
394 608
397 929
398 661
398 930
399 662
400 401
401 663
401 664
402 403
402 641
403 665
403 666
404 668
405 663
405 670
406 573
408 671
408 672
409 679
410 411
413 683
413 935
414 683
418 941
421 422
422 423
423 699
424 700
424 701
425 428
425 688
426 694
427 695
427 703
427 704
428 707
429 715
431 719
432 720
432 721
432 722
437 728
437 951
440 504
440 739
441 443
441 505
441 541
442 741
444 445
444 744
444 745
446 450
446 954
447 956
450 451
451 964
454 455
454 459
456 966
457 755
457 969
462 938
463 937
464 942
466 498
466 759
468 790
469 476
469 765
470 767
471 477
471 985
472 986
474 788
476 766
476 770
479 772
479 833
480 763
480 772
481 773
481 774
483 777
484 485
485 779
486 780
487 782
489 490
489 762
489 779
490 993
492 979
492 980
493 494
493 760
494 790
495 496
495 764
496 996
497 594
498 499
498 658
499 501
500 502
503 504
507 508
507 509
508 512
510 511
511 513
513 519
514 515
517 521
518 520
519 520
521 522
524 531
526 527
526 539
527 528
528 536
529 530
531 532
532 533
533 534
535 537
536 537
538 540
539 540
542 559
542 797
543 560
546 551
547 811
552 814
558 796
562 566
566 568
567 568
571 572
577 578
579 580
580 829
581 582
582 831
586 877
588 596
588 755
589 590
591 888
595 845
606 661
614 616
625 626
626 627
630 651
636 637
645 652
646 912
652 653
669 670
671 672
673 674
673 932
684 844
686 710
688 705
689 691
690 700
691 692
692 693
695 696
697 699
698 701
702 703
704 706
705 706
708 709
710 712
711 712
713 716
713 730
714 720
714 731
717 718
717 732
718 950
719 723
724 725
725 726
726 727
742 744
747 961
760 830
761 977
766 981
767 828
768 983
771 989
784 992
