0 1
0 2
0 4
0 5
0 6
0 7
0 9
0 10
0 11
0 12
0 13
0 14
0 16
0 17
0 18
0 20
0 22
0 24
0 25
0 26
0 28
0 30
0 33
0 34
0 36
0 37
0 44
0 45
0 46
0 47
0 49
0 51
0 58
0 59
0 63
0 66
0 69
0 72
0 75
0 77
0 79
0 83
0 86
0 87
0 88
0 90
0 91
0 92
0 93
0 94
0 101
0 104
0 106
0 107
0 111
0 114
0 122
0 125
0 128
0 131
0 132
0 135
0 138
0 141
0 145
0 149
0 151
0 152
0 156
0 172
0 173
0 174
0 175
0 181
0 183
0 185
0 196
0 201
0 205
0 210
0 212
0 214
0 225
0 229
0 240
0 242
0 245
0 252
0 275
0 281
0 284
0 294
0 301
0 303
0 304
0 312
0 314
0 324
0 334
0 336
0 352
0 359
0 361
0 362
0 363
0 365
0 368
0 372
0 373
0 379
0 381
0 383
0 385
0 388
0 390
0 397
0 404
0 427
0 436
0 446
0 462
0 470
0 471
0 479
0 487
0 501
0 505
0 508
0 516
0 519
0 532
0 533
0 545
0 547
0 561
0 562
0 566
0 583
0 585
0 599
0 617
0 618
0 624
0 627
0 632
0 635
0 643
0 648
0 680
0 705
0 708
0 723
0 724
0 730
0 744
0 767
0 771
0 775
0 777
0 791
0 798
0 808
0 811
0 816
0 822
0 824
0 830
0 850
0 868
0 887
0 924
0 944
1 2
1 3
1 5
1 6
1 7
1 8
1 9
1 10
1 11
1 14
1 15
1 19
1 20
1 24
1 25
1 26
1 28
1 29
1 32
1 34
1 36
1 37
1 38
1 41
1 44
1 45
1 46
1 49
1 51
1 52
1 53
1 54
1 57
1 58
1 59
1 65
1 66
1 67
1 69
1 72
1 74
1 77
1 79
1 83
1 85
1 86
1 87
1 88
1 89
1 90
1 91
1 92
1 94
1 97
1 101
1 106
1 107
1 110
1 111
1 113
1 120
1 128
1 131
1 135
1 141
1 145
1 149
1 162
1 172
1 174
1 176
1 180
1 183
1 189
1 195
1 210
1 211
1 212
1 214
1 217
1 222
1 224
1 229
1 240
1 242
1 253
1 256
1 258
1 268
1 279
1 281
1 294
1 303
1 304
1 307
1 308
1 313
1 315
1 319
1 323
1 326
1 330
1 336
1 337
1 359
1 363
1 366
1 377
1 382
1 388
1 409
1 416
1 427
1 446
1 455
1 458
1 467
1 487
1 508
1 531
1 545
1 547
1 551
1 555
1 563
1 581
1 585
1 589
1 598
1 624
1 627
1 643
1 660
1 672
1 680
1 697
1 703
1 719
1 732
1 737
1 757
1 761
1 764
1 798
1 850
1 851
1 859
1 877
1 915
2 3
2 4
2 11
2 13
2 16
2 22
2 33
2 36
2 56
2 60
2 64
2 84
2 93
2 110
2 114
2 133
2 134
2 138
2 139
2 147
2 158
2 165
2 186
2 204
2 218
2 225
2 231
2 236
2 252
2 269
2 299
2 318
2 349
2 374
2 397
2 453
2 535
2 577
2 590
2 632
2 648
2 668
2 705
2 721
2 727
2 771
2 775
2 789
2 810
2 827
2 830
2 843
2 946
3 4
3 5
3 6
3 9
3 10
3 14
3 15
3 19
3 20
3 22
3 26
3 28
3 29
3 33
3 38
3 41
3 46
3 47
3 48
3 51
3 60
3 61
3 62
3 71
3 75
3 78
3 80
3 82
3 93
3 101
3 105
3 110
3 113
3 115
3 116
3 123
3 135
3 148
3 172
3 181
3 185
3 200
3 216
3 227
3 237
3 250
3 260
3 295
3 296
3 314
3 317
3 341
3 347
3 349
3 370
3 403
3 408
3 423
3 424
3 434
3 445
3 458
3 461
3 476
3 513
3 569
3 631
3 634
3 636
3 800
3 875
3 931
4 5
4 6
4 8
4 15
4 16
4 26
4 33
4 48
4 51
4 54
4 66
4 74
4 80
4 93
4 101
4 110
4 113
4 114
4 116
4 122
4 126
4 158
4 177
4 187
4 255
4 331
4 337
4 366
4 435
4 511
4 518
4 543
4 556
4 572
4 587
4 641
4 672
4 759
4 760
4 794
4 808
5 6
5 7
5 9
5 10
5 17
5 18
5 24
5 26
5 29
5 30
5 31
5 34
5 36
5 37
5 38
5 46
5 47
5 49
5 59
5 63
5 69
5 72
5 77
5 83
5 86
5 88
5 89
5 90
5 94
5 100
5 101
5 106
5 120
5 128
5 135
5 136
5 145
5 149
5 151
5 174
5 175
5 178
5 183
5 199
5 202
5 208
5 210
5 212
5 214
5 222
5 226
5 229
5 240
5 247
5 250
5 257
5 258
5 265
5 269
5 275
5 281
5 301
5 307
5 313
5 314
5 319
5 324
5 329
5 336
5 337
5 339
5 344
5 356
5 368
5 383
5 388
5 427
5 441
5 442
5 466
5 469
5 479
5 486
5 487
5 510
5 515
5 546
5 563
5 566
5 585
5 597
5 626
5 627
5 629
5 635
5 649
5 656
5 716
5 730
5 732
5 757
5 777
5 798
5 808
5 811
5 845
5 859
5 888
5 945
6 11
6 16
6 19
6 22
6 24
6 46
6 47
6 49
6 51
6 59
6 61
6 62
6 68
6 86
6 101
6 102
6 104
6 105
6 106
6 107
6 135
6 153
6 160
6 163
6 172
6 196
6 203
6 210
6 230
6 249
6 254
6 292
6 309
6 314
6 319
6 347
6 348
6 359
6 373
6 385
6 390
6 408
6 421
6 445
6 516
6 535
6 540
6 618
6 624
6 633
6 712
6 730
6 752
6 780
6 783
6 935
7 10
7 19
7 25
7 27
7 30
7 31
7 32
7 38
7 41
7 43
7 52
7 55
7 57
7 62
7 72
7 77
7 81
7 92
7 95
7 97
7 104
7 105
7 116
7 120
7 131
7 135
7 137
7 156
7 159
7 163
7 173
7 175
7 178
7 181
7 185
7 189
7 192
7 193
7 206
7 208
7 209
7 212
7 220
7 222
7 226
7 228
7 235
7 241
7 267
7 269
7 274
7 282
7 283
7 287
7 290
7 305
7 307
7 312
7 325
7 329
7 340
7 344
7 353
7 356
7 362
7 364
7 381
7 386
7 399
7 401
7 402
7 410
7 416
7 418
7 422
7 428
7 439
7 441
7 443
7 447
7 476
7 477
7 484
7 502
7 515
7 522
7 524
7 528
7 535
7 549
7 561
7 583
7 585
7 596
7 608
7 613
7 620
7 631
7 640
7 650
7 653
7 669
7 709
7 778
7 788
7 852
7 860
7 891
8 12
8 65
8 66
8 85
8 91
8 98
8 117
8 132
8 144
8 152
8 156
8 180
8 181
8 189
8 196
8 245
8 262
8 268
8 284
8 303
8 311
8 334
8 355
8 377
8 412
8 436
8 446
8 449
8 462
8 471
8 501
8 519
8 533
8 552
8 561
8 583
8 595
8 599
8 617
8 741
9 14
9 15
9 19
9 27
9 29
9 35
9 38
9 39
9 40
9 41
9 52
9 55
9 65
9 71
9 95
9 98
9 100
9 105
9 108
9 118
9 119
9 137
9 140
9 142
9 146
9 150
9 157
9 164
9 166
9 188
9 189
9 191
9 206
9 213
9 216
9 228
9 233
9 234
9 235
9 266
9 267
9 282
9 291
9 300
9 302
9 312
9 322
9 327
9 344
9 350
9 355
9 362
9 375
9 378
9 379
9 394
9 398
9 400
9 401
9 406
9 409
9 410
9 414
9 418
9 428
9 431
9 432
9 439
9 440
9 441
9 444
9 459
9 465
9 472
9 477
9 478
9 482
9 484
9 490
9 493
9 499
9 523
9 524
9 538
9 539
9 542
9 549
9 557
9 558
9 573
9 579
9 593
9 595
9 602
9 603
9 604
9 616
9 619
9 620
9 650
9 653
9 674
9 681
9 693
9 696
9 715
9 717
9 718
9 758
9 813
9 855
9 998
10 11
10 18
10 19
10 24
10 27
10 43
10 49
10 59
10 83
10 90
10 94
10 104
10 107
10 117
10 132
10 136
10 144
10 179
10 195
10 196
10 205
10 220
10 221
10 240
10 258
10 274
10 284
10 310
10 322
10 348
10 380
10 399
10 436
10 487
10 514
10 547
10 701
10 732
10 766
10 769
10 777
10 876
10 882
11 14
11 19
11 27
11 29
11 32
11 37
11 57
11 95
11 96
11 111
11 115
11 131
11 151
11 175
11 178
11 179
11 191
11 202
11 208
11 220
11 222
11 226
11 244
11 247
11 248
11 257
11 265
11 281
11 286
11 287
11 290
11 295
11 324
11 336
11 337
11 340
11 344
11 345
11 346
11 356
11 372
11 381
11 466
11 469
11 471
11 484
11 494
11 495
11 515
11 540
11 555
11 564
11 565
11 567
11 570
11 626
11 635
11 637
11 649
11 656
11 657
11 660
11 676
11 682
11 769
12 20
12 26
12 47
12 53
12 87
12 90
12 96
12 97
12 113
12 155
12 162
12 180
12 253
12 308
12 315
12 319
12 320
12 326
12 331
12 333
12 357
12 380
12 518
12 534
12 581
12 589
12 792
12 825
13 22
13 27
13 60
13 64
13 93
13 115
13 133
13 158
13 165
13 186
13 187
13 232
13 237
13 276
13 277
13 292
13 296
13 358
13 374
13 387
13 406
13 461
13 477
13 489
13 535
13 536
13 553
13 564
13 586
13 596
13 601
13 611
13 639
13 647
13 678
13 679
13 702
14 15
14 17
14 18
14 19
14 20
14 24
14 25
14 29
14 32
14 34
14 38
14 41
14 44
14 52
14 54
14 65
14 67
14 71
14 83
14 87
14 90
14 92
14 102
14 118
14 122
14 131
14 140
14 150
14 151
14 164
14 167
14 213
14 216
14 217
14 228
14 234
14 244
14 261
14 294
14 297
14 312
14 322
14 337
14 375
14 377
14 380
14 381
14 382
14 385
14 388
14 421
14 432
14 441
14 443
14 450
14 458
14 465
14 478
14 506
14 579
14 611
14 616
14 618
14 666
14 706
14 733
14 764
14 785
14 796
14 837
14 856
14 864
14 882
14 894
14 922
15 20
15 29
15 38
15 41
15 66
15 114
15 163
15 204
15 237
15 246
15 270
15 322
15 392
15 413
15 431
15 437
15 445
15 450
15 516
15 539
15 541
15 546
15 576
15 595
15 606
15 638
15 669
15 699
15 834
16 22
16 23
16 27
16 30
16 31
16 56
16 60
16 64
16 93
16 115
16 124
16 133
16 165
16 187
16 218
16 236
16 237
16 277
16 358
16 364
16 397
16 398
16 535
16 564
16 586
16 596
16 771
16 818
16 839
17 19
17 27
17 29
17 38
17 40
17 41
17 42
17 52
17 55
17 64
17 71
17 100
17 108
17 111
17 118
17 119
17 137
17 140
17 142
17 143
17 154
17 157
17 163
17 166
17 188
17 203
17 213
17 216
17 220
17 246
17 261
17 286
17 291
17 292
17 297
17 302
17 327
17 329
17 337
17 342
17 350
17 362
17 376
17 378
17 394
17 395
17 398
17 406
17 410
17 412
17 418
17 422
17 428
17 439
17 445
17 447
17 459
17 472
17 477
17 504
17 529
17 536
17 550
17 557
17 573
17 583
17 601
17 602
17 652
17 670
17 717
17 788
17 828
18 19
18 27
18 39
18 41
18 42
18 43
18 52
18 55
18 71
18 72
18 73
18 116
18 119
18 131
18 146
18 157
18 159
18 163
18 192
18 194
18 202
18 216
18 220
18 228
18 241
18 244
18 266
18 271
18 274
18 283
18 286
18 287
18 291
18 301
18 327
18 350
18 355
18 356
18 364
18 379
18 380
18 381
18 384
18 389
18 398
18 406
18 410
18 414
18 418
18 429
18 443
18 444
18 455
18 477
18 500
18 510
18 529
18 557
18 573
18 652
18 653
18 674
18 758
18 770
19 20
19 23
19 24
19 25
19 26
19 28
19 34
19 42
19 44
19 54
19 62
19 67
19 68
19 87
19 98
19 108
19 118
19 122
19 130
19 144
19 217
19 254
19 263
19 293
19 315
19 385
19 388
19 389
19 421
19 422
19 443
19 458
19 630
19 688
19 857
19 858
19 929
20 23
20 27
20 29
20 39
20 41
20 51
20 52
20 55
20 62
20 65
20 71
20 81
20 95
20 98
20 100
20 108
20 116
20 127
20 144
20 151
20 157
20 163
20 194
20 216
20 219
20 228
20 237
20 244
20 283
20 291
20 292
20 293
20 297
20 329
20 337
20 350
20 355
20 378
20 381
20 384
20 385
20 410
20 418
20 440
20 452
20 478
20 497
20 549
20 557
20 579
20 602
20 603
20 604
20 615
20 620
20 637
20 669
20 682
20 688
20 758
21 66
21 125
21 152
21 161
21 239
21 321
21 332
21 334
21 361
21 438
21 463
21 470
21 501
21 641
21 658
21 791
21 814
21 892
22 60
22 63
22 101
22 103
22 147
22 165
22 187
22 218
22 225
22 252
22 276
22 277
22 397
22 489
22 564
22 586
22 596
22 629
22 648
22 705
22 843
23 34
23 44
23 54
23 67
23 68
23 130
23 243
23 263
23 375
23 501
23 588
23 719
23 735
24 25
24 30
24 39
24 43
24 48
24 50
24 51
24 61
24 62
24 71
24 75
24 78
24 98
24 103
24 104
24 115
24 116
24 129
24 135
24 137
24 203
24 215
24 216
24 217
24 235
24 241
24 276
24 287
24 316
24 340
24 360
24 365
24 392
24 398
24 406
24 423
24 459
24 475
24 502
24 530
24 536
24 579
24 605
24 614
24 639
24 665
24 752
24 778
25 26
25 42
25 47
25 48
25 51
25 71
25 79
25 103
25 110
25 115
25 116
25 119
25 129
25 148
25 167
25 170
25 177
25 215
25 217
25 223
25 261
25 269
25 328
25 350
25 351
25 358
25 387
25 447
25 465
25 506
25 525
25 591
25 601
25 607
25 614
25 665
25 699
25 725
25 751
26 30
26 31
26 48
26 51
26 61
26 62
26 70
26 75
26 78
26 93
26 98
26 103
26 104
26 116
26 124
26 137
26 159
26 165
26 177
26 196
26 197
26 203
26 213
26 217
26 235
26 241
26 261
26 307
26 316
26 358
26 360
26 365
26 374
26 392
26 398
26 408
26 423
26 432
26 477
26 596
26 611
26 620
26 639
26 686
26 739
27 34
27 44
27 49
27 54
27 63
27 67
27 68
27 128
27 217
27 318
27 389
27 421
27 458
27 611
27 721
27 792
27 857
27 858
27 900
28 37
28 58
28 104
28 107
28 115
28 117
28 141
28 144
28 219
28 221
28 242
28 255
28 268
28 284
28 295
28 309
28 310
28 352
28 363
28 436
28 512
28 519
28 567
28 599
28 720
29 34
29 52
29 54
29 67
29 98
29 114
29 145
29 174
29 208
29 224
29 259
29 270
29 291
29 322
29 362
29 394
29 409
29 427
29 431
29 441
29 450
29 490
29 523
29 541
29 558
29 638
29 650
29 675
29 715
29 731
29 829
30 31
30 46
30 47
30 49
30 90
30 135
30 314
30 516
30 556
30 627
30 645
30 648
30 667
30 673
30 701
30 728
30 730
30 742
30 749
30 750
30 781
30 826
30 932
30 933
31 47
31 49
31 105
31 128
31 135
31 240
31 314
31 479
31 522
31 645
31 728
31 730
31 742
31 781
31 797
31 811
31 826
31 841
31 845
31 880
31 881
31 888
32 34
32 52
32 69
32 82
32 85
32 92
32 98
32 127
32 131
32 151
32 172
32 185
32 223
32 279
32 294
32 371
32 377
32 734
33 63
33 138
33 168
33 232
33 272
33 296
33 297
33 316
33 325
33 374
33 426
33 461
33 509
33 584
33 612
33 636
33 691
33 694
34 41
34 52
34 55
34 73
34 98
34 119
34 131
34 140
34 150
34 151
34 157
34 164
34 188
34 228
34 234
34 235
34 253
34 269
34 283
34 287
34 291
34 302
34 320
34 322
34 329
34 346
34 357
34 375
34 378
34 380
34 381
34 384
34 410
34 440
34 465
34 482
34 504
34 523
34 557
34 602
35 46
35 105
35 118
35 121
35 136
35 142
35 148
35 160
35 261
35 451
35 486
35 496
35 667
35 668
35 687
35 692
35 743
35 748
35 749
35 750
35 755
35 779
35 820
35 821
35 869
35 913
35 914
35 988
36 57
36 85
36 96
36 146
36 190
36 241
36 274
36 290
36 301
36 303
36 396
36 397
36 415
36 467
36 491
36 500
36 534
36 622
36 623
36 676
36 682
36 771
37 48
37 58
37 104
37 132
37 205
37 328
37 352
37 363
37 449
37 519
37 532
37 720
38 41
38 83
38 136
38 140
38 145
38 150
38 174
38 188
38 199
38 206
38 234
38 259
38 267
38 355
38 362
38 414
38 418
38 439
38 444
38 450
38 538
38 546
38 574
38 650
38 653
38 856
38 895
39 42
39 51
39 54
39 61
39 71
39 82
39 87
39 103
39 116
39 122
39 127
39 172
39 185
39 219
39 244
39 279
39 285
39 350
39 402
39 517
39 637
40 142
40 259
40 312
40 339
40 414
40 418
40 479
40 486
40 524
40 556
40 558
40 687
40 768
40 779
40 797
40 799
40 812
40 896
40 921
40 961
41 42
41 54
41 73
41 83
41 109
41 118
41 164
41 166
41 185
41 211
41 234
41 307
41 312
41 322
41 350
41 375
41 443
41 479
41 483
41 517
41 618
41 659
41 663
41 706
41 733
41 740
41 837
42 44
42 51
42 54
42 55
42 68
42 73
42 98
42 108
42 115
42 127
42 132
42 166
42 215
42 253
42 382
42 412
42 443
42 444
42 605
42 666
43 47
43 49
43 59
43 83
43 90
43 94
43 136
43 240
43 258
43 319
43 457
43 487
43 514
43 547
43 551
43 585
43 643
43 732
43 766
43 876
44 52
44 65
44 81
44 130
44 164
44 215
44 261
44 280
44 329
44 343
44 350
44 354
44 371
44 444
44 472
44 497
44 549
44 575
44 591
44 670
45 57
45 62
45 65
45 98
45 141
45 151
45 162
45 262
45 281
45 283
45 304
45 381
45 415
45 416
45 419
45 526
45 561
45 562
46 51
46 79
46 89
46 95
46 99
46 104
46 115
46 135
46 196
46 217
46 254
46 292
46 365
46 386
46 406
46 475
46 476
46 492
46 540
46 631
46 635
46 637
46 657
47 53
47 115
47 135
47 217
47 257
47 261
47 271
47 284
47 319
47 330
47 336
47 348
47 356
47 358
47 364
47 365
47 386
47 387
47 391
47 406
47 453
47 460
47 475
47 603
47 614
47 639
47 657
47 660
47 665
48 51
48 53
48 58
48 70
48 79
48 97
48 122
48 123
48 124
48 161
48 223
48 249
48 251
48 271
48 277
48 348
48 449
48 503
48 516
49 62
49 120
49 137
49 146
49 163
49 241
49 244
49 250
49 254
49 282
49 292
49 307
49 310
49 312
49 316
49 319
49 327
49 365
49 386
49 399
49 401
49 567
49 620
49 639
49 640
49 700
50 75
50 78
50 99
50 110
50 260
50 277
50 295
50 360
50 374
50 451
50 507
50 609
51 71
51 79
51 161
51 172
51 223
51 249
51 251
51 314
51 451
51 503
51 534
51 615
52 54
52 65
52 66
52 90
52 98
52 140
52 150
52 151
52 164
52 188
52 234
52 266
52 283
52 294
52 302
52 375
52 382
52 384
52 385
52 388
52 441
52 458
52 465
52 545
52 568
52 638
52 706
53 96
53 97
53 117
53 118
53 155
53 162
53 180
53 253
53 306
53 308
53 319
53 320
53 330
53 333
53 346
53 391
53 454
53 560
53 819
53 867
54 62
54 66
54 108
54 118
54 164
54 166
54 170
54 216
54 222
54 228
54 253
54 261
54 263
54 291
54 327
54 329
54 337
54 344
54 346
54 350
54 375
54 378
54 382
54 384
54 389
54 399
54 407
54 410
54 440
54 465
54 548
54 557
54 615
54 696
54 716
55 76
55 136
55 176
55 234
55 278
55 294
55 312
55 327
55 339
55 368
55 383
55 388
55 421
55 479
55 502
55 522
55 640
55 681
55 779
55 836
55 866
55 955
55 956
56 80
56 93
56 113
56 158
56 165
56 169
56 186
56 331
56 367
56 642
57 59
57 69
57 181
57 201
57 325
57 420
57 505
57 508
57 531
57 533
57 625
57 786
58 79
58 141
58 205
58 221
58 268
58 298
58 309
58 310
58 352
58 363
58 380
58 387
58 446
58 519
59 72
59 77
59 104
59 120
59 143
59 173
59 175
59 179
59 189
59 196
59 247
59 274
59 307
59 404
59 425
59 491
59 527
59 528
59 567
59 582
59 585
59 603
59 621
59 637
59 657
60 64
60 139
60 187
60 236
60 278
60 347
60 610
60 632
60 648
60 889
61 70
61 76
61 82
61 90
61 92
61 116
61 153
61 159
61 170
61 177
61 192
61 215
61 310
61 328
61 340
61 447
61 472
61 525
61 634
61 646
61 711
61 828
62 67
62 68
62 90
62 210
62 282
62 365
62 580
62 624
62 686
62 693
62 742
62 780
62 801
62 861
63 95
63 104
63 160
63 245
63 582
63 626
64 148
64 225
64 252
64 339
64 705
64 843
65 69
65 85
65 87
65 131
65 156
65 222
65 266
65 337
65 361
65 377
65 526
65 545
65 638
65 703
66 90
66 152
66 190
66 207
66 323
66 341
66 361
66 456
66 501
66 641
66 719
67 98
67 108
67 118
67 164
67 170
67 261
67 263
67 280
67 293
67 310
67 350
67 378
67 384
67 385
67 443
67 497
67 548
67 735
67 878
68 108
68 130
68 132
68 162
68 170
68 217
68 254
68 261
68 263
68 292
68 310
68 327
68 350
68 358
68 364
68 389
68 398
68 399
68 422
68 441
68 443
68 548
68 611
69 98
69 141
69 151
69 156
69 179
69 222
69 269
69 305
69 464
69 520
69 561
70 76
70 82
70 153
70 170
70 177
70 178
70 358
70 647
70 722
70 807
70 919
71 115
71 116
71 119
71 129
71 185
71 191
71 215
71 216
71 244
71 261
71 287
71 350
71 475
71 477
71 530
71 579
71 706
71 740
72 77
72 83
72 86
72 88
72 94
72 111
72 143
72 145
72 173
72 175
72 183
72 210
72 212
72 240
72 247
72 265
72 275
72 339
72 372
72 416
72 445
72 455
72 466
72 468
72 484
72 566
72 621
72 643
72 649
73 119
73 127
73 154
73 159
73 168
73 182
73 193
73 199
73 226
73 233
73 269
73 272
73 287
73 424
73 429
73 480
73 509
73 605
73 745
74 108
74 127
74 129
74 130
74 156
74 164
74 192
74 194
74 243
74 263
74 266
74 280
74 284
74 568
75 79
75 260
75 513
75 677
76 116
76 119
76 124
76 153
76 166
76 170
76 177
76 187
76 215
76 236
76 310
76 353
76 364
76 573
76 591
76 647
76 655
76 659
77 83
77 86
77 88
77 94
77 95
77 136
77 143
77 145
77 173
77 175
77 183
77 210
77 214
77 247
77 248
77 265
77 313
77 404
77 405
77 416
77 468
77 491
77 643
77 798
78 110
78 115
78 184
78 317
78 349
78 374
78 408
78 423
78 507
78 609
78 684
78 748
79 106
79 124
79 135
79 161
79 242
79 249
79 503
80 129
80 169
80 186
80 260
80 277
80 341
80 553
80 677
81 82
81 87
81 92
81 98
81 122
81 131
81 144
81 219
81 280
81 293
81 294
81 343
81 370
81 381
81 549
82 100
82 140
82 170
82 177
82 185
82 188
82 192
82 403
82 441
82 447
82 552
83 92
83 142
83 146
83 202
83 206
83 208
83 212
83 241
83 248
83 267
83 275
83 291
83 307
83 340
83 342
83 405
83 414
83 425
83 428
83 445
83 483
83 495
83 514
83 515
83 524
83 528
83 563
83 565
83 585
83 597
83 656
83 778
84 126
84 158
84 169
84 225
84 289
84 707
84 710
84 865
84 937
85 87
85 127
85 131
85 156
85 244
85 311
85 568
85 927
86 95
86 111
86 143
86 146
86 173
86 175
86 206
86 247
86 248
86 265
86 275
86 324
86 342
86 376
86 405
86 442
86 466
86 468
86 476
86 491
86 524
86 528
86 603
86 656
86 657
87 108
87 130
87 192
87 266
87 285
87 293
87 300
87 317
87 353
87 403
87 549
87 591
88 111
88 143
88 173
88 178
88 202
88 220
88 248
88 372
88 405
88 425
88 455
88 468
88 484
88 491
88 492
88 502
88 515
88 527
88 528
88 597
88 770
88 788
89 91
89 115
89 125
89 171
89 196
89 210
89 288
89 351
89 387
89 454
89 460
89 494
89 544
89 601
90 120
90 241
90 253
90 316
90 332
90 335
90 343
90 399
90 433
90 502
90 561
90 700
90 709
90 729
90 791
90 920
91 125
91 171
91 288
91 304
91 589
91 594
92 98
92 100
92 116
92 136
92 151
92 153
92 163
92 178
92 192
92 215
92 235
92 283
92 305
92 340
92 343
92 608
92 876
93 124
93 158
93 166
93 186
93 218
93 367
93 627
93 648
93 702
94 143
94 173
94 175
94 202
94 222
94 241
94 247
94 248
94 265
94 324
94 342
94 376
94 484
94 527
94 528
94 563
94 585
94 621
94 637
95 106
95 149
95 214
95 254
95 313
95 359
95 477
95 624
96 97
96 176
96 245
96 257
96 326
96 330
96 333
96 346
97 162
97 180
97 233
97 253
97 284
97 306
97 311
97 320
97 333
97 756
98 120
98 130
98 131
98 151
98 222
98 283
98 294
98 344
98 598
98 716
99 227
99 249
99 298
99 370
99 473
100 137
100 140
100 150
100 164
100 172
100 188
100 192
100 234
100 389
100 400
100 407
100 498
100 538
100 675
100 683
100 772
100 793
101 104
101 160
101 163
101 249
101 251
101 290
101 292
101 413
101 437
101 454
101 478
101 544
101 631
101 652
102 157
102 213
102 282
102 417
102 444
102 459
102 494
102 537
102 698
102 795
103 170
103 310
103 387
103 686
104 135
104 273
104 582
104 744
105 109
105 148
105 209
105 312
105 516
105 556
105 661
105 673
105 701
105 726
106 163
106 254
106 290
106 386
106 491
106 492
106 527
106 652
106 676
107 141
107 221
107 268
107 310
107 519
107 532
107 720
108 122
108 126
108 217
108 380
108 611
108 760
109 365
109 522
109 556
109 673
109 797
109 821
109 841
109 883
109 884
109 934
110 124
110 184
110 216
110 374
110 423
110 609
110 684
111 145
111 149
111 179
111 202
111 224
111 229
111 258
111 267
111 274
111 275
111 307
111 313
111 324
111 356
111 372
111 383
111 455
111 546
111 757
112 184
112 317
113 184
113 277
113 306
113 333
113 454
113 473
114 196
114 237
114 270
114 298
114 510
114 835
115 203
115 230
115 242
115 351
115 373
115 475
115 601
116 153
116 215
116 278
116 447
116 517
116 646
116 722
116 773
116 828
117 176
117 195
117 257
117 336
117 436
117 547
117 782
117 844
118 216
118 261
118 297
118 350
118 630
118 871
118 890
119 159
119 166
119 187
119 199
119 278
119 343
119 345
119 429
119 480
119 481
119 659
119 725
119 745
119 836
120 136
120 141
120 180
120 281
120 416
120 464
120 627
121 142
121 246
121 475
121 593
121 604
121 667
121 692
121 726
121 743
121 748
121 749
121 750
121 821
121 846
121 986
122 127
122 167
122 244
122 279
122 285
122 350
122 355
122 549
122 575
123 126
123 165
123 177
123 185
123 648
123 807
124 367
124 607
124 838
124 910
125 152
125 207
125 230
125 239
125 288
125 404
125 435
125 470
125 488
125 806
126 158
126 197
126 277
126 289
126 403
126 448
126 560
126 592
127 154
127 168
127 182
127 194
127 198
127 238
127 272
127 823
128 142
128 159
128 179
128 206
128 208
128 212
128 220
128 267
128 275
128 286
128 312
128 362
128 414
128 417
128 422
128 440
128 445
128 476
128 656
128 687
130 263
130 279
130 390
130 890
131 151
131 266
131 283
131 294
131 305
131 339
131 371
131 377
131 381
131 526
132 217
132 298
132 352
132 373
132 519
132 734
132 767
132 824
132 851
132 927
132 999
133 139
133 610
133 847
134 318
134 347
134 705
134 810
134 941
134 942
134 943
135 163
135 413
135 437
135 652
136 153
136 206
136 267
136 274
136 291
136 417
136 425
136 439
136 539
136 597
137 191
137 235
137 282
137 400
137 401
137 434
137 498
137 549
137 557
137 627
137 742
137 793
137 801
138 232
138 296
138 374
138 393
138 426
138 584
138 592
138 664
138 686
139 187
139 236
139 299
139 520
140 150
140 172
140 188
140 234
140 389
140 400
140 498
140 683
140 697
140 768
140 772
141 175
141 210
141 268
141 373
141 471
141 562
142 145
142 339
142 667
142 687
142 692
142 726
142 748
142 749
142 750
142 755
142 846
142 993
143 145
143 149
143 173
143 202
143 210
143 229
143 313
143 324
143 383
143 427
143 502
143 566
143 649
144 200
144 293
144 458
144 547
144 548
144 551
144 925
145 212
145 220
145 265
145 267
145 275
145 307
145 405
145 414
145 425
145 469
145 484
145 495
145 514
145 528
145 565
145 778
146 179
146 183
146 208
146 212
146 240
146 275
146 336
146 337
146 339
146 376
146 409
146 445
146 455
146 483
146 500
146 623
146 783
146 862
147 231
147 521
148 406
148 622
148 639
148 665
148 702
149 202
149 248
149 340
149 405
149 425
149 442
149 469
149 491
149 495
149 565
149 597
149 676
150 188
150 211
150 389
150 391
150 407
150 422
150 457
151 222
151 283
152 207
152 239
152 303
152 323
152 334
152 470
152 508
152 658
153 178
153 215
153 305
153 310
153 364
153 552
153 608
153 711
153 725
154 159
154 168
154 198
154 226
154 235
154 238
154 272
154 287
154 424
154 429
154 480
154 530
155 306
155 871
155 885
156 228
156 242
156 309
156 672
157 213
157 259
157 362
157 445
157 486
157 487
157 537
157 628
157 633
157 743
158 169
158 186
158 197
158 289
158 448
159 168
159 170
159 194
159 199
159 226
159 272
159 429
159 480
159 482
159 605
159 874
160 273
160 345
160 667
160 755
160 763
161 163
161 239
161 341
161 456
161 754
162 180
162 253
162 308
162 311
162 320
163 271
163 292
163 347
163 379
163 603
163 652
163 682
164 407
164 421
164 723
164 832
165 187
165 318
165 367
165 702
165 727
165 792
166 167
166 187
166 213
166 345
166 481
166 591
166 616
166 699
166 713
166 758
166 809
166 863
167 297
167 370
167 458
167 506
167 570
167 785
167 837
168 182
168 193
168 194
168 198
168 199
168 235
168 238
168 272
168 509
168 694
168 747
169 186
169 197
169 289
169 367
169 592
169 923
170 177
170 215
170 310
170 517
170 634
170 646
171 351
171 518
171 589
171 762
172 188
172 417
172 420
172 583
172 637
173 210
173 229
173 247
173 324
173 383
173 468
173 566
174 179
174 206
174 241
174 265
174 275
174 307
174 342
174 376
174 381
174 405
174 409
174 417
174 468
174 514
174 528
175 183
175 210
175 229
175 268
175 324
175 567
176 195
176 241
176 257
176 301
176 336
176 440
176 442
176 555
176 660
177 349
177 807
177 919
178 305
178 340
178 353
178 369
178 410
178 447
178 487
178 620
179 409
179 416
179 528
179 703
179 790
180 253
180 294
180 308
180 326
180 330
180 333
180 581
181 279
181 786
182 194
182 226
182 235
182 269
182 272
182 287
182 509
183 241
183 246
183 265
183 291
183 405
183 466
183 495
183 514
183 565
183 623
183 770
184 317
184 349
184 507
185 223
185 266
185 560
186 367
187 236
187 647
187 655
188 234
188 337
188 389
188 400
188 407
188 421
188 646
188 683
188 772
189 210
189 239
189 508
189 737
189 966
190 332
190 361
190 430
190 641
190 791
191 199
191 206
191 441
191 480
191 675
191 812
191 829
191 854
192 366
192 407
192 634
192 646
192 672
193 198
193 199
193 258
193 518
193 765
193 938
194 198
194 272
194 509
194 637
194 747
195 245
195 281
195 286
195 356
195 368
195 629
195 671
196 210
196 348
196 435
196 508
196 806
197 707
197 710
197 886
198 226
198 235
198 272
198 305
198 429
198 530
199 226
199 272
199 287
199 415
199 429
199 457
199 629
199 738
200 221
200 821
201 352
201 363
201 519
201 708
202 229
202 340
202 372
202 487
203 364
203 475
203 488
203 779
204 299
204 452
205 242
205 256
205 352
205 908
206 212
206 240
206 259
206 267
206 487
206 524
206 768
206 854
207 323
207 334
207 470
207 641
207 814
207 862
208 224
208 241
208 322
208 362
208 394
208 409
208 523
208 626
208 703
208 790
209 556
209 640
209 661
209 667
209 673
209 742
209 749
209 818
209 880
209 883
209 884
209 930
210 254
210 404
210 657
211 222
211 344
211 382
211 407
211 457
211 613
211 629
211 716
212 220
212 240
212 267
212 275
212 342
212 405
212 427
212 479
212 514
212 524
212 563
212 623
212 757
213 282
213 335
213 395
213 400
213 401
213 428
213 432
213 444
213 459
213 537
213 559
213 580
213 602
213 662
213 700
213 718
213 728
213 758
213 793
214 248
214 340
214 372
214 405
214 425
214 455
214 469
214 477
214 484
214 495
214 565
214 597
215 285
215 370
215 517
215 722
215 773
216 261
216 297
216 337
216 350
216 447
216 465
216 475
216 557
216 579
216 706
217 257
217 263
217 292
217 358
217 368
217 398
217 402
217 611
218 578
218 704
219 369
219 434
219 761
220 479
220 498
220 723
220 757
221 460
221 512
221 816
222 262
222 269
222 344
222 457
222 464
222 716
223 548
224 294
224 440
224 450
224 543
224 574
224 576
224 638
224 796
225 231
225 276
225 489
225 521
226 238
226 269
226 287
226 480
226 482
226 530
226 738
227 249
227 298
227 341
227 370
227 473
227 513
228 294
228 316
228 329
228 335
228 339
228 384
228 428
228 432
228 434
228 506
228 557
228 559
228 570
228 580
228 616
228 718
228 728
228 781
228 900
229 247
229 265
229 324
229 425
229 466
229 468
229 484
229 649
229 770
230 257
230 336
230 395
230 475
230 488
230 534
231 827
231 939
232 296
232 636
232 642
232 664
232 784
233 259
233 558
233 958
234 291
234 389
235 388
235 480
235 509
235 802
235 804
235 906
236 299
236 655
237 270
237 413
237 733
238 424
238 473
239 334
239 404
239 470
239 508
239 572
240 265
240 275
240 286
240 307
240 394
240 468
240 563
240 585
241 368
241 427
241 671
241 798
241 969
242 256
242 262
242 328
243 548
244 315
244 346
244 387
244 819
245 391
245 508
246 267
246 291
246 524
246 574
246 675
246 901
246 957
247 265
247 324
247 466
247 566
247 970
248 405
248 495
248 643
248 902
249 250
249 759
250 254
250 511
250 518
251 298
251 321
251 341
251 501
251 912
252 489
252 521
252 564
253 316
253 346
253 368
253 539
253 575
253 662
253 873
254 314
254 386
255 288
255 452
255 543
255 583
255 753
256 734
256 848
256 877
257 336
257 660
257 671
258 274
258 301
258 356
258 482
258 510
258 714
258 769
259 302
259 327
259 422
259 439
259 459
259 538
259 650
259 674
259 717
260 677
261 297
261 319
261 350
261 391
262 734
262 824
263 279
263 666
263 719
264 280
264 654
264 795
264 949
265 324
265 466
265 898
266 302
266 311
266 525
266 672
267 414
267 440
267 524
267 539
267 574
268 306
268 363
268 430
268 462
269 314
269 344
269 457
269 530
269 716
269 745
270 834
270 853
271 314
271 497
272 509
272 802
273 512
273 850
274 301
274 356
274 528
274 732
275 307
275 342
275 368
275 427
275 657
276 277
276 668
277 347
278 285
278 369
278 432
278 447
278 472
278 499
278 525
278 647
278 655
279 458
279 549
279 588
280 719
280 724
281 416
281 551
282 400
282 432
282 683
282 772
283 339
283 381
283 410
283 430
283 526
284 319
284 867
285 370
285 746
286 291
286 422
286 455
286 500
286 545
286 703
286 805
287 480
287 745
288 583
288 741
288 984
289 707
289 710
289 865
290 726
291 388
291 394
291 504
292 297
292 347
292 369
292 478
292 789
293 385
293 458
293 486
293 547
293 549
293 823
293 925
294 305
294 384
295 684
296 461
296 636
296 664
296 784
297 315
297 317
297 350
297 385
297 478
297 602
297 688
297 740
297 758
298 341
298 352
298 363
299 610
300 916
301 732
301 853
302 312
302 327
302 479
302 661
302 733
303 334
303 404
303 754
304 598
306 308
306 326
306 333
306 363
307 427
307 595
307 643
307 656
307 811
308 756
309 310
309 373
309 399
309 631
310 364
310 373
310 399
310 646
311 782
311 844
312 428
312 479
312 640
312 645
312 779
312 780
312 855
312 874
312 921
312 922
312 992
313 468
313 469
313 491
313 492
313 527
313 676
314 365
314 476
315 327
315 330
315 364
315 387
315 398
315 409
315 432
315 455
315 478
315 500
315 601
315 626
316 332
316 358
316 406
316 428
316 432
316 433
316 580
316 602
316 607
316 614
316 616
316 662
316 682
316 686
316 700
316 728
316 751
319 330
319 386
319 391
319 478
320 333
320 357
320 867
321 470
321 814
321 950
322 394
322 523
322 576
322 960
323 430
323 470
323 641
324 566
325 366
325 370
325 396
325 531
325 612
325 897
326 551
327 486
327 963
328 816
328 907
328 908
329 383
329 384
329 662
330 386
330 391
330 545
331 474
331 520
332 430
332 433
332 641
333 419
334 341
334 404
334 470
334 508
334 572
335 383
335 400
335 401
335 433
335 580
335 657
335 662
335 683
335 728
336 362
336 368
336 566
336 660
336 671
337 344
337 467
337 615
337 758
337 894
338 494
338 571
339 378
339 381
339 406
339 410
339 418
339 500
339 529
339 670
339 717
340 425
340 495
340 646
341 572
342 409
342 427
343 429
343 550
343 614
343 688
343 725
343 739
343 751
343 909
343 983
344 386
344 457
344 629
344 706
344 716
345 591
345 607
345 699
345 763
346 357
346 368
346 465
346 504
346 539
346 654
346 873
346 917
346 918
347 392
347 413
347 478
347 535
347 536
347 593
348 801
349 496
349 507
349 684
351 429
351 460
351 521
352 430
352 464
352 519
352 708
353 724
354 721
354 792
354 923
355 557
355 962
356 362
356 978
357 825
358 368
358 428
358 607
358 666
358 679
358 751
358 839
359 386
359 491
359 492
359 527
359 676
360 587
360 803
361 456
361 543
361 690
361 753
362 368
362 394
362 418
362 479
362 486
362 626
364 388
364 399
364 711
365 728
365 730
365 742
365 780
365 841
366 542
367 702
367 727
368 372
368 445
368 614
368 639
368 660
370 612
371 377
371 443
371 467
371 630
372 383
372 441
372 476
372 502
372 649
373 380
373 708
373 776
374 664
375 506
375 570
376 427
376 442
376 468
377 672
378 434
378 675
378 723
379 510
379 536
379 638
380 387
380 517
380 767
381 410
381 479
381 790
382 764
382 871
382 915
383 492
383 502
383 657
384 616
384 662
384 817
385 421
385 434
385 458
386 504
387 458
387 542
387 767
388 418
388 447
388 539
388 557
388 602
389 483
389 486
389 550
389 602
391 695
392 516
393 485
393 642
393 648
394 490
394 576
395 408
395 459
395 529
395 717
396 977
397 632
397 830
398 689
399 421
399 666
400 401
400 434
400 459
400 559
400 683
400 700
400 768
400 870
401 432
401 559
401 683
401 772
401 812
402 613
402 670
403 511
404 754
405 425
405 527
406 486
406 639
406 665
406 801
407 696
408 423
408 507
408 609
408 684
409 500
409 626
409 652
410 434
410 457
410 479
410 487
410 638
410 740
411 501
411 511
412 497
412 746
412 773
412 819
412 863
413 543
414 479
414 484
414 604
414 757
415 430
416 466
417 459
417 487
417 608
417 739
418 486
418 529
418 864
419 848
420 531
420 625
420 737
421 618
422 538
423 692
423 748
425 495
426 435
426 636
426 664
426 691
426 990
427 428
427 442
427 514
427 660
428 479
428 486
428 602
428 614
428 616
428 682
428 700
428 742
428 951
428 952
429 480
429 745
431 450
431 576
431 606
432 433
432 616
432 768
432 817
432 831
433 456
433 614
433 616
433 849
434 452
434 477
434 497
434 603
434 604
434 620
435 815
437 541
437 579
438 892
438 948
439 498
439 650
440 450
440 576
441 493
441 697
441 901
442 898
443 760
444 459
445 484
446 505
447 637
447 645
448 794
449 505
449 533
450 558
450 574
450 606
452 773
452 940
453 518
453 594
454 544
454 756
454 760
455 500
455 502
455 783
456 463
457 629
458 620
459 537
459 628
459 717
460 494
460 665
462 617
462 824
462 879
463 690
463 936
465 579
467 493
467 796
468 484
468 621
469 495
469 902
470 754
471 599
471 680
471 736
472 517
472 863
473 488
473 981
474 759
476 701
476 730
477 691
477 987
478 682
479 604
479 681
479 687
480 482
480 738
481 605
481 622
482 486
482 573
483 629
483 996
484 631
485 592
485 600
486 550
486 611
486 674
486 738
487 514
487 563
487 656
489 789
490 498
490 504
490 523
490 576
490 959
491 492
491 527
491 624
491 676
492 676
493 545
493 703
494 976
495 546
495 565
495 777
496 685
496 805
496 914
498 529
498 538
498 674
499 588
499 746
499 904
500 574
500 703
500 783
502 649
504 782
504 911
506 570
506 614
506 662
506 711
506 725
506 751
506 785
506 849
507 748
509 694
509 802
509 833
510 606
510 834
513 800
514 757
516 596
516 686
517 813
518 852
522 797
522 811
522 826
523 576
524 701
526 734
527 676
528 643
529 859
530 663
531 533
531 625
532 720
533 899
534 635
535 536
536 602
536 638
536 706
537 633
537 795
538 812
538 866
540 547
541 847
542 756
542 799
542 995
544 756
545 599
545 626
546 565
550 745
550 872
551 617
553 554
553 838
553 893
554 893
554 953
554 954
555 598
555 660
555 697
556 661
556 693
558 829
559 616
559 662
559 683
559 817
560 746
561 967
562 736
563 585
563 623
564 668
564 705
565 777
566 770
567 680
568 672
568 928
568 974
570 645
570 662
570 785
570 849
571 840
571 875
572 658
573 989
574 790
574 804
576 606
577 668
577 913
577 979
577 980
578 590
580 602
580 614
580 616
580 682
580 700
580 729
580 809
581 825
582 744
583 971
584 691
584 803
585 643
586 600
586 832
587 644
590 704
591 659
592 707
592 710
594 762
595 782
597 777
599 806
602 706
602 779
603 652
604 685
604 749
604 750
604 755
604 868
605 833
606 638
607 659
608 661
608 700
608 725
608 751
608 870
608 909
611 666
614 659
614 751
614 994
615 760
615 823
616 682
616 809
616 878
617 879
619 889
620 845
622 968
625 899
625 972
626 697
626 703
626 973
627 628
627 860
628 861
630 743
634 646
634 916
634 926
635 712
636 664
639 665
640 797
640 991
643 656
644 763
645 709
645 852
650 812
650 895
651 711
651 725
651 829
651 849
653 905
653 906
654 917
655 836
657 683
660 671
661 673
662 706
662 740
663 787
667 726
667 749
667 750
669 752
673 693
675 715
678 721
678 847
681 779
681 864
682 982
684 692
684 869
685 846
689 808
693 709
693 896
694 747
696 832
698 840
700 729
700 842
706 740
708 822
709 781
711 739
711 751
714 853
717 793
718 975
728 729
729 763
729 781
731 804
735 947
737 786
749 820
750 891
752 780
755 818
758 805
765 787
766 776
767 776
774 792
774 903
774 910
778 780
809 817
813 964
820 868
839 872
842 985
855 965
878 997
