0 1
0 2
0 4
0 6
0 8
0 9
0 14
0 16
0 18
0 21
0 22
0 25
0 30
0 31
0 43
0 46
0 59
0 64
0 65
0 67
0 73
0 77
0 80
0 86
0 88
0 94
0 100
0 109
0 110
0 120
0 123
0 126
0 148
0 149
0 153
0 160
0 176
0 177
0 192
0 199
0 202
0 206
0 213
0 219
0 234
0 235
0 239
0 243
0 253
0 289
0 291
0 320
0 343
0 364
0 369
0 398
0 399
0 407
0 446
0 447
0 465
0 485
0 495
0 534
0 538
0 556
0 735
0 736
0 914
0 978
1 2
1 6
1 19
1 28
1 29
1 32
1 35
1 40
1 45
1 82
1 86
1 93
1 96
1 100
1 102
1 105
1 107
1 120
1 122
1 127
1 133
1 134
1 160
1 164
1 171
1 177
1 178
1 188
1 189
1 202
1 206
1 219
1 248
1 251
1 253
1 278
1 295
1 313
1 325
1 326
1 344
1 355
1 360
1 375
1 399
1 444
1 571
1 673
1 711
1 772
2 3
2 11
2 12
2 15
2 17
2 20
2 22
2 24
2 33
2 45
2 63
2 67
2 73
2 75
2 76
2 82
2 86
2 96
2 105
2 119
2 122
2 160
2 161
2 182
2 191
2 208
2 209
2 219
2 238
2 246
2 247
2 248
2 283
2 284
2 285
2 295
2 320
2 321
2 324
2 325
2 383
2 409
2 410
2 461
2 499
2 500
2 547
2 548
2 907
3 6
3 9
3 13
3 17
3 20
3 26
3 40
3 45
3 51
3 60
3 61
3 67
3 77
3 80
3 82
3 87
3 89
3 99
3 122
3 135
3 155
3 162
3 168
3 176
3 178
3 182
3 183
3 194
3 212
3 213
3 234
3 251
3 255
3 290
3 330
3 380
3 381
3 416
3 417
3 425
3 506
3 552
3 616
3 688
3 750
3 751
3 818
3 819
3 912
3 921
4 6
4 10
4 16
4 20
4 27
4 31
4 41
4 43
4 48
4 51
4 59
4 64
4 65
4 71
4 78
4 83
4 84
4 88
4 90
4 100
4 109
4 110
4 111
4 114
4 123
4 137
4 144
4 153
4 167
4 199
4 214
4 215
4 234
4 235
4 237
4 256
4 257
4 258
4 291
4 333
4 334
4 335
4 515
4 516
4 554
4 556
4 557
4 618
4 619
4 828
5 9
5 11
5 12
5 13
5 15
5 17
5 20
5 22
5 26
5 40
5 44
5 55
5 67
5 68
5 81
5 82
5 88
5 101
5 106
5 111
5 126
5 174
5 195
5 198
5 199
5 212
5 230
5 248
5 249
5 254
5 292
5 323
5 330
5 374
5 382
5 383
5 411
5 412
5 418
5 559
5 560
5 610
5 626
5 627
5 682
5 683
5 751
5 992
6 13
6 16
6 25
6 31
6 47
6 65
6 71
6 77
6 83
6 86
6 87
6 88
6 94
6 98
6 109
6 111
6 123
6 137
6 141
6 148
6 152
6 163
6 192
6 214
6 218
6 241
6 258
6 290
6 299
6 308
6 309
6 311
6 336
6 369
6 375
6 415
6 515
6 618
6 727
6 792
6 809
6 877
7 8
7 16
7 22
7 38
7 39
7 65
7 68
7 70
7 88
7 89
7 91
7 92
7 101
7 112
7 113
7 131
7 135
7 136
7 141
7 148
7 178
7 194
7 195
7 198
7 221
7 231
7 232
7 254
7 255
7 287
7 301
7 341
7 346
7 365
7 386
7 405
7 437
7 441
7 449
7 574
7 654
7 806
7 871
7 872
7 873
8 14
8 24
8 28
8 30
8 34
8 40
8 49
8 57
8 74
8 80
8 84
8 87
8 90
8 138
8 146
8 147
8 154
8 162
8 168
8 171
8 196
8 216
8 217
8 224
8 238
8 250
8 259
8 275
8 400
8 401
8 426
8 466
8 469
8 491
8 510
8 539
8 541
8 597
8 607
8 674
8 898
9 20
9 26
9 40
9 51
9 64
9 67
9 73
9 82
9 88
9 123
9 136
9 155
9 166
9 177
9 178
9 183
9 199
9 218
9 219
9 232
9 233
9 239
9 252
9 253
9 295
9 329
9 330
9 341
9 382
9 383
9 418
9 507
9 560
9 617
9 626
9 689
9 913
9 994
9 995
10 18
10 27
10 36
10 39
10 41
10 51
10 60
10 83
10 90
10 113
10 114
10 121
10 152
10 163
10 164
10 167
10 196
10 199
10 236
10 288
10 289
10 290
10 297
10 340
10 378
10 379
10 422
10 469
10 505
10 511
10 516
10 557
10 561
10 614
10 615
10 690
10 749
10 911
10 920
10 993
11 33
11 45
11 46
11 47
11 56
11 67
11 73
11 93
11 107
11 113
11 122
11 139
11 159
11 164
11 178
11 186
11 188
11 209
11 263
11 274
11 309
11 379
11 406
11 429
11 430
11 443
11 499
11 501
11 509
11 533
11 587
11 652
11 688
11 818
11 961
12 26
12 32
12 33
12 40
12 49
12 57
12 67
12 73
12 74
12 79
12 82
12 95
12 97
12 99
12 106
12 126
12 138
12 139
12 154
12 174
12 180
12 193
12 230
12 238
12 246
12 249
12 324
12 329
12 345
12 383
12 402
12 435
12 462
12 513
12 578
12 709
12 734
13 15
13 17
13 19
13 53
13 56
13 117
13 140
13 146
13 147
13 156
13 179
13 182
13 193
13 202
13 213
13 217
13 219
13 221
13 278
13 283
13 318
13 338
13 367
13 419
13 452
13 504
13 529
13 548
13 584
13 587
13 663
13 672
13 692
13 788
13 807
13 887
13 907
14 18
14 20
14 25
14 31
14 40
14 49
14 58
14 64
14 65
14 73
14 76
14 77
14 83
14 86
14 87
14 98
14 108
14 110
14 148
14 149
14 192
14 211
14 235
14 239
14 279
14 288
14 300
14 317
14 322
14 343
14 413
14 415
14 495
14 503
14 608
14 745
14 812
14 813
15 24
15 29
15 31
15 32
15 35
15 38
15 39
15 53
15 61
15 63
15 67
15 70
15 75
15 79
15 105
15 107
15 116
15 118
15 127
15 133
15 139
15 157
15 182
15 234
15 238
15 282
15 284
15 285
15 295
15 318
15 319
15 522
15 559
15 712
16 18
16 22
16 43
16 59
16 77
16 86
16 88
16 94
16 102
16 109
16 110
16 111
16 123
16 137
16 153
16 160
16 170
16 192
16 214
16 243
16 253
16 257
16 258
16 288
16 289
16 290
16 291
16 317
16 342
16 369
16 503
16 619
16 726
16 819
16 971
17 32
17 44
17 102
17 106
17 131
17 140
17 141
17 156
17 161
17 175
17 179
17 194
17 213
17 222
17 228
17 232
17 248
17 262
17 281
17 298
17 301
17 307
17 309
17 324
17 361
17 365
17 366
17 371
17 411
17 439
17 440
17 452
17 627
17 789
17 811
18 25
18 41
18 43
18 46
18 59
18 64
18 65
18 77
18 78
18 80
18 86
18 87
18 88
18 94
18 110
18 111
18 123
18 148
18 152
18 189
18 211
18 231
18 237
18 310
18 446
18 447
18 465
18 490
18 608
18 665
18 792
18 793
19 20
19 25
19 26
19 42
19 54
19 56
19 57
19 58
19 60
19 67
19 69
19 79
19 82
19 87
19 102
19 121
19 160
19 172
19 173
19 175
19 182
19 193
19 210
19 232
19 233
19 262
19 278
19 295
19 332
19 370
19 457
19 458
19 462
19 499
19 680
19 810
20 26
20 31
20 40
20 45
20 51
20 67
20 68
20 73
20 82
20 84
20 90
20 114
20 126
20 128
20 143
20 144
20 156
20 167
20 182
20 183
20 184
20 198
20 199
20 239
20 240
20 346
20 425
20 517
20 559
20 560
20 922
21 28
21 34
21 42
21 49
21 80
21 96
21 98
21 109
21 139
21 154
21 191
21 213
21 216
21 242
21 257
21 275
21 293
21 323
21 347
21 348
21 433
21 443
21 445
21 454
21 484
21 536
21 547
21 574
21 584
21 593
21 629
21 697
21 752
21 807
21 862
21 946
22 40
22 42
22 52
22 55
22 57
22 63
22 86
22 131
22 142
22 147
22 150
22 151
22 173
22 174
22 179
22 212
22 213
22 248
22 321
22 327
22 338
22 362
22 363
22 381
22 386
22 446
22 508
22 528
22 732
22 766
22 853
22 887
23 24
23 26
23 32
23 33
23 36
23 50
23 66
23 81
23 97
23 99
23 128
23 135
23 166
23 175
23 187
23 197
23 203
23 204
23 265
23 323
23 374
23 412
23 453
23 458
23 460
23 492
23 505
23 601
23 602
23 609
23 679
23 804
23 805
23 806
23 900
23 901
23 922
24 29
24 32
24 35
24 53
24 61
24 62
24 63
24 70
24 116
24 124
24 134
24 138
24 145
24 171
24 203
24 224
24 260
24 319
24 353
24 359
24 360
24 389
24 394
24 410
24 429
24 464
24 466
24 638
24 658
24 763
24 767
24 768
25 31
25 37
25 38
25 41
25 60
25 64
25 65
25 70
25 76
25 77
25 111
25 125
25 141
25 148
25 149
25 152
25 214
25 218
25 219
25 231
25 239
25 288
25 291
25 299
25 331
25 343
25 413
25 463
25 532
25 608
25 665
26 36
26 37
26 50
26 58
26 66
26 67
26 73
26 81
26 102
26 128
26 135
26 166
26 175
26 190
26 197
26 220
26 246
26 265
26 280
26 301
26 318
26 330
26 372
26 407
26 412
26 425
26 460
26 559
26 814
27 51
27 60
27 80
27 90
27 163
27 164
27 167
27 168
27 196
27 218
27 236
27 261
27 294
27 336
27 420
27 421
27 422
27 467
27 468
27 511
27 516
27 555
27 620
27 621
27 622
27 623
27 690
27 691
27 822
27 823
27 828
27 917
27 918
27 996
28 54
28 85
28 91
28 104
28 120
28 132
28 195
28 205
28 211
28 222
28 228
28 245
28 266
28 268
28 269
28 313
28 357
28 366
28 380
28 390
28 393
28 430
28 456
28 475
28 476
28 496
28 546
28 616
28 680
28 880
28 906
29 35
29 46
29 53
29 62
29 63
29 103
29 116
29 122
29 130
29 134
29 136
29 145
29 176
29 203
29 207
29 208
29 224
29 267
29 270
29 273
29 302
29 303
29 304
29 354
29 359
29 407
29 499
29 559
29 602
29 668
29 824
29 851
30 34
30 40
30 49
30 56
30 75
30 96
30 103
30 105
30 116
30 138
30 154
30 168
30 196
30 216
30 272
30 292
30 337
30 344
30 466
30 468
30 489
30 510
30 531
30 584
30 593
30 597
30 599
30 627
30 669
30 674
30 685
30 785
30 786
31 65
31 71
31 73
31 86
31 88
31 98
31 110
31 111
31 123
31 126
31 152
31 160
31 189
31 209
31 214
31 235
31 239
31 253
31 262
31 288
31 369
31 375
31 494
31 495
31 515
31 684
31 743
31 809
32 35
32 53
32 61
32 72
32 74
32 79
32 81
32 107
32 138
32 139
32 150
32 154
32 161
32 162
32 180
32 184
32 238
32 296
32 328
32 338
32 364
32 377
32 402
32 502
32 583
32 661
32 734
33 46
33 62
33 63
33 67
33 92
33 116
33 118
33 122
33 129
33 133
33 134
33 189
33 209
33 246
33 260
33 282
33 286
33 325
33 388
33 394
33 395
33 407
33 452
33 528
33 643
33 658
33 707
33 712
34 63
34 74
34 75
34 76
34 81
34 96
34 162
34 173
34 182
34 191
34 224
34 225
34 247
34 249
34 267
34 351
34 352
34 353
34 375
34 389
34 406
34 433
34 461
34 501
34 523
34 582
34 645
34 769
34 832
35 37
35 53
35 57
35 61
35 62
35 63
35 75
35 92
35 103
35 129
35 134
35 145
35 155
35 157
35 203
35 207
35 224
35 251
35 267
35 270
35 273
35 284
35 302
35 303
35 304
35 318
35 354
35 500
36 50
36 64
36 66
36 73
36 75
36 81
36 128
36 135
36 148
36 159
36 164
36 166
36 175
36 178
36 188
36 196
36 197
36 218
36 264
36 265
36 335
36 403
36 412
36 460
36 615
36 742
36 808
36 988
36 989
36 990
37 42
37 54
37 55
37 104
37 115
37 123
37 133
37 149
37 176
37 259
37 263
37 267
37 301
37 324
37 382
37 385
37 386
37 411
37 412
37 487
37 519
37 551
37 600
37 653
37 678
37 681
37 761
37 773
37 776
38 42
38 44
38 52
38 55
38 60
38 68
38 69
38 70
38 87
38 101
38 104
38 123
38 131
38 136
38 140
38 149
38 156
38 173
38 195
38 206
38 210
38 221
38 229
38 255
38 362
38 370
38 385
38 678
38 753
39 41
39 60
39 68
39 80
39 93
39 163
39 164
39 217
39 236
39 294
39 298
39 344
39 378
39 400
39 420
39 421
39 467
39 468
39 516
39 539
39 557
39 589
39 620
39 621
39 622
39 623
39 690
39 691
40 42
40 45
40 49
40 57
40 73
40 99
40 107
40 120
40 126
40 127
40 147
40 171
40 196
40 216
40 244
40 292
40 376
40 466
40 607
40 627
40 744
40 991
41 51
41 83
41 84
41 113
41 114
41 164
41 167
41 196
41 199
41 217
41 237
41 263
41 297
41 298
41 340
41 384
41 385
41 422
41 469
41 470
41 556
41 557
41 625
41 827
41 828
41 920
42 55
42 102
42 117
42 165
42 216
42 242
42 244
42 292
42 297
42 386
42 514
42 535
42 573
42 585
42 590
42 591
42 593
42 669
42 670
42 694
42 759
42 789
42 820
42 848
42 956
43 48
43 59
43 71
43 77
43 78
43 86
43 88
43 94
43 100
43 119
43 125
43 152
43 153
43 158
43 170
43 214
43 256
43 257
43 289
43 291
43 326
43 334
43 384
43 446
43 470
43 481
43 576
44 52
44 69
44 90
44 91
44 95
44 97
44 99
44 147
44 172
44 174
44 198
44 199
44 200
44 321
44 361
44 362
44 363
44 373
44 397
44 444
44 445
44 453
44 484
44 794
44 795
44 892
44 893
45 67
45 82
45 90
45 95
45 127
45 142
45 156
45 177
45 206
45 210
45 213
45 246
45 253
45 262
45 281
45 292
45 373
45 406
45 496
45 497
45 502
45 546
45 609
45 746
46 56
46 62
46 74
46 76
46 94
46 147
46 188
46 239
46 278
46 299
46 305
46 325
46 334
46 345
46 364
46 384
46 464
46 547
46 548
46 647
46 700
46 705
46 953
47 57
47 60
47 68
47 87
47 89
47 93
47 101
47 112
47 131
47 179
47 180
47 193
47 231
47 236
47 243
47 244
47 405
47 439
47 440
47 449
47 479
47 511
47 525
47 573
47 664
47 670
47 870
47 895
48 50
48 59
48 71
48 78
48 100
48 119
48 125
48 129
48 137
48 152
48 153
48 158
48 223
48 237
48 256
48 257
48 308
48 334
48 342
48 369
48 398
48 441
48 576
48 586
48 595
48 726
48 875
49 63
49 72
49 74
49 79
49 81
49 107
49 120
49 162
49 168
49 180
49 217
49 249
49 296
49 375
49 377
49 400
49 406
49 419
49 468
49 510
49 578
49 579
49 582
49 675
50 66
50 90
50 124
50 128
50 166
50 171
50 187
50 197
50 210
50 220
50 265
50 312
50 372
50 405
50 454
50 455
50 460
50 502
50 542
50 543
50 545
50 677
50 807
50 985
51 68
51 83
51 84
51 90
51 114
51 127
51 128
51 143
51 144
51 155
51 156
51 168
51 183
51 184
51 198
51 199
51 240
51 346
51 426
51 471
51 517
51 561
51 833
52 58
52 69
52 70
52 87
52 91
52 102
52 112
52 130
52 147
52 200
52 250
52 275
52 293
52 306
52 371
52 431
52 445
52 458
52 479
52 482
52 520
52 577
52 642
52 855
52 893
53 61
53 62
53 70
53 75
53 81
53 103
53 105
53 116
53 132
53 136
53 139
53 141
53 157
53 229
53 284
53 285
53 356
53 389
53 428
53 522
53 563
54 102
54 104
54 112
54 140
54 185
54 195
54 205
54 226
54 266
54 269
54 313
54 366
54 368
54 494
54 546
54 633
54 634
54 676
54 711
54 757
54 761
54 846
54 847
55 101
55 142
55 169
55 230
55 278
55 434
55 448
55 451
55 497
55 547
55 548
55 553
55 558
55 592
55 640
55 672
55 737
55 746
55 750
55 787
55 854
55 958
55 959
56 58
56 73
56 82
56 93
56 121
56 130
56 159
56 178
56 188
56 189
56 297
56 382
56 385
56 442
56 559
56 578
56 587
56 588
56 652
56 666
56 705
56 778
56 960
57 58
57 79
57 93
57 95
57 97
57 99
57 106
57 159
57 174
57 207
57 265
57 275
57 292
57 329
57 362
57 439
57 471
57 502
57 603
57 722
57 774
57 963
58 60
58 69
58 70
58 82
58 87
58 89
58 95
58 101
58 102
58 127
58 131
58 154
58 171
58 180
58 193
58 198
58 205
58 209
58 315
58 332
58 457
58 722
58 919
59 64
59 71
59 78
59 98
59 115
59 119
59 125
59 158
59 163
59 170
59 201
59 214
59 225
59 241
59 256
59 279
59 308
59 336
59 342
59 447
59 450
59 481
59 485
60 93
60 112
60 113
60 121
60 163
60 167
60 218
60 331
60 346
60 385
60 422
60 467
60 539
60 552
60 553
60 614
60 822
60 880
60 911
60 972
61 79
61 92
61 103
61 105
61 118
61 129
61 134
61 136
61 138
61 139
61 157
61 173
61 184
61 238
61 251
61 273
61 449
61 483
61 498
61 628
61 659
61 660
61 885
62 63
62 92
62 103
62 105
62 129
62 141
62 145
62 157
62 173
62 203
62 224
62 267
62 270
62 273
62 282
62 302
62 303
62 304
62 317
62 319
62 354
62 498
63 103
63 116
63 134
63 145
63 173
63 203
63 224
63 267
63 270
63 273
63 302
63 303
63 304
63 318
63 354
63 392
63 449
63 765
64 65
64 78
64 88
64 94
64 98
64 108
64 110
64 123
64 141
64 148
64 192
64 218
64 234
64 256
64 290
64 308
64 320
64 335
64 338
64 419
65 77
65 83
65 109
65 112
65 160
65 192
65 219
65 235
65 239
65 288
65 289
65 300
65 317
65 326
65 343
65 398
65 413
65 689
65 743
66 81
66 85
66 128
66 135
66 166
66 181
66 197
66 205
66 206
66 226
66 227
66 228
66 265
66 315
66 331
66 366
66 367
66 368
66 404
66 412
66 456
66 460
66 606
66 906
67 82
67 150
67 155
67 161
67 174
67 183
67 194
67 213
67 218
67 330
67 382
67 383
67 425
67 501
67 506
68 84
68 89
68 112
68 113
68 114
68 136
68 143
68 156
68 183
68 194
68 195
68 198
68 254
68 255
68 259
68 331
68 386
68 553
68 820
68 914
68 915
69 70
69 95
69 99
69 102
69 151
69 174
69 200
69 254
69 361
69 362
69 374
69 397
69 445
69 457
69 458
69 518
69 588
69 603
69 702
69 760
69 774
69 795
70 72
70 76
70 102
70 118
70 123
70 136
70 154
70 198
70 291
70 318
70 331
70 412
70 449
70 628
70 721
70 781
70 868
70 970
71 78
71 98
71 110
71 119
71 125
71 137
71 153
71 158
71 214
71 256
71 257
71 258
71 279
71 334
71 369
71 480
71 503
71 526
71 576
71 802
72 74
72 79
72 138
72 139
72 154
72 162
72 180
72 184
72 238
72 249
72 296
72 338
72 345
72 377
72 513
72 579
72 580
72 581
72 598
72 660
72 675
72 881
72 882
73 99
73 192
73 210
73 234
73 239
73 288
73 295
73 322
73 326
73 375
73 462
73 560
73 684
73 685
73 748
74 79
74 138
74 154
74 162
74 180
74 208
74 234
74 238
74 243
74 296
74 338
74 377
74 402
74 406
74 510
74 529
74 598
74 718
74 741
75 76
75 96
75 105
75 148
75 157
75 176
75 229
75 231
75 247
75 251
75 350
75 389
75 428
75 522
75 764
76 96
76 105
76 108
76 148
76 155
76 191
76 247
76 283
76 284
76 285
76 352
76 353
76 389
76 433
76 461
76 523
77 80
77 86
77 88
77 94
77 98
77 109
77 123
77 148
77 170
77 189
77 191
77 237
77 308
77 334
77 490
77 495
78 109
78 119
78 125
78 137
78 152
78 153
78 158
78 170
78 215
78 223
78 241
78 256
78 257
78 271
78 277
78 322
78 333
78 447
78 619
79 136
79 138
79 139
79 154
79 180
79 184
79 210
79 238
79 249
79 296
79 338
79 402
79 513
79 581
79 814
79 820
79 826
80 87
80 111
80 119
80 125
80 144
80 163
80 192
80 201
80 237
80 320
80 419
80 468
80 596
80 740
80 897
80 982
81 128
81 154
81 155
81 162
81 166
81 180
81 197
81 234
81 243
81 249
81 264
81 265
81 301
81 402
81 404
81 412
81 423
82 102
82 106
82 122
82 161
82 177
82 198
82 208
82 229
82 292
82 324
82 332
82 383
82 405
82 463
83 98
83 100
83 108
83 109
83 111
83 149
83 167
83 199
83 257
83 413
83 414
83 415
83 463
83 503
83 611
83 612
83 621
83 910
84 90
84 101
84 114
84 124
84 144
84 165
84 168
84 199
84 240
84 300
84 341
84 342
84 346
84 514
84 558
84 692
84 693
84 694
84 830
84 921
85 181
85 197
85 205
85 222
85 226
85 266
85 315
85 365
85 366
85 367
85 368
85 387
85 403
85 474
85 476
85 493
85 605
85 699
85 847
85 849
85 952
86 94
86 98
86 108
86 111
86 129
86 153
86 163
86 201
86 214
86 258
86 271
86 618
86 655
86 727
87 112
87 126
87 221
87 232
87 252
87 341
87 419
87 425
87 488
87 524
87 530
87 624
87 664
88 94
88 108
88 111
88 123
88 148
88 158
88 192
88 208
88 320
88 373
88 447
88 666
88 793
89 114
89 126
89 143
89 175
89 183
89 211
89 212
89 232
89 240
89 250
89 286
89 323
89 327
89 331
89 376
89 381
89 502
89 549
89 550
89 908
90 114
90 144
90 179
90 183
90 199
90 240
90 260
90 295
90 337
90 346
90 426
90 624
90 824
90 825
91 106
91 132
91 146
91 147
91 186
91 200
91 211
91 250
91 275
91 293
91 306
91 310
91 329
91 364
91 458
91 577
91 609
91 641
91 794
91 841
92 116
92 118
92 136
92 145
92 157
92 173
92 260
92 286
92 319
92 359
92 360
92 388
92 395
92 521
92 551
92 628
92 643
92 658
93 109
93 113
93 130
93 160
93 200
93 213
93 217
93 236
93 277
93 298
93 416
93 422
93 440
93 511
93 665
93 721
93 950
94 108
94 126
94 137
94 170
94 237
94 262
94 289
94 290
94 308
94 334
94 335
94 399
94 686
95 99
95 106
95 107
95 132
95 146
95 179
95 204
95 211
95 254
95 362
95 381
95 417
95 440
95 453
95 722
95 774
95 795
95 805
96 105
96 107
96 120
96 133
96 191
96 207
96 247
96 282
96 283
96 284
96 285
96 352
96 358
96 389
96 433
96 769
96 783
97 104
97 106
97 120
97 127
97 151
97 193
97 202
97 205
97 211
97 401
97 527
97 647
97 709
97 710
97 770
97 771
97 829
97 912
98 119
98 125
98 152
98 163
98 201
98 214
98 219
98 223
98 241
98 258
98 336
98 384
98 450
98 595
99 106
99 146
99 174
99 193
99 210
99 361
99 373
99 374
99 397
99 409
99 462
99 484
99 578
99 624
100 122
100 176
100 177
100 189
100 202
100 218
100 270
100 399
100 441
100 447
100 485
100 534
100 538
100 556
100 671
100 735
100 736
101 102
101 112
101 117
101 140
101 146
101 175
101 278
101 331
101 386
101 449
101 487
101 672
101 692
101 737
101 750
101 800
101 895
102 104
102 131
102 144
102 151
102 179
102 198
102 332
102 418
102 452
102 681
102 739
103 118
103 129
103 134
103 145
103 203
103 207
103 224
103 247
103 270
103 273
103 302
103 303
103 304
103 319
103 354
103 765
104 141
104 175
104 222
104 228
104 268
104 299
104 315
104 357
104 380
104 390
104 401
104 456
104 476
104 496
104 698
104 703
104 771
105 112
105 118
105 157
105 173
105 191
105 247
105 283
105 284
105 285
105 353
105 358
105 389
105 461
106 126
106 175
106 209
106 213
106 230
106 248
106 265
106 374
106 376
106 431
106 641
106 710
106 751
106 780
107 120
107 127
107 133
107 160
107 176
107 203
107 206
107 263
107 328
107 385
107 459
107 504
107 596
107 816
107 891
108 146
108 148
108 149
108 236
108 289
108 317
108 320
108 326
108 343
108 413
108 415
108 421
108 555
108 812
109 148
109 153
109 160
109 215
109 219
109 241
109 311
109 322
109 450
109 619
109 667
109 825
110 176
110 214
110 261
110 262
110 310
110 369
110 375
110 465
110 480
110 495
110 615
110 743
110 748
110 783
110 876
111 141
111 148
111 192
111 288
111 290
111 320
111 364
111 384
111 413
111 415
111 440
111 877
112 113
112 144
112 163
112 287
112 298
112 381
112 552
112 553
112 613
112 678
112 681
112 801
112 917
113 128
113 136
113 143
113 159
113 167
113 217
113 327
113 405
113 416
113 557
113 623
113 691
113 808
113 902
113 903
114 128
114 144
114 156
114 167
114 183
114 198
114 199
114 240
114 516
114 517
114 832
114 997
114 998
114 999
115 120
115 137
115 145
115 206
115 225
115 229
115 233
115 255
115 267
115 276
115 282
115 291
115 335
115 356
115 392
115 398
115 408
115 478
115 532
115 585
116 118
116 139
116 173
116 319
116 388
116 395
116 429
116 438
116 521
116 643
116 658
116 708
116 763
116 835
117 146
117 200
117 242
117 386
117 417
117 431
117 580
117 584
117 590
117 591
117 693
117 698
117 700
117 750
117 789
117 800
117 830
117 858
117 944
118 129
118 136
118 139
118 176
118 207
118 238
118 251
118 260
118 283
118 360
118 388
118 395
118 410
118 438
119 125
119 137
119 152
119 158
119 201
119 257
119 279
119 336
119 384
119 396
119 637
119 655
119 782
119 813
120 127
120 133
120 180
120 206
120 233
120 253
120 263
120 326
120 339
120 459
120 609
120 613
120 722
121 141
121 155
121 178
121 188
121 263
121 297
121 376
121 385
121 401
121 651
121 716
121 749
121 778
121 861
121 865
122 161
122 164
122 208
122 209
122 248
122 299
122 305
122 332
122 435
122 477
122 500
122 528
122 555
122 571
123 192
123 235
123 243
123 288
123 290
123 317
123 398
123 441
123 588
124 135
124 181
124 190
124 197
124 204
124 220
124 227
124 242
124 280
124 365
124 451
124 460
124 492
124 505
124 592
124 593
124 672
124 738
124 799
125 137
125 144
125 170
125 223
125 256
125 277
125 289
125 384
125 490
125 500
125 503
125 538
125 595
126 193
126 245
126 316
126 323
126 324
126 329
126 371
126 380
126 748
126 811
127 160
127 177
127 193
127 219
127 230
127 235
127 253
127 295
127 324
127 325
127 326
127 327
127 383
128 156
128 166
128 181
128 197
128 220
128 240
128 264
128 265
128 301
128 423
128 424
128 831
129 157
129 176
129 203
129 215
129 223
129 273
129 289
129 317
129 408
129 537
129 595
129 782
130 133
130 158
130 175
130 215
130 263
130 276
130 287
130 348
130 382
130 441
130 459
130 519
130 585
130 624
130 680
130 703
130 790
131 140
131 179
131 212
131 232
131 307
131 309
131 310
131 327
131 330
131 361
131 411
131 531
131 550
132 141
132 146
132 147
132 171
132 186
132 205
132 211
132 259
132 272
132 420
132 437
132 542
132 599
132 601
132 617
132 721
132 948
133 134
133 142
133 160
133 176
133 206
133 222
133 263
133 459
133 583
133 596
133 632
133 671
134 173
134 182
134 203
134 207
134 213
134 270
134 282
134 318
134 389
134 498
134 851
135 166
135 181
135 190
135 197
135 220
135 227
135 262
135 264
135 265
135 280
135 405
135 425
135 460
135 492
136 138
136 255
136 287
136 294
136 327
136 628
136 654
136 723
136 873
137 170
137 192
137 223
137 256
137 277
137 311
137 322
137 342
137 503
137 537
137 594
138 139
138 154
138 161
138 184
138 204
138 471
138 515
138 734
138 826
138 881
139 150
139 154
139 184
139 208
139 229
139 338
139 364
139 513
139 660
140 156
140 179
140 228
140 310
140 327
140 378
140 488
140 530
140 531
140 536
140 553
140 585
140 664
140 790
140 901
141 171
141 232
141 259
141 276
141 299
141 402
141 426
141 541
141 599
141 984
142 147
142 156
142 173
142 202
142 206
142 212
142 245
142 262
142 418
142 426
142 496
142 514
142 542
142 600
142 803
142 899
143 144
143 156
143 183
143 195
143 231
143 240
143 254
143 255
143 259
143 287
143 381
143 386
143 465
143 694
143 816
143 915
144 167
144 183
144 238
144 240
144 346
144 386
144 426
144 517
144 627
144 628
145 157
145 203
145 224
145 251
145 270
145 302
145 303
145 304
145 318
145 354
145 500
145 824
146 211
146 254
146 275
146 323
146 329
146 371
146 417
146 445
146 520
146 541
146 840
147 189
147 200
147 248
147 250
147 293
147 306
147 479
147 482
147 642
147 702
148 153
148 290
148 398
148 495
149 235
149 322
149 413
149 414
149 415
149 441
149 463
149 507
149 532
149 608
149 612
149 812
150 208
150 221
150 261
150 272
150 278
150 339
150 464
150 471
150 526
150 548
150 549
150 569
150 662
150 663
150 859
150 964
151 167
151 172
151 174
151 231
151 346
151 373
151 444
151 457
151 527
151 599
151 601
151 614
151 650
151 653
151 719
151 806
152 153
152 201
152 215
152 241
152 257
152 258
152 271
152 333
152 615
152 727
153 214
153 215
153 241
153 271
153 311
153 333
153 447
153 586
153 782
154 180
154 184
154 208
154 238
154 296
154 423
154 602
155 156
155 183
155 195
155 213
155 377
155 506
155 551
155 613
155 817
155 827
155 831
155 833
156 183
156 198
156 240
156 261
156 262
156 339
156 753
157 187
157 248
157 282
157 284
157 388
157 428
157 449
157 764
158 214
158 225
158 257
158 279
158 335
158 384
158 398
158 686
158 726
158 875
158 876
159 188
159 274
159 379
159 509
159 533
159 575
159 617
159 651
159 716
159 749
159 818
159 843
160 206
160 235
160 253
160 295
160 383
160 398
160 857
161 171
161 172
161 312
161 317
161 332
161 420
161 471
161 504
161 543
162 180
162 243
162 296
162 345
162 377
162 529
162 598
162 661
162 718
162 741
163 196
163 201
163 258
163 298
163 336
163 344
163 420
163 527
163 618
164 236
164 294
164 416
164 420
164 421
164 443
164 511
164 620
164 625
164 691
165 168
165 216
165 242
165 292
165 450
165 470
165 489
165 514
165 535
165 590
165 591
165 669
165 670
165 744
165 796
165 896
165 980
166 197
166 252
166 265
166 280
166 301
166 460
166 493
166 604
166 605
166 905
167 168
167 239
167 346
167 516
167 557
167 561
167 686
167 909
168 196
168 216
168 236
168 259
168 292
168 293
168 419
168 466
168 510
168 516
169 230
169 252
169 261
169 341
169 451
169 491
169 497
169 558
169 638
169 640
169 649
169 676
169 695
169 696
169 942
169 943
170 223
170 237
170 256
170 277
170 308
170 311
170 342
170 446
170 537
170 594
171 210
171 211
171 221
171 272
171 312
171 466
171 486
171 845
172 242
172 251
172 254
172 321
172 329
172 381
172 418
172 436
172 439
172 487
172 519
172 803
172 955
173 182
173 251
173 267
173 319
173 815
174 306
174 373
174 374
174 439
174 528
174 603
174 641
174 772
174 803
175 212
175 355
175 421
175 440
175 487
175 719
175 781
175 885
176 203
176 206
176 273
176 300
176 382
176 506
176 791
177 206
177 231
177 232
177 239
177 288
177 300
177 339
177 342
177 369
177 666
178 188
178 274
178 297
178 305
178 385
178 552
178 554
178 652
178 720
178 865
179 210
179 211
179 281
179 310
179 371
179 376
179 411
179 452
179 683
180 184
180 248
180 249
180 406
180 582
180 882
181 197
181 220
181 225
181 227
181 228
181 280
181 313
181 315
181 368
181 404
181 492
181 679
181 904
182 207
182 282
182 284
182 285
182 319
182 407
182 408
182 498
182 747
183 213
183 240
183 332
183 833
183 916
184 238
184 260
184 296
184 338
184 512
184 513
184 826
184 919
185 226
185 269
185 313
185 366
185 393
185 404
185 494
185 634
185 676
185 846
186 189
186 219
186 291
186 317
186 323
186 339
186 424
186 486
186 508
186 534
186 573
186 688
186 724
186 823
187 189
187 190
187 204
187 220
187 275
187 280
187 314
187 316
187 365
187 424
187 505
187 545
187 804
187 900
188 211
188 274
188 421
188 442
188 554
188 716
188 844
189 220
189 305
189 339
189 424
189 454
189 508
189 725
190 204
190 301
190 314
190 351
190 390
190 404
190 423
190 455
190 544
190 780
190 850
191 247
191 283
191 284
191 285
191 353
191 358
191 461
191 490
191 645
192 320
192 467
192 684
192 783
192 813
193 210
193 332
193 444
193 462
193 527
193 572
193 646
194 229
194 233
194 255
194 287
194 331
194 405
194 425
194 681
194 745
194 753
194 868
194 878
195 222
195 245
195 264
195 313
195 357
195 366
195 680
195 814
195 869
196 217
196 276
196 298
196 309
196 400
196 422
196 469
196 976
197 220
197 227
197 424
197 492
197 545
198 240
198 332
198 425
198 508
198 752
199 218
199 219
199 240
199 626
200 250
200 275
200 293
200 306
200 417
200 445
200 458
200 482
200 577
201 241
201 279
201 336
201 378
201 396
201 468
201 575
201 822
201 823
202 222
202 263
202 291
202 377
202 399
202 494
202 547
202 583
202 596
202 744
203 273
203 302
203 303
203 356
204 275
204 316
204 353
204 365
204 423
204 455
204 544
204 602
204 644
205 222
205 226
205 245
205 266
205 281
205 355
205 680
205 717
205 757
206 253
206 515
206 673
207 273
207 318
207 325
207 389
207 408
207 435
207 440
207 498
208 219
208 299
208 310
208 332
208 410
208 619
208 636
209 233
209 323
209 377
209 416
209 431
209 453
209 572
209 639
210 312
210 330
210 372
210 502
210 706
210 899
211 310
211 420
211 601
212 246
212 437
212 487
212 781
212 797
212 871
213 277
213 463
213 874
214 375
214 450
214 809
215 237
215 241
215 271
215 322
215 333
215 358
215 364
215 615
216 244
216 292
216 419
216 489
216 535
216 590
216 692
216 728
216 729
217 262
217 400
217 422
217 468
217 469
217 511
217 625
217 889
218 290
218 291
218 507
218 533
218 977
219 560
219 667
219 825
220 227
220 280
220 412
220 424
220 492
220 678
220 679
221 259
221 327
221 454
221 507
221 549
221 563
221 571
221 685
221 714
222 228
222 268
222 315
222 387
222 427
222 437
222 565
223 256
223 276
223 277
223 289
223 398
223 595
224 270
224 302
224 303
224 304
224 354
224 595
225 233
225 351
225 352
225 356
225 392
225 478
225 523
225 567
225 570
226 266
226 269
226 313
226 368
226 401
226 546
226 633
226 634
226 711
226 756
227 264
227 280
227 314
227 404
227 424
227 492
227 505
227 799
227 831
228 307
228 309
228 361
228 366
228 391
228 456
228 564
228 565
229 233
229 255
229 392
229 405
229 478
229 551
229 733
229 804
230 232
230 278
230 331
230 448
230 592
230 648
230 649
230 725
230 858
231 254
231 273
231 317
231 327
231 465
231 678
231 793
232 310
232 324
232 331
232 376
232 725
233 276
233 335
233 356
233 383
233 392
233 478
233 682
234 243
234 249
234 289
234 290
234 406
234 414
235 246
235 253
235 452
235 550
235 689
235 743
236 294
236 298
236 309
236 340
236 467
236 539
236 555
237 308
237 334
237 364
237 446
237 485
237 586
238 260
238 513
239 415
239 463
239 684
240 517
240 832
241 258
241 271
241 311
241 333
241 415
242 244
242 259
242 324
242 514
242 524
242 580
242 591
242 737
243 249
243 290
243 325
243 335
243 402
244 292
244 514
244 573
244 669
244 670
244 728
244 759
244 896
244 954
245 315
245 357
245 368
245 437
245 475
245 496
245 606
245 616
245 703
246 330
246 332
246 376
246 436
246 491
246 530
246 707
247 283
247 284
247 352
247 353
247 358
247 461
248 416
248 417
248 453
248 463
249 296
249 377
249 406
249 582
250 275
250 306
250 431
250 445
250 458
250 568
250 642
250 855
251 407
251 410
251 435
251 779
251 862
252 306
252 341
252 436
252 484
252 488
252 491
252 493
252 864
252 886
253 495
253 689
253 866
254 329
254 362
254 457
254 601
254 724
255 392
255 425
255 551
255 753
255 798
256 579
257 576
257 665
257 727
258 336
258 344
258 420
258 618
259 407
259 486
259 879
259 894
259 897
260 319
260 359
260 360
260 394
260 395
260 438
260 658
261 343
261 401
261 662
261 676
261 817
261 886
261 889
261 975
262 315
262 343
262 401
262 553
263 379
263 507
263 588
263 791
264 277
264 280
264 403
264 544
264 615
264 742
264 986
264 987
265 301
265 460
265 603
266 281
266 368
266 430
266 474
266 475
266 562
266 606
267 285
267 441
267 551
267 588
267 932
268 315
268 387
268 427
268 437
268 456
268 474
268 606
268 613
268 616
268 631
269 313
269 380
269 393
269 427
269 494
269 546
269 616
269 632
270 302
270 303
270 304
270 354
271 308
271 311
271 322
271 333
271 481
271 485
271 538
272 312
272 454
272 525
272 526
272 542
272 599
272 630
272 685
272 939
273 317
273 435
274 379
274 385
274 416
274 442
274 533
274 552
274 554
275 293
275 306
275 310
276 328
276 333
276 356
276 477
276 478
276 518
277 305
277 311
277 342
277 537
277 594
278 464
278 497
278 548
278 558
278 649
279 322
279 378
279 396
279 470
279 544
279 575
279 715
280 373
280 492
280 493
280 605
281 312
281 321
281 376
281 418
281 656
281 752
281 799
282 408
282 498
282 567
282 747
283 284
283 285
283 461
283 512
283 769
284 285
285 325
285 501
286 359
286 360
286 388
286 438
286 521
286 643
286 644
286 708
286 767
286 768
287 504
287 507
287 714
287 733
287 775
287 776
287 913
288 291
288 407
288 481
289 326
291 333
292 419
292 535
293 306
293 361
293 458
293 482
293 577
293 730
294 340
294 378
294 467
294 511
294 539
294 555
294 622
294 690
295 300
295 330
295 580
295 733
296 402
296 441
296 581
296 583
297 442
297 509
297 533
297 561
297 821
297 890
297 891
298 336
298 344
298 420
298 421
298 666
299 339
299 486
299 506
299 517
300 342
300 671
300 673
300 797
301 314
301 423
301 676
301 679
302 303
302 304
302 354
303 304
303 354
304 354
304 358
305 316
305 435
305 443
305 702
305 933
305 934
306 431
306 445
306 482
307 309
307 361
307 391
307 427
307 474
307 564
307 565
307 656
308 446
308 490
308 586
309 361
309 608
309 766
310 486
310 669
311 333
311 342
311 415
311 594
312 502
312 525
312 542
312 600
312 630
312 898
313 393
313 494
313 546
313 632
314 365
314 404
314 423
314 455
314 505
314 656
314 662
314 679
315 387
315 634
315 703
316 362
316 371
316 381
316 417
316 453
316 568
316 577
316 849
317 465
318 389
318 570
318 635
319 360
319 394
319 768
320 343
320 596
320 673
320 686
321 337
321 397
321 436
321 657
321 683
321 866
322 333
322 413
322 503
323 381
323 453
323 520
323 864
324 363
324 486
324 739
325 459
325 560
325 784
325 856
326 343
326 351
326 797
327 650
327 683
327 773
328 351
328 432
328 471
328 477
328 504
328 570
328 687
328 712
329 374
329 609
329 719
329 968
330 382
330 383
330 626
331 376
331 725
332 393
333 485
334 446
334 538
334 576
334 686
335 414
335 509
335 878
336 344
336 378
336 396
337 363
337 364
337 409
337 528
337 656
337 657
337 731
337 732
337 974
338 345
338 375
338 661
339 424
339 486
339 508
339 671
340 344
340 421
340 467
340 539
340 621
340 622
340 623
340 690
341 374
341 405
341 488
341 536
341 798
341 981
342 537
342 594
343 426
344 420
344 426
344 468
344 983
345 426
345 540
345 598
345 675
345 741
345 802
346 416
346 517
346 815
347 348
347 349
347 432
347 472
347 473
347 480
347 566
347 569
347 629
347 700
348 349
348 432
348 472
348 473
348 480
348 566
348 569
348 629
349 372
349 432
349 472
349 477
349 480
349 566
349 569
349 629
349 647
350 428
350 461
350 500
350 659
350 721
350 729
350 779
351 356
351 408
351 567
351 570
351 635
351 661
352 433
352 501
352 523
352 645
352 648
352 728
353 358
353 410
353 765
355 357
355 380
355 387
355 390
355 404
355 565
355 717
356 392
356 410
356 478
356 682
357 380
357 390
357 401
357 496
357 756
357 935
358 433
358 461
358 645
359 360
359 394
359 395
359 438
359 521
359 839
360 388
360 438
360 767
361 541
361 837
362 584
362 624
362 801
363 397
363 409
363 585
363 657
363 695
363 731
363 852
364 481
364 729
365 403
365 605
365 699
366 951
367 404
367 430
367 442
367 456
367 475
367 574
367 631
367 651
368 475
368 634
368 756
369 375
369 586
369 684
370 436
370 530
370 531
370 639
370 701
370 758
371 411
371 452
371 550
371 810
371 811
372 432
372 451
372 477
372 525
372 566
372 647
372 706
373 436
373 484
373 653
373 710
374 462
374 520
374 740
375 512
376 599
376 683
377 407
377 588
378 396
378 622
378 715
378 861
379 443
379 533
379 587
379 652
379 720
379 777
380 390
380 391
380 476
380 717
381 417
381 780
382 383
382 507
382 664
384 396
384 495
384 666
385 441
385 587
386 694
386 800
387 391
387 427
387 474
387 564
387 565
388 394
388 395
388 438
390 476
390 524
390 562
390 606
391 427
391 437
391 474
391 564
391 613
391 616
392 478
392 682
393 494
393 546
393 632
393 633
393 754
394 395
394 438
394 490
394 521
395 438
395 481
396 575
396 637
396 778
396 836
397 499
397 572
397 657
397 723
398 586
399 447
399 534
399 556
399 735
399 736
400 422
400 469
400 589
400 600
400 625
401 437
401 565
402 580
402 582
403 487
403 544
403 605
403 699
403 742
404 423
405 745
406 501
406 718
407 733
408 483
408 570
408 735
408 747
409 572
409 578
409 610
409 657
409 732
409 852
410 429
410 435
410 628
411 715
411 751
411 957
412 585
413 463
413 503
414 515
414 532
414 552
414 611
414 612
414 667
415 556
416 443
416 620
417 434
417 497
418 572
418 656
418 662
418 967
419 491
419 740
421 449
421 973
422 469
422 589
423 455
423 545
424 508
425 681
426 515
427 474
427 562
427 564
428 522
428 929
429 500
429 644
429 763
429 835
430 456
430 475
430 496
430 574
430 631
431 445
431 479
431 730
432 433
432 477
432 566
432 859
433 501
433 523
434 448
434 497
434 528
434 610
434 672
434 737
434 738
435 449
435 834
436 530
436 531
436 639
437 869
439 520
439 702
439 723
440 475
440 754
442 509
442 554
442 651
442 843
443 554
443 784
444 637
444 646
446 576
447 534
448 473
448 558
448 592
448 638
448 648
448 854
450 470
450 611
450 667
451 473
451 525
451 558
451 838
452 486
452 860
453 568
453 949
454 455
454 677
454 685
455 545
455 563
455 663
456 631
456 815
457 518
457 527
457 653
458 603
459 507
459 560
459 655
459 856
462 520
462 578
462 641
464 471
464 526
464 536
464 550
464 663
465 506
465 608
465 965
466 597
466 785
466 801
467 621
467 808
468 510
469 589
469 623
470 544
470 888
471 504
471 687
472 480
472 566
472 569
472 629
473 480
473 569
473 700
473 838
474 564
475 496
476 524
476 562
477 540
477 706
479 482
479 577
479 642
479 755
481 485
481 790
482 766
483 567
483 635
483 659
483 747
483 853
484 491
484 682
487 694
487 810
488 531
488 536
488 626
489 514
489 535
489 590
489 692
489 744
490 839
491 639
491 707
493 519
493 530
493 604
493 842
494 632
497 528
497 610
498 602
498 729
499 704
499 712
499 762
500 644
501 523
504 687
504 775
505 545
505 602
506 819
506 863
508 621
508 969
509 561
509 575
509 890
510 597
510 674
511 555
512 675
512 741
512 787
512 883
512 884
513 660
513 661
514 593
515 673
516 623
517 829
518 601
518 607
518 636
518 926
519 536
519 842
519 927
520 641
521 643
521 708
523 645
524 562
524 649
524 717
525 542
525 630
526 663
526 713
527 646
527 709
529 583
529 718
529 883
529 884
531 604
532 547
532 612
532 726
533 777
534 556
534 736
535 590
535 759
536 550
537 579
537 705
538 579
538 619
539 622
541 840
541 841
542 916
543 677
544 612
547 640
548 746
549 748
549 908
549 962
550 689
551 860
553 653
554 784
555 918
557 614
558 830
559 614
561 617
561 821
563 571
563 704
563 762
567 635
567 659
568 584
568 642
568 903
571 704
571 762
572 654
573 670
573 787
574 631
574 817
575 821
579 705
580 675
581 591
581 660
581 668
583 598
589 620
589 625
591 593
592 638
592 648
594 844
596 791
597 627
597 674
598 734
600 630
600 755
603 730
604 786
605 699
606 613
607 636
607 724
610 738
610 829
611 612
614 650
617 792
618 655
620 625
624 664
626 894
630 924
633 649
633 925
635 659
636 724
636 892
637 646
638 648
639 697
640 695
640 696
644 708
647 706
650 902
650 909
651 749
652 720
654 662
654 731
655 936
667 745
668 693
668 796
668 848
671 941
674 715
677 713
687 713
691 742
693 796
693 979
695 696
696 923
697 701
697 758
698 771
698 867
701 758
701 798
704 788
711 761
714 755
714 775
716 836
719 740
720 777
723 872
728 785
730 937
731 732
738 746
739 845
739 945
752 867
754 757
760 770
772 837
773 930
776 931
779 834
794 940
802 947
816 966
827 888
850 928
863 874
879 938
