0 1
0 2
0 4
0 6
0 8
0 9
0 14
0 16
0 18
0 21
0 22
0 25
0 30
0 31
0 43
0 46
0 59
0 64
0 65
0 67
0 73
0 77
0 80
0 86
0 88
0 94
0 100
0 109
0 110
0 120
0 123
0 126
0 148
0 149
0 153
0 160
0 176
0 177
0 192
0 199
0 202
0 206
0 213
0 219
0 234
0 235
0 239
0 243
0 253
0 289
0 291
0 320
0 343
0 365
0 371
0 400
0 401
0 409
0 451
0 452
0 470
0 492
0 502
0 540
0 544
0 562
0 743
0 744
0 803
0 919
1 2
1 6
1 19
1 28
1 29
1 32
1 35
1 40
1 45
1 82
1 86
1 93
1 96
1 100
1 102
1 105
1 107
1 120
1 122
1 127
1 133
1 134
1 160
1 164
1 171
1 177
1 178
1 188
1 189
1 202
1 206
1 219
1 248
1 251
1 253
1 278
1 295
1 313
1 325
1 326
1 344
1 356
1 361
1 367
1 377
1 401
1 449
1 577
1 682
1 720
1 777
2 3
2 11
2 12
2 15
2 17
2 20
2 22
2 24
2 33
2 45
2 63
2 67
2 73
2 75
2 76
2 82
2 86
2 96
2 105
2 119
2 122
2 160
2 161
2 182
2 191
2 208
2 209
2 219
2 238
2 246
2 247
2 248
2 283
2 284
2 285
2 295
2 320
2 321
2 324
2 325
2 385
2 411
2 412
2 466
2 506
2 507
2 553
2 554
2 912
3 6
3 9
3 13
3 17
3 20
3 26
3 40
3 45
3 51
3 60
3 61
3 67
3 77
3 80
3 82
3 87
3 89
3 99
3 122
3 135
3 155
3 162
3 168
3 176
3 178
3 182
3 183
3 194
3 212
3 213
3 234
3 251
3 255
3 290
3 330
3 382
3 383
3 418
3 419
3 427
3 513
3 558
3 621
3 697
3 757
3 758
3 825
3 826
4 6
4 10
4 16
4 20
4 27
4 31
4 41
4 43
4 48
4 51
4 59
4 64
4 65
4 71
4 78
4 83
4 84
4 88
4 90
4 100
4 109
4 110
4 111
4 114
4 123
4 137
4 144
4 153
4 167
4 199
4 214
4 215
4 234
4 235
4 237
4 256
4 257
4 258
4 291
4 333
4 334
4 335
4 522
4 523
4 560
4 562
4 563
4 623
4 624
4 832
5 9
5 11
5 12
5 13
5 15
5 17
5 20
5 22
5 26
5 40
5 44
5 55
5 67
5 68
5 81
5 82
5 88
5 101
5 106
5 111
5 126
5 174
5 195
5 198
5 199
5 212
5 230
5 248
5 249
5 254
5 292
5 323
5 330
5 376
5 384
5 385
5 413
5 414
5 420
5 565
5 566
5 631
5 632
5 691
5 692
5 758
5 918
5 997
6 13
6 16
6 25
6 31
6 47
6 65
6 71
6 77
6 83
6 86
6 87
6 88
6 94
6 98
6 109
6 111
6 123
6 137
6 141
6 148
6 152
6 163
6 192
6 214
6 218
6 241
6 258
6 290
6 299
6 308
6 309
6 311
6 336
6 371
6 377
6 417
6 522
6 623
6 736
6 799
6 815
6 980
7 8
7 16
7 22
7 38
7 39
7 65
7 68
7 70
7 88
7 89
7 91
7 92
7 101
7 112
7 113
7 131
7 135
7 136
7 141
7 148
7 178
7 194
7 195
7 198
7 221
7 231
7 232
7 254
7 255
7 287
7 301
7 341
7 346
7 366
7 388
7 407
7 442
7 446
7 454
7 580
7 662
7 814
7 883
7 884
8 14
8 24
8 28
8 30
8 34
8 40
8 49
8 57
8 74
8 80
8 84
8 87
8 90
8 138
8 146
8 147
8 154
8 162
8 168
8 171
8 196
8 216
8 217
8 224
8 238
8 250
8 259
8 275
8 402
8 403
8 428
8 471
8 474
8 498
8 517
8 545
8 547
8 603
8 613
8 683
8 904
9 20
9 26
9 40
9 51
9 64
9 67
9 73
9 82
9 88
9 123
9 136
9 155
9 166
9 177
9 178
9 183
9 199
9 218
9 219
9 232
9 233
9 239
9 252
9 253
9 295
9 329
9 330
9 341
9 384
9 385
9 420
9 514
9 566
9 622
9 631
9 698
9 917
9 918
10 18
10 27
10 36
10 39
10 41
10 51
10 60
10 83
10 90
10 113
10 114
10 121
10 152
10 163
10 164
10 167
10 196
10 199
10 236
10 288
10 289
10 290
10 297
10 340
10 380
10 381
10 424
10 474
10 512
10 518
10 523
10 563
10 567
10 619
10 620
10 699
10 756
10 824
10 916
10 923
10 998
11 33
11 45
11 46
11 47
11 56
11 67
11 73
11 93
11 107
11 113
11 122
11 139
11 159
11 164
11 178
11 186
11 188
11 209
11 263
11 274
11 309
11 381
11 408
11 432
11 433
11 448
11 506
11 508
11 516
11 539
11 593
11 660
11 697
11 742
11 825
11 957
11 958
12 26
12 32
12 33
12 40
12 49
12 57
12 67
12 73
12 74
12 79
12 82
12 95
12 97
12 99
12 106
12 126
12 138
12 139
12 154
12 174
12 180
12 193
12 230
12 238
12 246
12 249
12 324
12 329
12 345
12 385
12 404
12 440
12 467
12 520
12 584
12 741
12 959
13 15
13 17
13 19
13 53
13 56
13 117
13 140
13 146
13 147
13 156
13 179
13 182
13 193
13 202
13 213
13 217
13 219
13 221
13 278
13 283
13 318
13 338
13 369
13 421
13 457
13 511
13 535
13 554
13 590
13 593
13 671
13 681
13 701
13 795
13 893
13 912
14 18
14 20
14 25
14 31
14 40
14 49
14 58
14 64
14 65
14 73
14 76
14 77
14 83
14 86
14 87
14 98
14 108
14 110
14 148
14 149
14 192
14 211
14 235
14 239
14 279
14 288
14 300
14 317
14 322
14 343
14 415
14 417
14 502
14 510
14 614
14 752
14 820
14 821
15 24
15 29
15 31
15 32
15 35
15 38
15 39
15 53
15 61
15 63
15 67
15 70
15 75
15 79
15 105
15 107
15 116
15 118
15 127
15 133
15 139
15 157
15 182
15 234
15 238
15 282
15 284
15 285
15 295
15 318
15 319
15 353
15 529
15 565
15 721
15 724
16 18
16 22
16 43
16 59
16 77
16 86
16 88
16 94
16 102
16 109
16 110
16 111
16 123
16 137
16 153
16 160
16 170
16 192
16 214
16 243
16 253
16 257
16 258
16 288
16 289
16 290
16 291
16 317
16 342
16 371
16 510
16 624
16 735
16 826
16 977
17 32
17 44
17 102
17 106
17 131
17 140
17 141
17 156
17 161
17 175
17 179
17 194
17 213
17 222
17 228
17 232
17 248
17 262
17 281
17 298
17 301
17 307
17 309
17 324
17 362
17 366
17 368
17 373
17 413
17 444
17 445
17 457
17 632
17 796
17 819
18 25
18 41
18 43
18 46
18 59
18 64
18 65
18 77
18 78
18 80
18 86
18 87
18 88
18 94
18 110
18 111
18 123
18 148
18 152
18 189
18 211
18 231
18 237
18 310
18 451
18 452
18 470
18 497
18 614
18 674
18 799
18 800
18 895
18 983
19 20
19 25
19 26
19 42
19 54
19 56
19 57
19 58
19 60
19 67
19 69
19 79
19 82
19 87
19 102
19 121
19 160
19 172
19 173
19 175
19 182
19 193
19 210
19 232
19 233
19 262
19 278
19 295
19 332
19 372
19 462
19 463
19 467
19 506
19 689
19 817
20 26
20 31
20 40
20 45
20 51
20 67
20 68
20 73
20 82
20 84
20 90
20 114
20 126
20 128
20 143
20 144
20 156
20 167
20 182
20 183
20 184
20 198
20 199
20 239
20 240
20 346
20 427
20 524
20 565
20 566
20 924
21 28
21 34
21 42
21 49
21 80
21 96
21 98
21 109
21 139
21 154
21 191
21 213
21 216
21 242
21 257
21 275
21 293
21 323
21 347
21 348
21 438
21 448
21 450
21 459
21 491
21 542
21 553
21 580
21 590
21 599
21 634
21 706
21 759
21 876
21 942
22 40
22 42
22 52
22 55
22 57
22 63
22 86
22 131
22 142
22 147
22 150
22 151
22 173
22 174
22 179
22 212
22 213
22 248
22 321
22 327
22 338
22 363
22 364
22 383
22 388
22 451
22 515
22 534
22 739
22 772
22 866
22 893
23 24
23 26
23 32
23 33
23 36
23 50
23 66
23 81
23 97
23 99
23 128
23 135
23 166
23 175
23 187
23 197
23 203
23 204
23 265
23 323
23 376
23 414
23 458
23 463
23 465
23 499
23 512
23 607
23 608
23 615
23 688
23 812
23 813
23 814
23 906
23 907
23 924
24 29
24 32
24 35
24 53
24 61
24 62
24 63
24 70
24 116
24 124
24 134
24 138
24 145
24 171
24 203
24 224
24 260
24 319
24 354
24 360
24 361
24 391
24 396
24 412
24 432
24 469
24 471
24 645
24 666
24 769
24 773
24 774
25 31
25 37
25 38
25 41
25 60
25 64
25 65
25 70
25 76
25 77
25 111
25 125
25 141
25 148
25 149
25 152
25 214
25 218
25 219
25 231
25 239
25 288
25 291
25 299
25 331
25 343
25 415
25 468
25 538
25 614
25 674
26 36
26 37
26 50
26 58
26 66
26 67
26 73
26 81
26 102
26 128
26 135
26 166
26 175
26 190
26 197
26 220
26 246
26 265
26 280
26 301
26 318
26 330
26 374
26 409
26 414
26 427
26 465
26 565
26 822
27 51
27 60
27 80
27 90
27 163
27 164
27 167
27 168
27 196
27 218
27 236
27 261
27 294
27 336
27 422
27 423
27 424
27 472
27 473
27 518
27 523
27 561
27 625
27 626
27 627
27 628
27 699
27 700
27 829
27 832
27 921
28 54
28 85
28 91
28 104
28 120
28 132
28 195
28 205
28 211
28 222
28 228
28 245
28 266
28 268
28 269
28 313
28 358
28 368
28 382
28 392
28 395
28 433
28 461
28 480
28 482
28 503
28 552
28 621
28 689
28 889
29 35
29 46
29 53
29 62
29 63
29 103
29 116
29 122
29 130
29 134
29 136
29 145
29 176
29 203
29 207
29 208
29 224
29 267
29 270
29 273
29 302
29 303
29 304
29 355
29 360
29 409
29 506
29 565
29 608
29 677
29 830
29 864
30 34
30 40
30 49
30 56
30 75
30 96
30 103
30 105
30 116
30 138
30 154
30 168
30 196
30 216
30 272
30 292
30 337
30 344
30 471
30 473
30 496
30 517
30 537
30 590
30 599
30 603
30 605
30 632
30 678
30 683
30 694
30 793
31 65
31 71
31 73
31 86
31 88
31 98
31 110
31 111
31 123
31 126
31 152
31 160
31 189
31 209
31 214
31 235
31 239
31 253
31 262
31 288
31 371
31 377
31 501
31 502
31 522
31 693
31 750
31 815
32 35
32 53
32 61
32 72
32 74
32 79
32 81
32 107
32 138
32 139
32 150
32 154
32 161
32 162
32 180
32 184
32 238
32 296
32 328
32 338
32 365
32 379
32 404
32 509
32 589
32 669
32 741
33 46
33 62
33 63
33 67
33 92
33 116
33 118
33 122
33 129
33 133
33 134
33 189
33 209
33 246
33 260
33 282
33 286
33 325
33 390
33 396
33 397
33 409
33 457
33 534
33 651
33 666
33 717
33 721
33 869
34 63
34 74
34 75
34 76
34 81
34 96
34 162
34 173
34 182
34 191
34 224
34 225
34 247
34 249
34 267
34 351
34 352
34 354
34 377
34 391
34 408
34 438
34 466
34 508
34 530
34 588
34 653
34 775
34 776
34 836
35 37
35 53
35 57
35 61
35 62
35 63
35 75
35 92
35 103
35 129
35 134
35 145
35 155
35 157
35 203
35 207
35 224
35 251
35 267
35 270
35 273
35 284
35 302
35 303
35 304
35 318
35 355
35 507
36 50
36 64
36 66
36 73
36 75
36 81
36 128
36 135
36 148
36 159
36 164
36 166
36 175
36 178
36 188
36 196
36 197
36 218
36 264
36 265
36 335
36 405
36 414
36 465
36 620
36 749
36 994
36 995
37 42
37 54
37 55
37 104
37 115
37 123
37 133
37 149
37 176
37 259
37 263
37 267
37 301
37 324
37 384
37 387
37 388
37 413
37 414
37 494
37 526
37 557
37 606
37 661
37 687
37 690
37 767
37 778
38 42
38 44
38 52
38 55
38 60
38 68
38 69
38 70
38 87
38 101
38 104
38 123
38 131
38 136
38 140
38 149
38 156
38 173
38 195
38 206
38 210
38 221
38 229
38 255
38 363
38 372
38 387
38 687
38 761
39 41
39 60
39 68
39 80
39 93
39 163
39 164
39 217
39 236
39 294
39 298
39 344
39 380
39 402
39 422
39 423
39 472
39 473
39 523
39 545
39 563
39 595
39 625
39 626
39 627
39 628
39 699
39 700
40 42
40 45
40 49
40 57
40 73
40 99
40 107
40 120
40 126
40 127
40 147
40 171
40 196
40 216
40 244
40 292
40 378
40 471
40 613
40 632
40 751
40 996
41 51
41 83
41 84
41 113
41 114
41 164
41 167
41 196
41 199
41 217
41 237
41 263
41 297
41 298
41 340
41 386
41 387
41 424
41 474
41 475
41 562
41 563
41 630
41 832
41 923
42 55
42 102
42 117
42 165
42 216
42 242
42 244
42 292
42 297
42 388
42 521
42 541
42 579
42 591
42 596
42 597
42 599
42 678
42 679
42 703
42 765
42 796
42 827
42 860
43 48
43 59
43 71
43 77
43 78
43 86
43 88
43 94
43 100
43 119
43 125
43 152
43 153
43 158
43 170
43 214
43 256
43 257
43 289
43 291
43 326
43 334
43 386
43 451
43 475
43 488
43 582
44 52
44 69
44 90
44 91
44 95
44 97
44 99
44 147
44 172
44 174
44 198
44 199
44 200
44 321
44 362
44 363
44 364
44 375
44 399
44 449
44 450
44 458
44 491
44 801
44 802
44 897
44 898
44 899
45 67
45 82
45 90
45 95
45 127
45 142
45 156
45 177
45 206
45 210
45 213
45 246
45 253
45 262
45 281
45 292
45 375
45 408
45 503
45 504
45 509
45 552
45 615
45 753
46 56
46 62
46 74
46 76
46 94
46 147
46 188
46 239
46 278
46 299
46 305
46 325
46 334
46 345
46 365
46 367
46 386
46 435
46 469
46 553
46 554
46 655
46 710
46 715
46 948
47 57
47 60
47 68
47 87
47 89
47 93
47 101
47 112
47 131
47 179
47 180
47 193
47 231
47 236
47 243
47 244
47 407
47 444
47 445
47 454
47 486
47 518
47 532
47 579
47 672
47 679
47 901
48 50
48 59
48 71
48 78
48 100
48 119
48 125
48 129
48 137
48 152
48 153
48 158
48 223
48 237
48 256
48 257
48 308
48 334
48 342
48 371
48 400
48 446
48 582
48 592
48 601
48 735
48 885
49 63
49 72
49 74
49 79
49 81
49 107
49 120
49 162
49 168
49 180
49 217
49 249
49 296
49 377
49 379
49 402
49 408
49 421
49 473
49 517
49 584
49 585
49 588
49 684
50 66
50 90
50 124
50 128
50 166
50 171
50 187
50 197
50 210
50 220
50 265
50 312
50 374
50 407
50 459
50 460
50 465
50 509
50 548
50 549
50 551
50 686
50 748
50 909
50 990
51 68
51 83
51 84
51 90
51 114
51 127
51 128
51 143
51 144
51 155
51 156
51 168
51 183
51 184
51 198
51 199
51 240
51 346
51 428
51 476
51 524
51 567
51 837
52 58
52 69
52 70
52 87
52 91
52 102
52 112
52 130
52 147
52 200
52 250
52 275
52 293
52 306
52 373
52 434
52 450
52 463
52 486
52 489
52 527
52 583
52 650
52 762
52 870
52 898
53 61
53 62
53 70
53 75
53 81
53 103
53 105
53 116
53 132
53 136
53 139
53 141
53 157
53 229
53 284
53 285
53 353
53 357
53 391
53 431
53 529
53 569
53 724
54 102
54 104
54 112
54 140
54 185
54 195
54 205
54 226
54 266
54 269
54 313
54 368
54 370
54 501
54 552
54 640
54 641
54 685
54 720
54 767
54 857
54 858
55 101
55 142
55 169
55 230
55 278
55 439
55 453
55 456
55 504
55 553
55 554
55 559
55 564
55 598
55 648
55 681
55 745
55 753
55 757
55 794
55 867
55 868
55 954
56 58
56 73
56 82
56 93
56 121
56 130
56 159
56 178
56 188
56 189
56 297
56 384
56 387
56 447
56 565
56 584
56 593
56 594
56 660
56 675
56 715
56 783
56 955
56 956
57 58
57 79
57 93
57 95
57 97
57 99
57 106
57 159
57 174
57 207
57 265
57 275
57 292
57 329
57 363
57 444
57 476
57 509
57 609
57 731
57 780
57 963
58 60
58 69
58 70
58 82
58 87
58 89
58 95
58 101
58 102
58 127
58 131
58 154
58 171
58 180
58 193
58 198
58 205
58 209
58 315
58 332
58 462
58 731
58 922
59 64
59 71
59 78
59 98
59 115
59 119
59 125
59 158
59 163
59 170
59 201
59 214
59 225
59 241
59 256
59 279
59 308
59 336
59 342
59 452
59 455
59 488
59 492
60 93
60 112
60 113
60 121
60 163
60 167
60 218
60 331
60 346
60 387
60 424
60 472
60 545
60 558
60 559
60 619
60 889
60 916
61 79
61 92
61 103
61 105
61 118
61 129
61 134
61 136
61 138
61 139
61 157
61 173
61 184
61 238
61 251
61 273
61 454
61 490
61 505
61 633
61 667
61 668
62 63
62 92
62 103
62 105
62 129
62 141
62 145
62 157
62 173
62 203
62 224
62 267
62 270
62 273
62 282
62 302
62 303
62 304
62 317
62 319
62 355
62 505
63 103
63 116
63 134
63 145
63 173
63 203
63 224
63 267
63 270
63 273
63 302
63 303
63 304
63 318
63 355
63 394
63 454
63 771
64 65
64 78
64 88
64 94
64 98
64 108
64 110
64 123
64 141
64 148
64 192
64 218
64 234
64 256
64 290
64 308
64 320
64 335
64 338
64 421
65 77
65 83
65 109
65 112
65 160
65 192
65 219
65 235
65 239
65 288
65 289
65 300
65 317
65 326
65 343
65 400
65 415
65 698
65 750
66 81
66 85
66 128
66 135
66 166
66 181
66 197
66 205
66 206
66 226
66 227
66 228
66 265
66 315
66 331
66 368
66 369
66 370
66 406
66 414
66 461
66 465
66 612
67 82
67 150
67 155
67 161
67 174
67 183
67 194
67 213
67 218
67 330
67 384
67 385
67 427
67 508
67 513
68 84
68 89
68 112
68 113
68 114
68 136
68 143
68 156
68 183
68 194
68 195
68 198
68 254
68 255
68 259
68 331
68 388
68 559
68 827
68 919
68 920
69 70
69 95
69 99
69 102
69 151
69 174
69 200
69 254
69 362
69 363
69 376
69 399
69 450
69 462
69 463
69 525
69 594
69 609
69 712
69 766
69 780
69 802
70 72
70 76
70 102
70 118
70 123
70 136
70 154
70 198
70 291
70 318
70 331
70 414
70 454
70 633
70 730
70 787
70 882
70 974
71 78
71 98
71 110
71 119
71 125
71 137
71 153
71 158
71 214
71 256
71 257
71 258
71 279
71 334
71 371
71 487
71 510
71 533
71 582
71 790
72 74
72 79
72 138
72 139
72 154
72 162
72 180
72 184
72 238
72 249
72 296
72 338
72 345
72 379
72 520
72 585
72 586
72 587
72 604
72 668
72 684
73 99
73 192
73 210
73 234
73 239
73 288
73 295
73 322
73 326
73 377
73 467
73 566
73 693
73 694
73 755
74 79
74 138
74 154
74 162
74 180
74 208
74 234
74 238
74 243
74 296
74 338
74 379
74 404
74 408
74 517
74 535
74 604
75 76
75 96
75 105
75 148
75 157
75 176
75 229
75 231
75 247
75 251
75 350
75 353
75 391
75 430
75 431
75 437
75 529
75 724
75 770
76 96
76 105
76 108
76 148
76 155
76 191
76 247
76 283
76 284
76 285
76 352
76 353
76 354
76 391
76 437
76 438
76 466
76 530
76 724
77 80
77 86
77 88
77 94
77 98
77 109
77 123
77 148
77 170
77 189
77 191
77 237
77 308
77 334
77 497
77 502
77 967
78 109
78 119
78 125
78 137
78 152
78 153
78 158
78 170
78 215
78 223
78 241
78 256
78 257
78 271
78 277
78 322
78 333
78 452
78 624
79 136
79 138
79 139
79 154
79 180
79 184
79 210
79 238
79 249
79 296
79 338
79 404
79 520
79 587
79 822
79 827
80 87
80 111
80 119
80 125
80 144
80 163
80 192
80 201
80 237
80 320
80 421
80 473
80 602
80 747
80 903
80 989
81 128
81 154
81 155
81 162
81 166
81 180
81 197
81 234
81 243
81 249
81 264
81 265
81 301
81 404
81 406
81 414
81 425
82 102
82 106
82 122
82 161
82 177
82 198
82 208
82 229
82 292
82 324
82 332
82 385
82 407
82 468
83 98
83 100
83 108
83 109
83 111
83 149
83 167
83 199
83 257
83 415
83 416
83 417
83 468
83 510
83 616
83 617
83 626
83 915
84 90
84 101
84 114
84 124
84 144
84 165
84 168
84 199
84 240
84 300
84 341
84 342
84 346
84 521
84 564
84 701
84 702
84 703
84 834
85 181
85 197
85 205
85 222
85 226
85 266
85 315
85 366
85 368
85 369
85 370
85 389
85 405
85 479
85 482
85 500
85 611
85 709
85 748
85 858
85 861
85 947
86 94
86 98
86 108
86 111
86 129
86 153
86 163
86 201
86 214
86 258
86 271
86 623
86 663
86 736
87 112
87 126
87 221
87 232
87 252
87 341
87 421
87 427
87 495
87 531
87 536
87 629
87 672
87 786
88 94
88 108
88 111
88 123
88 148
88 158
88 192
88 208
88 320
88 375
88 452
88 675
88 800
89 114
89 126
89 143
89 175
89 183
89 211
89 212
89 232
89 240
89 250
89 286
89 323
89 327
89 331
89 378
89 383
89 509
89 555
89 556
89 913
90 114
90 144
90 179
90 183
90 199
90 240
90 260
90 295
90 337
90 346
90 428
90 629
90 760
90 830
90 831
91 106
91 132
91 146
91 147
91 186
91 200
91 211
91 250
91 275
91 293
91 306
91 310
91 329
91 365
91 463
91 583
91 615
91 649
91 801
91 850
92 116
92 118
92 136
92 145
92 157
92 173
92 260
92 286
92 319
92 360
92 361
92 390
92 397
92 528
92 557
92 633
92 651
92 666
92 869
93 109
93 113
93 130
93 160
93 200
93 213
93 217
93 236
93 277
93 298
93 418
93 424
93 445
93 518
93 674
93 730
94 108
94 126
94 137
94 170
94 237
94 262
94 289
94 290
94 308
94 334
94 335
94 401
94 695
94 779
95 99
95 106
95 107
95 132
95 146
95 179
95 204
95 211
95 254
95 363
95 383
95 419
95 445
95 458
95 731
95 780
95 802
95 813
96 105
96 107
96 120
96 133
96 191
96 207
96 247
96 282
96 283
96 284
96 285
96 352
96 359
96 391
96 438
96 775
96 789
97 104
97 106
97 120
97 127
97 151
97 193
97 202
97 205
97 211
97 403
97 655
97 719
97 809
97 833
98 119
98 125
98 152
98 163
98 201
98 214
98 219
98 223
98 241
98 258
98 336
98 386
98 455
98 601
99 106
99 146
99 174
99 193
99 210
99 362
99 375
99 376
99 399
99 411
99 467
99 484
99 491
99 584
99 629
100 122
100 176
100 177
100 189
100 202
100 218
100 270
100 401
100 446
100 452
100 492
100 540
100 544
100 562
100 680
100 743
100 744
100 791
101 102
101 112
101 117
101 140
101 146
101 175
101 278
101 331
101 388
101 454
101 494
101 681
101 701
101 745
101 757
101 807
101 901
102 104
102 131
102 144
102 151
102 179
102 198
102 332
102 420
102 457
102 690
103 118
103 129
103 134
103 145
103 203
103 207
103 224
103 247
103 270
103 273
103 302
103 303
103 304
103 319
103 355
103 771
104 141
104 175
104 222
104 228
104 268
104 299
104 315
104 358
104 382
104 392
104 403
104 461
104 482
104 503
104 707
104 713
105 112
105 118
105 157
105 173
105 191
105 247
105 283
105 284
105 285
105 354
105 359
105 391
105 466
106 126
106 175
106 209
106 213
106 230
106 248
106 265
106 376
106 378
106 434
106 649
106 719
106 758
106 785
107 120
107 127
107 133
107 160
107 176
107 203
107 206
107 263
107 328
107 387
107 464
107 511
107 602
108 146
108 148
108 149
108 236
108 289
108 317
108 320
108 326
108 343
108 415
108 417
108 423
108 561
108 779
108 820
108 962
109 148
109 153
109 160
109 215
109 219
109 241
109 311
109 322
109 455
109 624
109 676
109 831
109 886
110 176
110 214
110 261
110 262
110 310
110 371
110 377
110 470
110 487
110 502
110 620
110 750
110 755
110 789
110 887
111 141
111 148
111 192
111 288
111 290
111 320
111 365
111 386
111 415
111 417
111 445
112 113
112 144
112 163
112 287
112 298
112 383
112 558
112 559
112 618
112 687
112 690
112 808
113 128
113 136
113 143
113 159
113 167
113 217
113 327
113 407
113 418
113 563
113 628
113 700
113 908
114 128
114 144
114 156
114 167
114 183
114 198
114 199
114 240
114 523
114 524
114 836
114 999
115 120
115 137
115 145
115 206
115 225
115 229
115 233
115 255
115 267
115 276
115 282
115 291
115 335
115 357
115 394
115 400
115 410
115 485
115 538
115 591
116 118
116 139
116 173
116 319
116 390
116 397
116 432
116 443
116 528
116 651
116 666
116 718
116 769
116 840
117 146
117 200
117 242
117 388
117 419
117 434
117 586
117 590
117 596
117 597
117 702
117 707
117 710
117 757
117 796
117 807
117 834
117 873
118 129
118 136
118 139
118 176
118 207
118 238
118 251
118 260
118 283
118 361
118 390
118 397
118 412
118 443
119 125
119 137
119 152
119 158
119 201
119 257
119 279
119 336
119 386
119 398
119 644
119 663
119 788
119 821
120 127
120 133
120 180
120 206
120 233
120 253
120 263
120 326
120 339
120 464
120 615
120 618
120 731
121 141
121 155
121 178
121 188
121 263
121 297
121 378
121 387
121 403
121 659
121 726
121 756
121 783
121 880
122 161
122 164
122 208
122 209
122 248
122 299
122 305
122 332
122 440
122 483
122 507
122 534
122 561
122 577
123 192
123 235
123 243
123 288
123 290
123 317
123 400
123 446
123 594
124 135
124 181
124 190
124 197
124 204
124 220
124 227
124 242
124 280
124 366
124 456
124 465
124 499
124 512
124 598
124 599
124 681
124 746
124 806
125 137
125 144
125 170
125 223
125 256
125 277
125 289
125 386
125 497
125 507
125 510
125 544
125 601
126 193
126 245
126 316
126 323
126 324
126 329
126 373
126 382
126 755
126 818
126 819
127 160
127 177
127 193
127 219
127 230
127 235
127 253
127 295
127 324
127 325
127 326
127 327
127 385
128 156
128 166
128 181
128 197
128 220
128 240
128 264
128 265
128 301
128 425
128 426
128 835
129 157
129 176
129 203
129 215
129 223
129 273
129 289
129 317
129 410
129 543
129 601
129 788
129 791
130 133
130 158
130 175
130 215
130 263
130 276
130 287
130 348
130 384
130 446
130 464
130 526
130 591
130 629
130 689
130 713
130 797
131 140
131 179
131 212
131 232
131 307
131 309
131 310
131 327
131 330
131 362
131 413
131 430
131 537
131 556
132 141
132 146
132 147
132 171
132 186
132 205
132 211
132 259
132 272
132 422
132 442
132 548
132 605
132 607
132 622
132 730
132 943
133 134
133 142
133 160
133 176
133 206
133 222
133 263
133 367
133 464
133 589
133 602
133 639
133 680
134 173
134 182
134 203
134 207
134 213
134 270
134 282
134 318
134 391
134 505
134 776
134 864
135 166
135 181
135 190
135 197
135 220
135 227
135 262
135 264
135 265
135 280
135 407
135 427
135 465
135 499
136 138
136 255
136 287
136 294
136 327
136 633
136 662
136 732
136 884
137 170
137 192
137 223
137 256
137 277
137 311
137 322
137 342
137 510
137 543
137 600
138 139
138 154
138 161
138 184
138 204
138 476
138 522
138 741
138 890
139 150
139 154
139 184
139 208
139 229
139 338
139 365
139 520
139 668
140 156
140 179
140 228
140 310
140 327
140 380
140 495
140 536
140 537
140 542
140 559
140 591
140 672
140 797
140 907
141 171
141 232
141 259
141 276
141 299
141 404
141 428
141 547
141 605
142 147
142 156
142 173
142 202
142 206
142 212
142 245
142 262
142 420
142 428
142 503
142 521
142 548
142 606
142 810
142 811
142 905
143 144
143 156
143 183
143 195
143 231
143 240
143 254
143 255
143 259
143 287
143 383
143 388
143 470
143 703
143 920
144 167
144 183
144 238
144 240
144 346
144 388
144 428
144 524
144 632
144 633
145 157
145 203
145 224
145 251
145 270
145 302
145 303
145 304
145 318
145 355
145 507
145 830
146 211
146 254
146 275
146 323
146 329
146 373
146 419
146 450
146 527
146 547
146 849
147 189
147 200
147 248
147 250
147 293
147 306
147 486
147 489
147 650
147 712
148 153
148 290
148 400
148 502
148 951
149 235
149 322
149 415
149 416
149 417
149 446
149 468
149 514
149 538
149 614
149 617
149 820
150 208
150 221
150 261
150 272
150 278
150 339
150 469
150 476
150 533
150 554
150 555
150 575
150 670
150 671
150 874
150 964
151 167
151 172
151 174
151 231
151 346
151 375
151 449
151 462
151 605
151 607
151 619
151 658
151 661
151 728
151 814
152 153
152 201
152 215
152 241
152 257
152 258
152 271
152 333
152 620
152 736
153 214
153 215
153 241
153 271
153 311
153 333
153 452
153 592
153 788
154 180
154 184
154 208
154 238
154 296
154 425
154 608
155 156
155 183
155 195
155 213
155 379
155 513
155 557
155 618
155 823
155 835
155 837
156 183
156 198
156 240
156 261
156 262
156 339
156 761
157 187
157 248
157 282
157 284
157 390
157 430
157 431
157 454
157 770
158 214
158 225
158 257
158 279
158 335
158 386
158 400
158 695
158 735
158 885
158 887
159 188
159 274
159 381
159 516
159 539
159 581
159 622
159 659
159 673
159 726
159 756
159 825
159 854
160 206
160 235
160 253
160 295
160 385
160 400
160 872
161 171
161 172
161 312
161 317
161 332
161 367
161 422
161 435
161 476
161 481
161 511
161 549
162 180
162 243
162 296
162 345
162 379
162 535
162 604
162 669
162 971
163 196
163 201
163 258
163 298
163 336
163 344
163 422
163 623
164 236
164 294
164 418
164 422
164 423
164 448
164 518
164 625
164 630
164 700
164 984
165 168
165 216
165 242
165 292
165 455
165 475
165 496
165 521
165 541
165 596
165 597
165 678
165 679
165 751
165 804
165 902
165 986
166 197
166 252
166 265
166 280
166 301
166 465
166 500
166 610
166 611
166 911
167 168
167 239
167 346
167 523
167 563
167 567
167 695
167 914
168 196
168 216
168 236
168 259
168 292
168 293
168 421
168 471
168 517
168 523
169 230
169 252
169 261
169 341
169 456
169 498
169 504
169 564
169 645
169 648
169 657
169 685
169 705
169 940
170 223
170 237
170 256
170 277
170 308
170 311
170 342
170 451
170 543
170 600
171 210
171 211
171 221
171 272
171 312
171 471
171 493
171 856
172 242
172 251
172 254
172 321
172 329
172 383
172 420
172 441
172 444
172 494
172 526
172 810
172 859
172 950
173 182
173 251
173 267
173 319
173 430
174 306
174 375
174 376
174 444
174 534
174 609
174 649
174 777
174 810
175 212
175 356
175 423
175 445
175 494
175 728
175 787
176 203
176 206
176 273
176 300
176 384
176 513
176 798
177 206
177 231
177 232
177 239
177 288
177 300
177 339
177 342
177 371
177 675
177 742
178 188
178 274
178 297
178 305
178 387
178 558
178 560
178 660
178 729
178 880
179 210
179 211
179 281
179 310
179 373
179 378
179 413
179 457
179 692
180 184
180 248
180 249
180 408
180 588
181 197
181 220
181 225
181 227
181 228
181 280
181 313
181 315
181 370
181 406
181 499
181 688
181 910
182 207
182 282
182 284
182 285
182 319
182 409
182 410
182 505
182 754
183 213
183 240
183 332
183 837
184 238
184 260
184 296
184 338
184 519
184 520
184 922
185 226
185 269
185 313
185 368
185 395
185 406
185 501
185 637
185 641
185 685
185 760
185 857
185 936
186 189
186 219
186 291
186 317
186 323
186 339
186 426
186 493
186 515
186 540
186 579
186 697
186 733
186 829
187 189
187 190
187 204
187 220
187 275
187 280
187 314
187 316
187 366
187 426
187 512
187 551
187 812
187 906
188 211
188 274
188 423
188 447
188 560
188 673
188 726
188 855
189 220
189 305
189 339
189 426
189 459
189 515
189 734
190 204
190 301
190 314
190 351
190 392
190 406
190 425
190 460
190 550
190 785
190 952
191 247
191 283
191 284
191 285
191 354
191 359
191 466
191 497
191 653
191 953
192 320
192 472
192 693
192 789
192 821
193 210
193 332
193 449
193 467
193 578
193 654
193 961
194 229
194 233
194 255
194 287
194 331
194 407
194 427
194 690
194 752
194 761
194 882
194 888
195 222
195 245
195 264
195 313
195 358
195 368
195 689
195 822
196 217
196 276
196 298
196 309
196 402
196 424
196 474
197 220
197 227
197 426
197 499
197 551
198 240
198 332
198 427
198 515
198 759
199 218
199 219
199 240
199 631
200 250
200 275
200 293
200 306
200 419
200 450
200 463
200 489
200 583
201 241
201 279
201 336
201 380
201 398
201 473
201 581
201 829
202 222
202 263
202 291
202 379
202 401
202 501
202 553
202 589
202 602
202 751
203 273
203 302
203 303
203 357
204 275
204 316
204 354
204 366
204 425
204 460
204 550
204 608
204 652
205 222
205 226
205 245
205 266
205 281
205 356
205 689
205 727
206 253
206 522
206 682
207 273
207 318
207 325
207 391
207 410
207 440
207 445
207 505
208 219
208 299
208 310
208 332
208 412
208 624
208 643
209 233
209 323
209 379
209 418
209 434
209 458
209 481
209 578
209 646
210 312
210 330
210 374
210 509
210 716
210 905
211 310
211 422
211 607
211 960
212 246
212 442
212 494
212 787
212 805
212 969
212 970
213 277
213 468
214 377
214 455
214 815
215 237
215 241
215 271
215 322
215 333
215 359
215 365
215 620
215 978
216 244
216 292
216 421
216 496
216 541
216 596
216 701
216 737
217 262
217 402
217 424
217 473
217 474
217 518
217 630
217 894
218 290
218 291
218 514
218 539
218 742
219 566
219 676
219 831
220 227
220 280
220 414
220 426
220 499
220 687
220 688
221 259
221 327
221 459
221 514
221 555
221 569
221 577
221 694
221 723
222 228
222 268
222 315
222 389
222 429
222 442
222 571
223 256
223 276
223 277
223 289
223 353
223 400
223 601
224 270
224 302
224 303
224 304
224 355
224 601
225 233
225 351
225 352
225 357
225 394
225 485
225 530
225 573
225 576
225 851
226 266
226 269
226 313
226 370
226 403
226 552
226 640
226 641
226 720
227 264
227 280
227 314
227 406
227 426
227 499
227 512
227 806
227 835
228 307
228 309
228 362
228 368
228 393
228 461
228 570
228 571
229 233
229 255
229 394
229 407
229 485
229 557
229 740
229 812
230 232
230 278
230 331
230 453
230 598
230 656
230 657
230 734
230 873
231 254
231 273
231 317
231 327
231 470
231 687
231 800
232 310
232 324
232 331
232 378
232 734
233 276
233 335
233 357
233 385
233 394
233 485
233 691
234 243
234 249
234 289
234 290
234 408
234 416
235 246
235 253
235 457
235 556
235 698
235 750
236 294
236 298
236 309
236 340
236 472
236 545
236 561
237 308
237 334
237 365
237 451
237 492
237 592
238 260
238 520
239 417
239 468
239 693
239 816
240 524
240 836
241 258
241 271
241 311
241 333
241 417
242 244
242 259
242 324
242 521
242 531
242 586
242 597
242 745
243 249
243 290
243 325
243 335
243 404
243 803
244 292
244 521
244 579
244 678
244 679
244 737
244 765
244 902
245 315
245 358
245 370
245 442
245 480
245 503
245 612
245 621
245 713
246 330
246 332
246 378
246 441
246 498
246 536
246 717
247 283
247 284
247 352
247 354
247 359
247 466
248 418
248 419
248 458
248 468
249 296
249 379
249 408
249 588
250 275
250 306
250 434
250 450
250 463
250 574
250 650
250 870
251 409
251 412
251 440
251 784
251 876
252 306
252 341
252 441
252 491
252 495
252 498
252 500
252 878
252 879
252 892
253 502
253 698
253 881
254 329
254 363
254 462
254 607
254 733
255 394
255 427
255 557
255 761
256 585
256 976
257 582
257 674
257 736
258 336
258 344
258 422
258 623
258 979
259 409
259 493
259 900
259 903
260 319
260 360
260 361
260 396
260 397
260 443
260 666
261 343
261 403
261 670
261 685
261 809
261 823
261 892
261 894
261 982
262 315
262 343
262 403
262 559
263 381
263 514
263 594
263 673
263 798
264 277
264 280
264 405
264 550
264 620
264 749
264 991
264 992
265 301
265 465
265 609
266 281
266 370
266 433
266 479
266 480
266 568
266 612
267 285
267 446
267 557
267 594
267 930
268 315
268 389
268 429
268 442
268 461
268 479
268 612
268 618
268 621
268 638
269 313
269 382
269 395
269 429
269 501
269 552
269 621
269 637
269 639
270 302
270 303
270 304
270 355
271 308
271 311
271 322
271 333
271 488
271 492
271 544
272 312
272 459
272 532
272 533
272 548
272 605
272 636
272 694
272 935
273 317
273 440
274 381
274 387
274 418
274 447
274 539
274 558
274 560
274 673
274 937
275 293
275 306
275 310
276 328
276 333
276 357
276 483
276 485
276 525
276 848
277 305
277 311
277 342
277 543
277 600
278 469
278 504
278 554
278 564
278 657
279 322
279 380
279 398
279 475
279 550
279 581
279 725
280 375
280 499
280 500
280 611
281 312
281 321
281 378
281 420
281 664
281 759
281 806
281 863
282 410
282 505
282 573
282 754
283 284
283 285
283 466
283 519
283 775
284 285
285 325
285 508
286 360
286 361
286 390
286 443
286 528
286 651
286 652
286 718
286 773
286 774
287 511
287 514
287 723
287 740
287 781
287 917
288 291
288 409
288 488
289 326
289 811
290 824
291 333
291 790
292 421
292 541
293 306
293 362
293 463
293 489
293 583
294 340
294 380
294 472
294 518
294 545
294 561
294 627
294 699
295 300
295 330
295 586
295 740
296 404
296 446
296 587
296 589
297 447
297 516
297 539
297 567
297 828
297 896
298 336
298 344
298 422
298 423
298 675
299 339
299 493
299 513
299 524
299 985
300 342
300 680
300 682
300 805
300 987
300 988
301 314
301 425
301 685
301 688
302 303
302 304
302 355
303 304
303 355
304 355
304 359
305 316
305 440
305 448
305 712
305 932
305 933
305 934
306 434
306 450
306 489
307 309
307 362
307 393
307 429
307 479
307 570
307 571
307 664
307 863
308 451
308 497
308 592
309 362
309 484
309 614
309 772
310 493
310 678
311 333
311 342
311 417
311 600
312 509
312 532
312 548
312 606
312 636
312 904
313 395
313 501
313 552
313 639
314 366
314 406
314 425
314 460
314 512
314 664
314 670
314 688
315 389
315 641
315 713
316 363
316 373
316 383
316 419
316 458
316 574
316 583
316 861
317 470
318 391
318 576
318 642
319 361
319 396
319 774
320 343
320 602
320 682
320 695
321 337
321 399
321 441
321 647
321 665
321 692
321 881
322 333
322 415
322 510
323 383
323 458
323 527
323 879
324 364
324 493
325 464
325 566
325 792
325 871
326 343
326 351
326 805
326 816
327 658
327 692
327 778
328 351
328 436
328 476
328 483
328 511
328 576
328 696
328 721
329 376
329 615
329 728
329 972
330 384
330 385
330 631
331 378
331 734
332 395
333 492
334 451
334 544
334 582
334 695
335 416
335 516
335 824
335 888
336 344
336 380
336 398
337 364
337 365
337 411
337 534
337 664
337 665
337 738
337 739
338 345
338 377
338 669
339 426
339 493
339 515
339 680
339 811
340 344
340 423
340 472
340 545
340 626
340 627
340 628
340 699
341 376
341 407
341 495
341 542
342 543
342 600
343 428
343 809
344 422
344 428
344 473
345 367
345 428
345 546
345 604
345 684
346 418
346 524
347 348
347 349
347 436
347 477
347 478
347 487
347 572
347 575
347 634
347 710
348 349
348 436
348 477
348 478
348 487
348 572
348 575
348 634
349 374
349 436
349 477
349 483
349 487
349 572
349 575
349 634
349 655
350 353
350 430
350 431
350 437
350 466
350 507
350 667
350 730
350 784
351 357
351 410
351 573
351 576
351 642
351 669
352 438
352 508
352 530
352 653
352 656
352 737
353 359
353 430
353 431
353 437
353 529
354 359
354 412
354 771
356 358
356 382
356 389
356 392
356 406
356 571
356 727
356 931
357 394
357 412
357 485
357 691
358 382
358 392
358 403
358 503
359 438
359 466
359 653
360 361
360 396
360 397
360 443
360 528
360 846
361 390
361 443
361 773
362 547
362 841
363 590
363 629
363 808
364 399
364 411
364 591
364 665
364 738
364 865
365 488
366 405
366 611
366 709
366 748
367 435
367 481
367 549
367 686
367 708
367 722
368 637
368 946
369 406
369 433
369 447
369 461
369 480
369 580
369 638
369 659
370 480
370 641
371 377
371 592
371 693
372 441
372 536
372 537
372 646
372 711
372 764
372 818
372 878
372 949
373 413
373 457
373 556
373 817
373 819
374 436
374 456
374 483
374 532
374 572
374 655
374 716
375 441
375 491
375 661
375 719
376 467
376 527
376 747
377 519
378 605
378 692
379 409
379 594
380 398
380 627
380 725
381 448
381 539
381 593
381 660
381 729
381 782
382 392
382 393
382 482
382 727
383 419
383 785
384 385
384 514
384 672
386 398
386 502
386 675
387 446
387 593
388 703
388 807
389 393
389 429
389 479
389 570
389 571
390 396
390 397
390 443
392 482
392 531
392 568
392 612
393 429
393 442
393 479
393 570
393 618
393 621
394 485
394 691
394 790
395 501
395 552
395 639
395 640
396 397
396 443
396 497
396 528
397 443
397 488
398 581
398 644
398 783
399 506
399 578
399 647
399 665
399 732
400 592
401 452
401 540
401 562
401 743
401 744
402 424
402 474
402 595
402 606
402 630
403 442
403 571
404 586
404 588
405 494
405 550
405 611
405 709
405 748
405 749
406 425
407 752
408 508
409 740
410 490
410 576
410 743
410 754
411 578
411 584
411 665
411 739
411 865
412 432
412 440
412 633
413 725
413 758
414 591
415 468
415 510
416 522
416 538
416 558
416 616
416 617
416 676
417 562
418 448
418 625
419 439
419 504
420 578
420 664
420 670
421 498
421 747
423 454
424 474
424 595
425 460
425 551
426 515
426 993
427 690
428 522
429 479
429 568
429 570
430 431
430 437
430 529
431 437
431 529
432 507
432 652
432 769
432 840
432 848
433 461
433 480
433 503
433 580
433 638
434 450
434 486
435 481
435 546
435 549
435 635
435 708
435 847
436 438
436 483
436 572
436 874
437 529
437 766
437 770
438 508
438 530
439 453
439 504
439 534
439 681
439 745
439 746
440 454
440 839
441 536
441 537
441 646
444 484
444 527
444 712
444 732
445 480
447 516
447 560
447 659
447 854
448 560
448 792
448 938
449 644
449 654
449 704
449 842
449 843
451 582
452 540
453 478
453 564
453 598
453 645
453 656
453 867
455 475
455 616
455 676
456 478
456 532
456 564
456 845
456 868
457 493
457 875
458 574
458 944
459 460
459 686
459 694
459 859
460 551
460 569
460 671
461 638
462 525
462 661
463 609
464 514
464 566
464 663
464 871
467 527
467 584
467 649
468 742
469 476
469 533
469 542
469 556
469 671
470 513
470 614
470 965
471 603
471 808
472 626
473 517
474 595
474 628
475 550
475 816
476 511
476 696
477 487
477 572
477 575
477 634
477 635
478 487
478 575
478 710
478 845
479 570
480 503
481 546
481 549
481 635
481 696
482 531
482 568
482 786
483 546
483 716
484 491
484 547
484 719
484 899
486 489
486 583
486 650
486 763
487 890
488 492
488 797
489 762
489 772
490 573
490 642
490 667
490 754
490 818
490 866
491 498
491 691
492 791
494 703
494 817
495 537
495 542
495 631
495 786
496 521
496 541
496 596
496 701
496 751
497 846
497 941
498 646
498 717
500 526
500 536
500 610
500 852
501 639
504 534
505 608
506 714
506 721
506 768
507 652
508 530
511 696
511 781
512 551
512 608
513 826
513 877
515 626
515 973
516 567
516 581
516 896
517 603
517 683
518 561
519 684
519 794
519 891
520 668
520 669
521 599
522 682
523 628
524 833
525 607
525 613
525 643
525 928
526 542
526 852
527 649
528 651
528 718
530 653
531 568
531 657
531 727
532 548
532 636
533 635
533 671
533 722
535 589
535 891
537 610
538 553
538 617
538 735
539 782
540 562
540 744
541 596
541 765
542 556
543 585
543 715
544 585
544 624
545 627
546 635
546 708
546 847
547 849
547 850
549 686
549 708
550 617
551 909
553 648
554 753
555 755
555 913
556 698
557 875
558 966
559 661
560 792
561 921
563 619
564 834
565 619
567 622
567 828
568 637
569 577
569 714
569 768
573 642
573 667
574 590
574 650
574 908
576 851
577 714
577 768
578 662
579 679
579 794
580 638
580 823
581 828
585 715
586 684
587 597
587 668
587 677
588 776
589 604
593 844
595 625
595 630
597 599
598 645
598 656
600 855
602 798
603 632
603 683
604 741
606 636
606 763
610 647
610 793
610 853
611 709
612 618
613 643
613 733
615 862
616 617
616 895
619 658
622 799
622 975
623 663
625 630
629 672
631 900
636 927
640 657
642 667
643 733
643 897
644 654
644 704
645 656
646 706
647 838
647 911
648 705
652 718
654 704
655 716
658 914
659 756
660 729
662 670
662 738
673 697
676 752
677 702
677 804
677 860
680 939
683 725
686 722
696 722
697 968
700 749
702 804
704 925
706 711
706 764
711 764
714 795
720 767
723 763
723 781
728 747
729 782
732 883
738 739
746 753
760 981
762 926
777 841
778 929
779 915
784 839
793 853
803 844
813 945
838 862
842 843
872 886
