0 90
0 195
0 231
0 347
0 351
0 531
0 544
0 716
0 728
0 732
0 745
0 747
0 751
0 760
0 766
0 778
0 780
0 781
0 783
0 823
0 837
0 850
0 867
0 870
0 874
0 891
0 893
0 926
0 928
0 929
0 940
0 950
0 956
0 962
0 966
0 975
0 989
0 992
1 3
1 18
1 57
1 62
1 72
1 86
1 90
1 100
1 104
1 121
1 137
1 155
1 190
1 239
1 244
1 267
1 326
1 342
1 383
1 392
1 452
1 481
1 503
1 510
1 512
1 540
1 547
1 556
1 782
1 791
1 871
1 872
1 875
1 885
1 941
1 947
1 961
2 24
2 39
2 101
2 107
2 156
2 161
2 180
2 184
2 190
2 199
2 221
2 237
2 258
2 326
2 332
2 373
2 380
2 385
2 403
2 416
2 427
2 462
2 474
2 567
2 616
2 617
2 618
2 619
2 620
2 621
3 19
3 66
3 101
3 103
3 120
3 132
3 135
3 136
3 145
3 147
3 155
3 198
3 219
3 260
3 293
3 331
3 336
3 342
3 404
3 470
3 522
3 571
3 613
3 839
3 879
4 130
4 135
4 148
4 152
4 198
4 199
4 266
4 354
4 362
4 432
4 455
4 456
4 468
4 515
4 536
4 573
4 731
4 737
4 790
4 792
4 803
4 814
4 890
4 917
4 983
4 994
5 43
5 59
5 72
5 76
5 109
5 116
5 132
5 223
5 247
5 295
5 305
5 365
5 375
5 514
5 566
5 761
5 857
5 880
5 906
6 81
6 103
6 235
6 277
6 296
6 329
6 385
6 405
6 408
6 422
6 485
6 584
6 629
6 630
6 631
6 632
6 633
6 634
6 635
7 26
7 120
7 138
7 145
7 228
7 237
7 262
7 285
7 293
7 297
7 377
7 439
7 480
7 494
7 666
7 667
7 668
7 669
7 670
7 671
7 672
7 692
8 21
8 96
8 149
8 180
8 198
8 242
8 276
8 277
8 283
8 346
8 361
8 368
8 414
8 415
8 416
8 479
8 572
8 683
8 684
8 685
8 686
9 53
9 120
9 174
9 353
9 366
9 444
9 495
9 522
9 800
9 924
9 955
10 21
10 31
10 45
10 67
10 79
10 106
10 192
10 229
10 268
10 320
10 325
10 374
10 386
10 515
10 551
10 560
10 604
10 868
10 998
11 112
11 115
11 148
11 159
11 168
11 200
11 236
11 324
11 388
11 448
11 485
11 510
11 750
11 860
11 944
11 999
12 17
12 23
12 109
12 246
12 307
12 373
12 432
12 529
12 828
12 835
12 851
12 945
12 948
12 982
12 984
13 24
13 38
13 39
13 83
13 93
13 102
13 121
13 163
13 167
13 180
13 186
13 518
13 702
13 703
13 774
13 824
13 859
13 911
14 205
14 410
14 429
14 453
14 489
14 513
14 517
14 647
14 648
14 649
14 650
14 651
14 652
14 653
14 654
14 655
14 656
14 657
15 63
15 249
15 254
15 281
15 301
15 423
15 465
15 509
15 533
15 845
16 24
16 26
16 28
16 39
16 67
16 167
16 208
16 351
16 370
16 390
16 414
16 461
16 578
16 610
17 23
17 109
17 266
17 441
17 447
17 448
17 726
17 797
17 936
17 972
18 125
18 193
18 199
18 210
18 216
18 302
18 339
18 467
18 736
19 84
19 85
19 117
19 189
19 324
19 441
19 455
19 690
19 691
19 816
19 826
19 985
20 222
20 346
20 545
20 549
20 734
21 45
21 47
21 156
21 172
21 192
21 498
21 568
21 574
21 636
21 637
22 29
22 30
22 52
22 160
22 314
22 318
22 807
22 812
22 820
23 109
23 324
23 451
23 516
23 753
23 779
23 829
23 946
23 964
23 991
23 993
24 26
24 28
24 38
24 39
24 83
24 150
24 158
24 208
24 330
24 417
25 40
25 50
25 71
25 97
25 114
25 177
25 194
25 397
25 599
25 915
26 39
26 74
26 170
26 292
26 317
26 358
26 896
26 923
26 935
26 952
27 130
27 181
27 281
27 292
27 301
27 343
27 420
27 552
27 695
28 38
28 39
28 87
28 99
28 150
28 154
28 192
28 351
28 490
28 704
29 132
29 137
29 306
29 323
29 331
29 342
29 572
29 674
30 42
30 52
30 63
30 465
30 555
30 696
30 817
30 819
31 44
31 45
31 91
31 286
31 338
31 390
31 426
31 427
31 516
31 560
31 705
32 162
32 425
32 506
32 640
32 641
32 642
32 643
32 644
33 111
33 120
33 136
33 254
33 509
33 562
33 723
34 46
34 78
34 94
34 111
34 112
34 168
34 209
34 259
34 469
34 525
34 882
35 58
35 59
35 74
35 104
35 217
35 225
35 735
36 86
36 120
36 136
36 165
36 219
36 261
36 293
36 316
36 368
36 435
36 856
37 38
37 115
37 182
37 388
37 478
37 786
37 804
37 831
37 861
37 869
37 887
38 39
38 167
38 282
38 744
38 949
39 83
39 158
39 208
39 417
40 50
40 114
40 177
40 194
40 202
40 258
40 564
41 262
41 297
41 344
41 444
41 754
41 862
41 864
42 92
42 370
42 752
42 762
42 836
42 855
42 901
42 916
42 967
42 970
43 76
43 92
43 116
43 223
43 247
43 295
43 340
43 365
43 375
43 471
44 83
44 105
44 134
44 286
44 338
44 424
44 518
44 697
44 698
44 699
45 96
45 210
45 325
45 339
45 348
45 551
45 677
46 55
46 169
46 521
46 555
46 899
47 51
47 154
47 211
47 273
47 286
47 318
47 387
47 583
47 777
48 263
48 328
48 484
48 546
48 566
48 802
48 833
48 843
48 904
48 987
49 89
49 369
49 371
49 498
49 523
49 852
49 958
49 976
50 71
50 72
50 97
50 194
50 271
50 561
51 104
51 142
51 198
51 294
51 349
51 482
51 623
52 316
52 343
52 506
52 711
52 712
52 876
52 877
53 85
53 307
53 343
53 460
53 717
53 932
54 56
54 73
54 77
54 117
54 128
54 176
54 521
55 70
55 87
55 130
55 155
55 187
55 526
55 528
56 73
56 77
56 117
56 128
56 176
56 253
57 65
57 90
57 100
57 252
57 290
57 391
57 763
57 921
58 217
58 225
58 279
58 421
58 520
59 76
59 116
59 223
59 295
59 340
59 375
60 93
60 117
60 180
60 311
60 718
60 722
60 799
60 908
60 951
61 103
61 107
61 279
61 285
61 457
61 482
61 611
61 612
62 122
62 300
62 313
62 319
62 434
62 556
62 582
62 709
63 169
63 338
63 419
63 423
63 478
63 933
64 88
64 110
64 256
64 277
64 345
64 409
64 410
64 659
65 126
65 312
66 178
66 308
66 532
67 83
67 102
67 106
67 163
67 320
67 863
68 90
68 121
68 145
68 211
68 313
68 341
68 675
68 676
69 91
69 147
69 161
69 183
69 241
69 249
69 264
69 411
70 169
70 312
70 715
70 748
70 844
70 847
70 979
71 245
71 271
72 251
72 315
72 319
72 714
72 739
73 77
73 117
73 128
73 176
74 123
74 198
74 199
74 278
74 673
75 224
75 373
75 514
75 538
75 545
76 92
76 116
76 187
76 305
77 128
77 176
78 463
79 106
79 192
79 229
79 622
80 141
80 243
80 274
80 287
80 356
80 811
80 918
81 107
81 118
81 216
81 543
81 757
82 123
82 303
82 494
82 504
82 584
82 798
82 895
83 381
83 390
84 87
84 104
84 159
84 188
84 191
84 720
85 137
85 157
85 436
86 95
86 114
86 201
86 344
86 359
87 169
87 222
87 561
87 724
88 130
88 137
88 255
88 256
88 276
88 658
89 155
89 369
89 371
89 461
89 523
89 608
90 108
90 166
90 492
91 105
91 134
91 140
91 161
91 264
92 132
92 153
92 357
92 496
93 133
93 576
93 784
94 858
94 873
94 881
95 250
95 298
95 490
95 527
95 678
95 789
96 283
96 339
96 361
96 626
96 627
97 397
98 412
98 466
99 285
99 425
99 426
99 701
99 740
100 156
100 511
100 888
100 905
101 471
101 547
101 743
101 755
102 150
102 381
102 546
102 806
103 402
104 353
104 501
105 134
105 333
105 609
105 866
106 154
106 437
106 505
107 125
107 179
107 433
108 166
108 259
108 290
108 552
108 746
109 159
109 182
110 144
110 160
110 272
110 309
110 615
111 146
111 218
111 710
111 920
112 431
112 489
112 767
112 771
113 148
113 536
113 573
114 137
114 177
114 245
115 157
115 278
115 693
115 694
116 257
117 128
118 179
119 137
119 250
119 463
120 136
121 123
121 269
121 995
122 300
122 579
122 707
122 708
123 143
123 253
123 973
124 214
125 142
125 171
125 524
125 553
127 255
127 327
127 595
127 596
127 900
127 954
128 176
129 181
129 246
129 251
129 332
129 529
129 894
130 132
130 227
131 256
131 360
131 364
131 442
131 486
132 305
133 168
133 261
133 266
134 333
134 597
134 957
135 146
135 196
135 253
135 953
138 231
138 310
139 165
139 200
139 383
139 462
139 592
140 147
140 161
140 183
140 249
140 264
141 200
141 214
141 287
141 334
142 302
142 396
142 587
143 406
143 424
143 628
143 639
144 531
144 660
144 661
144 662
146 203
146 280
146 335
147 183
147 241
149 154
149 167
149 192
149 309
150 846
150 883
151 165
151 838
152 259
152 301
152 467
153 357
153 585
154 242
156 220
156 237
157 173
157 309
157 436
158 765
158 897
158 922
159 181
159 830
160 706
161 162
162 264
162 288
162 440
163 304
163 381
163 505
164 458
164 557
164 931
165 721
165 884
166 391
167 186
168 379
168 981
169 446
170 511
170 589
170 590
170 591
171 193
171 210
171 302
171 749
172 361
172 443
173 292
173 475
173 519
173 559
174 329
174 537
174 865
175 185
175 393
175 430
175 733
177 226
177 245
178 308
179 193
179 210
179 821
180 253
181 549
182 371
182 770
182 813
183 241
183 878
184 488
184 570
184 842
184 898
185 189
185 260
185 438
185 719
186 902
187 218
187 369
187 389
188 327
189 562
189 614
190 240
190 451
190 477
191 387
191 464
191 530
191 907
193 265
193 428
194 245
195 400
195 534
195 606
196 468
196 474
196 769
196 801
197 439
199 825
200 399
201 252
201 359
202 571
202 605
203 624
203 625
204 294
204 311
204 415
204 665
205 268
205 457
205 679
206 418
206 554
206 680
207 279
207 280
207 422
208 284
209 456
209 558
211 646
211 725
212 341
212 968
213 360
213 407
213 638
215 258
215 296
215 372
215 764
217 225
218 350
218 469
220 530
220 913
221 250
221 251
221 315
222 580
223 365
224 787
224 925
224 934
226 242
226 250
226 569
227 252
228 308
228 532
229 325
229 818
230 322
230 376
230 501
230 919
231 310
232 233
232 247
232 392
232 978
233 239
233 347
234 453
234 499
234 508
234 557
235 570
235 980
236 563
236 889
237 772
238 327
238 347
238 805
239 810
241 401
242 472
243 886
244 379
244 459
246 291
246 450
248 299
248 368
248 664
248 943
251 315
252 344
254 341
254 815
255 794
256 663
257 445
257 809
257 840
258 296
259 497
261 602
261 607
263 903
263 937
263 959
265 352
266 537
267 588
267 848
268 688
268 689
269 321
269 476
269 542
270 303
270 535
270 581
270 849
271 360
272 409
273 331
273 384
274 382
274 598
275 276
275 413
275 682
278 548
280 645
281 421
283 330
284 700
284 912
287 473
288 355
288 502
289 460
290 513
291 450
294 363
297 458
298 326
298 759
299 466
300 579
303 488
304 376
304 394
306 335
307 464
311 454
312 350
313 434
314 438
314 827
317 593
317 738
318 418
320 914
321 476
321 542
322 534
322 796
328 487
328 600
329 727
330 348
332 428
333 603
337 362
340 729
345 442
346 775
348 396
349 834
350 496
353 377
355 507
357 585
359 391
363 519
363 930
364 500
367 377
367 431
367 841
370 963
372 910
372 965
374 577
374 601
376 473
378 581
378 776
379 594
380 971
380 986
382 394
382 449
383 503
384 822
384 938
385 447
386 795
386 988
387 681
388 500
389 974
392 433
393 430
393 543
394 449
395 483
395 512
398 538
399 401
402 405
403 586
406 407
411 486
413 527
419 687
429 576
435 939
437 996
440 502
443 927
446 892
452 539
454 768
459 854
470 742
475 909
477 960
479 507
480 853
481 491
483 575
484 773
487 942
491 788
492 832
493 577
497 785
499 741
504 758
517 550
520 990
524 553
525 565
526 528
535 977
539 756
540 565
541 567
541 713
550 997
559 730
568 574
575 793
578 808
582 969
