0 2
0 11
0 49
0 50
0 58
0 59
0 60
0 61
0 62
0 63
0 64
0 65
0 68
0 598
0 599
0 600
0 601
0 602
0 603
0 604
0 605
0 606
0 607
0 608
0 609
0 610
0 611
0 612
0 613
0 614
0 615
0 616
0 617
0 618
0 619
0 620
0 621
0 622
0 623
0 624
0 625
0 626
0 627
0 628
0 629
0 630
0 631
0 632
0 633
0 634
0 635
0 636
0 637
0 638
0 639
0 640
0 641
0 642
0 643
0 644
0 645
0 646
0 647
0 648
0 649
0 650
0 651
0 652
0 653
0 654
0 655
0 656
0 657
0 658
0 659
0 660
0 661
0 662
0 663
0 664
0 665
0 666
0 667
0 668
0 669
0 670
0 671
0 672
0 673
0 674
0 675
0 676
0 677
0 678
0 679
0 680
0 681
0 682
0 683
0 684
0 685
0 686
0 687
0 688
0 689
0 690
0 691
0 692
0 693
0 694
0 695
0 696
0 697
0 698
0 699
0 700
0 701
0 702
0 703
0 704
0 705
0 706
0 707
0 708
0 709
0 710
0 711
0 712
0 713
0 714
0 715
0 716
0 717
0 718
0 719
0 720
0 721
0 722
0 723
0 724
0 725
0 726
0 727
0 728
0 729
0 730
0 731
0 732
0 733
0 734
0 735
0 736
0 737
0 738
0 739
0 740
0 741
0 742
0 743
0 744
0 745
0 746
0 747
0 748
0 749
0 750
0 751
0 752
0 753
0 754
0 755
0 756
0 757
0 758
0 759
0 760
0 761
0 762
0 763
0 764
0 765
0 766
0 767
0 768
0 769
0 770
0 771
0 772
0 773
0 774
0 775
0 776
0 777
0 778
0 779
0 780
0 781
0 782
0 783
0 784
0 785
0 786
0 787
0 788
0 789
0 790
0 791
0 792
0 793
0 794
0 795
0 796
0 797
0 798
0 799
0 800
0 801
0 802
0 803
0 804
0 805
0 806
0 807
0 808
0 809
0 810
0 811
0 812
0 813
0 814
0 815
0 816
0 817
0 818
0 819
0 820
0 821
0 822
0 823
0 824
0 825
0 826
0 827
0 828
0 829
0 830
0 831
0 832
0 833
0 834
0 835
0 836
0 837
0 838
0 839
0 840
0 841
0 842
0 843
0 844
0 845
0 846
0 847
0 848
0 849
0 850
0 851
0 852
0 853
0 854
0 855
0 856
0 857
0 858
0 859
0 860
0 861
0 862
0 863
0 864
0 865
0 866
0 867
0 868
0 869
0 870
0 871
0 872
0 873
0 874
0 875
0 876
0 877
0 878
0 879
0 880
0 881
0 882
0 883
0 884
0 885
0 886
0 887
0 888
0 889
0 890
0 891
0 892
0 893
0 894
0 895
0 896
0 897
0 898
0 899
0 900
0 901
0 902
0 903
0 904
0 905
0 906
0 907
0 908
0 909
0 910
0 911
0 912
0 913
0 914
0 915
0 916
0 917
0 918
0 919
0 920
0 921
0 922
0 923
0 924
0 925
0 926
0 927
0 928
0 929
0 930
0 931
0 932
0 933
0 934
0 935
0 936
0 937
0 938
0 939
0 940
0 941
0 942
0 943
0 944
0 945
0 946
0 947
0 948
0 949
0 950
0 951
0 952
0 953
0 954
0 955
0 956
0 957
0 958
0 959
0 960
0 961
0 962
0 963
0 964
0 965
0 966
0 967
0 968
0 969
0 970
0 971
0 972
0 973
0 974
0 975
0 976
0 977
0 978
0 979
0 980
0 981
0 982
0 983
0 984
0 985
0 986
0 987
0 988
0 989
0 990
0 991
0 992
0 993
0 994
0 995
0 996
0 997
0 998
0 999
0 1000
0 1001
0 1002
0 1003
0 1004
0 1005
0 1006
0 1007
0 1008
0 1009
0 1010
0 1011
0 1012
0 1013
0 1014
0 1015
0 1016
0 1017
0 1018
0 1019
0 1020
0 1021
0 1022
0 1023
0 1024
0 1025
0 1026
0 1027
0 1028
0 1029
0 1030
0 1031
0 1032
0 1033
0 1034
0 1035
0 1036
0 1037
0 1038
0 1039
0 1040
0 1041
0 1042
0 1043
0 1044
0 1045
0 1046
0 1047
0 1048
0 1049
0 1050
0 1051
0 1052
0 1053
0 1054
0 1055
0 1056
0 1057
0 1058
0 1059
0 1060
0 1061
0 1062
0 1063
0 1064
0 1065
0 1066
0 1067
0 1068
0 1069
0 1070
0 1071
0 1072
0 1073
0 1074
0 1075
0 1076
0 1077
0 1078
0 1079
0 1080
0 1081
0 1082
0 1083
0 1084
0 1085
0 1086
0 1087
0 1088
0 1089
0 1090
0 1091
0 1092
0 1093
0 1094
0 1095
0 1096
0 1097
0 1098
0 1099
0 1100
0 1101
0 1102
0 1103
0 1104
0 1105
0 1106
0 1107
0 1108
0 1109
0 1110
0 1111
0 1112
0 1113
0 1114
0 1115
0 1116
0 1117
0 1118
0 1119
0 1120
0 1121
0 1122
0 1123
0 1124
0 1125
0 1126
0 1127
0 1128
0 1129
0 1130
0 1131
0 1132
0 1133
0 1134
0 1135
0 1136
0 1137
0 1138
0 1139
0 1140
0 1141
0 1142
0 1143
0 1144
0 1145
0 1146
0 1147
0 1148
0 1149
0 1150
0 1151
0 1152
0 1153
0 1154
0 1155
0 1156
0 1157
0 1158
0 1159
0 1160
0 1161
0 1162
0 1163
0 1164
0 1165
0 1166
0 1167
0 1168
0 1169
0 1170
0 1171
0 1172
0 1173
0 1174
0 1175
0 1176
0 1177
0 1178
0 1179
0 1180
0 1181
0 1182
0 1183
0 1184
0 1185
0 1186
0 1187
0 1188
0 1189
0 1190
0 1191
0 1192
0 1193
0 1194
0 1195
0 1196
0 1197
0 1198
0 1199
0 1200
0 1201
0 1202
0 1203
0 1204
0 1205
0 1206
0 1207
0 1208
0 1209
0 1210
0 1211
0 1212
0 1213
0 1214
0 1215
0 1216
0 1217
0 1218
0 1219
0 1220
0 1221
0 1222
0 1223
0 1224
0 1225
0 1226
0 1227
0 1228
0 1229
0 1230
0 1231
0 1232
0 1233
0 1234
0 1235
0 1236
0 1237
0 1238
0 1239
0 1240
0 1241
0 1242
0 1243
0 1244
0 1245
0 1246
0 1247
0 1248
0 1249
0 1250
0 1251
0 1252
0 1253
0 1254
0 1255
0 1256
0 1257
0 1258
0 1259
0 1260
0 1261
0 1262
0 1263
0 1264
0 1265
0 1266
0 1267
0 1268
0 1269
0 1270
0 1271
0 1272
0 1273
0 1274
0 1275
0 1276
0 1277
0 1278
0 1279
0 1280
0 1281
0 1282
0 1283
0 1284
0 1285
0 1286
0 1287
0 1288
0 1289
0 1290
0 1291
0 1292
0 1293
0 1294
0 1295
0 1296
0 1297
0 1298
0 1299
0 1300
0 1301
0 1302
0 1303
0 1304
0 1305
0 1306
0 1307
0 1308
0 1309
0 1310
0 1311
0 1312
0 1313
0 1314
0 1315
0 1316
0 1317
0 1318
0 1319
0 1320
0 1321
0 1322
0 1323
0 1324
0 1325
0 1326
0 1327
0 1328
0 1329
0 1330
0 1331
0 1332
0 1333
0 1334
0 1335
0 1336
0 1337
0 1338
0 1339
0 1340
0 1341
0 1342
0 1343
0 1344
0 1345
0 1346
0 1347
0 1348
0 1349
0 1350
0 1351
0 1352
0 1353
1 9
1 10
1 11
1 69
1 217
1 218
1 219
1 220
1 221
1 222
1 223
1 224
1 225
1 226
1 227
1 228
1 229
1 230
1 231
1 232
1 233
1 234
1 235
1 236
1 237
1 238
1 239
1 240
1 241
1 242
1 243
1 244
1 245
1 246
1 247
1 248
1 249
1 250
1 251
1 252
1 253
1 254
1 255
1 256
1 257
1 258
1 259
1 260
1 261
1 262
1 263
1 264
1 265
1 266
1 267
1 268
1 269
1 270
1 271
1 272
1 273
1 274
1 275
1 276
1 277
1 278
1 279
1 280
1 281
1 282
1 283
1 284
1 285
1 286
1 287
1 288
1 289
1 290
1 291
1 292
1 293
1 294
1 295
1 296
1 297
1 298
1 299
1 300
1 301
1 302
1 303
1 304
1 305
1 306
1 307
1 308
1 309
1 310
1 311
1 312
1 313
1 314
1 315
1 316
1 317
1 318
1 319
1 320
1 321
1 322
1 323
1 324
1 325
1 326
1 327
1 328
1 329
1 330
1 331
1 332
1 333
1 334
1 335
1 336
1 337
1 338
1 339
1 340
1 341
1 342
1 343
1 344
1 345
1 346
1 347
1 348
1 349
1 350
1 351
1 352
1 353
1 354
1 355
1 356
1 357
1 358
1 359
1 360
1 361
1 362
1 363
1 364
1 365
1 366
1 367
1 368
1 369
1 370
1 371
1 372
1 373
1 374
1 375
1 376
1 377
1 378
1 379
1 380
1 381
1 382
1 383
1 384
1 385
1 386
1 387
1 388
1 389
1 390
1 391
1 392
1 393
1 394
1 395
1 396
1 397
1 398
1 399
1 400
1 401
1 402
1 403
1 404
1 405
1 406
1 407
1 408
1 409
1 410
1 411
1 412
1 413
1 414
1 415
1 416
1 417
1 418
1 419
1 420
1 421
1 422
1 423
1 424
1 425
1 426
1 427
1 428
1 429
1 430
1 431
1 432
1 433
1 434
1 435
1 436
1 437
1 438
1 439
1 440
1 441
1 442
1 443
1 444
1 445
1 446
1 447
1 448
1 449
1 450
1 451
1 452
1 453
1 454
1 455
1 456
1 457
1 458
1 459
1 460
1 461
1 462
1 463
1 464
1 465
1 466
1 467
1 468
1 469
1 470
1 471
1 472
1 473
1 474
1 475
1 476
1 477
1 478
1 479
1 480
1 481
1 482
1 483
1 484
1 485
1 486
1 487
1 488
1 489
1 490
1 491
1 492
1 493
1 494
1 495
1 496
1 497
1 498
1 499
1 500
1 501
1 502
1 503
1 504
1 505
1 506
1 507
1 508
1 509
1 510
1 511
1 512
1 513
1 514
1 515
1 516
1 517
1 518
1 519
1 520
1 521
1 522
1 523
1 524
1 525
1 526
1 527
1 528
1 529
1 530
1 531
1 532
1 533
1 534
1 535
1 536
1 537
1 538
1 539
1 540
1 541
1 542
1 543
1 544
1 545
1 546
1 547
1 548
1 549
1 550
1 551
1 552
1 553
1 554
1 555
1 556
1 557
1 558
1 559
1 560
1 561
1 562
1 563
1 564
1 565
1 566
1 567
1 568
1 569
1 570
1 571
1 572
1 573
1 574
1 575
1 576
1 577
1 578
1 579
1 580
1 581
1 582
1 583
1 584
1 585
1 586
1 587
1 588
1 589
1 590
1 591
1 592
1 593
1 594
1 595
1 596
1 597
2 3
2 4
2 6
2 9
2 10
2 11
2 12
2 13
2 50
2 51
2 52
2 53
2 54
2 55
2 56
2 57
2 58
2 59
2 60
2 61
2 62
2 63
2 64
2 65
2 66
2 1354
2 1355
2 1356
2 1357
2 1358
2 1359
2 1360
2 1361
2 1362
2 1363
2 1364
2 1365
2 1366
2 1367
2 1368
2 1369
2 1370
2 1371
2 1372
2 1373
2 1374
2 1375
2 1376
2 1377
2 1378
2 1379
2 1380
2 1381
2 1382
2 1383
2 1384
2 1385
2 1386
2 1387
2 1388
2 1389
2 1390
2 1391
2 1392
2 1393
2 1394
2 1395
2 1396
2 1397
2 1398
2 1399
2 1400
2 1401
2 1402
2 1403
2 1404
2 1405
2 1406
2 1407
2 1408
2 1409
2 1410
2 1411
2 1412
2 1413
2 1414
2 1415
2 1416
2 1417
2 1418
2 1419
2 1420
2 1421
2 1422
2 1423
2 1424
2 1425
2 1426
2 1427
2 1428
2 1429
2 1430
2 1431
2 1432
2 1433
2 1434
2 1435
2 1436
2 1437
2 1438
2 1439
2 1440
2 1441
2 1442
2 1443
2 1444
2 1445
2 1446
2 1447
2 1448
2 1449
2 1450
2 1451
2 1452
2 1453
2 1454
2 1455
2 1456
2 1457
2 1458
2 1459
2 1460
2 1461
2 1462
2 1463
2 1464
2 1465
2 1466
2 1467
2 1468
2 1469
2 1470
2 1471
2 1472
2 1473
2 1474
2 1475
2 1476
2 1477
2 1478
2 1479
2 1480
2 1481
2 1482
2 1483
2 1484
2 1485
2 1486
2 1487
2 1488
2 1489
2 1490
2 1491
2 1492
2 1493
2 1494
2 1495
2 1496
2 1497
2 1498
2 1499
2 1500
2 1501
2 1502
2 1503
2 1504
2 1505
2 1506
2 1507
2 1508
2 1509
2 1510
2 1511
2 1512
2 1513
2 1514
2 1515
2 1516
2 1517
2 1518
2 1519
2 1520
2 1521
2 1522
2 1523
2 1524
2 1525
2 1526
2 1527
2 1528
2 1529
2 1530
2 1531
2 1532
2 1533
2 1534
2 1535
2 1536
2 1537
2 1538
2 1539
2 1540
2 1541
2 1542
2 1543
2 1544
2 1545
2 1546
2 1547
2 1548
2 1549
2 1550
2 1551
2 1552
2 1553
2 1554
2 1555
2 1556
2 1557
2 1558
2 1559
2 1560
2 1561
2 1562
2 1563
2 1564
2 1565
2 1566
2 1567
2 1568
2 1569
2 1570
2 1571
2 1572
2 1573
2 1574
2 1575
2 1576
2 1577
2 1578
2 1579
2 1580
2 1581
2 1582
2 1583
2 1584
2 1585
2 1586
2 1587
2 1588
2 1589
2 1590
2 1591
2 1592
2 1593
2 1594
2 1595
2 1596
2 1597
2 1598
2 1599
2 1600
2 1601
2 1602
2 1603
2 1604
2 1605
2 1606
2 1607
2 1608
2 1609
2 1610
2 1611
2 1612
2 1613
2 1614
2 1615
2 1616
2 1617
2 1618
2 1619
2 1620
2 1621
2 1622
2 1623
2 1624
2 1625
2 1626
2 1627
2 1628
2 1629
2 1630
2 1631
2 1632
2 1633
2 1634
2 1635
2 1636
2 1637
2 1638
2 1639
2 1640
2 1641
2 1642
2 1643
2 1644
2 1645
2 1646
2 1647
2 1648
2 1649
2 1650
2 1651
2 1652
2 1653
2 1654
2 1655
2 1656
2 1657
2 1658
2 1659
2 1660
2 1661
2 1662
2 1663
2 1664
2 1665
2 1666
2 1667
2 1668
2 1669
2 1670
2 1671
2 1672
2 1673
2 1674
2 1675
2 1676
2 1677
2 1678
2 1679
2 1680
2 1681
2 1682
2 1683
2 1684
2 1685
2 1686
2 1687
2 1688
2 1689
2 1690
2 1691
2 1692
2 1693
2 1694
2 1695
2 1696
2 1697
2 1698
2 1699
2 1700
2 1701
2 1702
2 1703
2 1704
2 1705
2 1706
2 1707
2 1708
2 1709
2 1710
2 1711
2 1712
2 1713
2 1714
2 1715
2 1716
2 1717
2 1718
2 1719
2 1720
2 1721
2 1722
2 1723
2 1724
2 1725
2 1726
2 1727
2 1728
2 1729
2 1730
2 1731
2 1732
2 1733
2 1734
2 1735
2 1736
2 1737
2 1738
2 1739
2 1740
2 1741
2 1742
2 1743
2 1744
2 1745
2 1746
2 1747
2 1748
2 1749
2 1750
2 1751
2 1752
2 1753
2 1754
2 1755
2 1756
2 1757
2 1758
2 1759
2 1760
2 1761
2 1762
2 1763
2 1764
2 1765
2 1766
2 1767
2 1768
2 1769
2 1770
2 1771
2 1772
2 1773
2 1774
2 1775
2 1776
2 1777
2 1778
2 1779
2 1780
2 1781
2 1782
2 1783
2 1784
2 1785
2 1786
2 1787
2 1788
2 1789
2 1790
2 1791
2 1792
2 1793
2 1794
2 1795
2 1796
2 1797
2 1798
2 1799
2 1800
2 1801
2 1802
2 1803
2 1804
2 1805
3 11
3 14
3 67
3 68
3 69
3 1806
3 1807
3 1808
3 1809
3 1810
3 1811
3 1812
3 1813
3 1814
3 1815
3 1816
3 1817
3 1818
3 1819
3 1820
3 1821
3 1822
3 1823
3 1824
3 1825
3 1826
3 1827
3 1828
3 1829
3 1830
3 1831
3 1832
3 1833
3 1834
3 1835
3 1836
3 1837
3 1838
3 1839
3 1840
3 1841
3 1842
3 1843
3 1844
3 1845
3 1846
3 1847
3 1848
3 1849
3 1850
3 1851
3 1852
3 1853
3 1854
3 1855
3 1856
3 1857
3 1858
3 1859
3 1860
3 1861
3 1862
3 1863
3 1864
3 1865
3 1866
3 1867
3 1868
3 1869
3 1870
3 1871
3 1872
3 1873
3 1874
3 1875
3 1876
3 1877
3 1878
3 1879
3 1880
3 1881
3 1882
3 1883
3 1884
3 1885
3 1886
3 1887
3 1888
3 1889
3 1890
3 1891
3 1892
3 1893
3 1894
3 1895
3 1896
3 1897
3 1898
3 1899
3 1900
3 1901
3 1902
3 1903
3 1904
3 1905
3 1906
3 1907
3 1908
3 1909
3 1910
3 1911
3 1912
3 1913
3 1914
3 1915
3 1916
3 1917
3 1918
3 1919
3 1920
3 1921
3 1922
3 1923
3 1924
3 1925
3 1926
3 1927
3 1928
3 1929
3 1930
3 1931
3 1932
3 1933
3 1934
3 1935
3 1936
3 1937
3 1938
3 1939
3 1940
3 1941
3 1942
3 1943
3 1944
3 1945
3 1946
3 1947
3 1948
3 1949
3 1950
3 1951
3 1952
3 1953
3 1954
3 1955
3 1956
3 1957
3 1958
3 1959
3 1960
3 1961
3 1962
3 1963
3 1964
3 1965
3 1966
3 1967
3 1968
3 1969
3 1970
3 1971
3 1972
3 1973
3 1974
3 1975
3 1976
3 1977
3 1978
3 1979
3 1980
3 1981
3 1982
3 1983
3 1984
3 1985
3 1986
3 1987
3 1988
3 1989
3 1990
3 1991
3 1992
3 1993
3 1994
3 1995
3 1996
3 1997
3 1998
3 1999
4 6
4 9
4 10
4 12
4 13
4 14
4 34
4 35
4 36
4 37
4 38
4 39
4 40
4 41
4 42
4 43
4 44
4 45
4 46
4 47
4 48
4 53
4 54
4 55
4 56
4 57
4 67
4 154
4 155
4 156
4 157
4 158
4 159
4 160
4 161
4 162
4 163
4 164
4 165
4 166
4 167
4 168
4 169
4 170
4 171
4 172
4 173
4 174
4 175
4 176
4 177
4 178
4 179
4 180
4 181
4 182
4 183
4 184
4 185
4 186
4 187
4 188
4 189
4 190
4 191
4 192
4 193
4 194
4 195
4 196
4 197
4 198
4 199
4 200
5 8
5 15
5 16
5 17
5 18
5 19
5 20
5 21
5 22
5 23
5 24
5 25
5 26
5 27
5 28
5 29
5 30
5 31
5 32
5 33
5 100
5 101
5 102
5 103
5 104
5 105
5 106
5 107
5 108
5 109
5 110
5 111
5 112
5 113
5 114
5 115
5 116
5 117
5 118
5 119
5 120
5 121
5 122
5 123
5 124
5 125
5 126
5 127
5 128
5 129
5 130
5 131
5 132
5 133
5 134
5 135
5 136
5 137
5 138
5 139
5 140
5 141
5 142
5 143
5 144
5 145
5 146
5 147
5 148
6 9
6 10
6 12
6 13
6 14
6 34
6 35
6 36
6 37
6 38
6 39
6 40
6 41
6 42
6 43
6 44
6 45
6 46
6 47
6 48
6 51
6 52
6 149
6 150
6 151
6 152
6 153
7 66
7 201
7 202
7 203
7 204
7 205
7 206
7 207
7 208
7 209
7 210
7 211
7 212
7 213
7 214
7 215
7 216
8 15
8 16
8 17
8 18
8 19
8 20
8 21
8 22
8 23
8 24
8 25
8 26
8 27
8 28
8 29
8 30
8 31
8 32
8 33
8 49
8 70
8 71
8 72
8 73
8 74
8 75
8 76
8 77
8 78
8 79
8 80
8 81
8 82
8 83
8 84
8 85
8 86
8 87
8 88
8 89
8 90
8 91
8 92
8 93
8 94
8 95
8 96
8 97
8 98
8 99
