0 1
0 2
0 3
0 4
0 5
0 6
0 7
0 8
0 9
0 11
0 12
0 13
0 14
0 15
0 16
0 17
0 19
0 20
0 23
0 24
0 25
0 26
0 27
0 29
0 30
0 31
0 32
0 33
0 34
0 36
0 37
0 38
0 42
0 43
0 45
0 46
0 47
0 48
0 52
0 53
0 58
0 59
0 62
0 63
0 66
0 67
0 69
0 70
0 71
0 72
0 74
0 76
0 77
0 78
0 80
0 81
0 82
0 83
0 84
0 85
0 86
0 87
0 88
0 89
0 90
0 91
0 92
0 93
0 94
0 95
0 96
0 97
0 98
0 100
0 101
0 102
0 103
0 105
0 106
0 107
0 108
0 109
0 110
0 111
0 112
0 113
0 114
0 115
0 116
0 117
0 119
0 120
0 121
0 122
0 123
0 124
0 125
0 126
0 127
0 128
0 129
0 130
0 131
0 132
0 133
0 135
0 136
0 137
0 138
0 139
0 140
0 141
0 142
0 143
0 144
0 145
0 147
0 148
0 149
0 150
0 152
0 153
0 154
0 155
0 156
0 157
0 158
0 159
0 160
0 161
0 162
0 163
0 164
0 165
0 166
0 167
0 168
0 169
0 170
0 171
0 172
0 173
0 174
0 175
0 176
0 178
0 179
0 180
0 181
0 182
0 183
0 184
0 185
0 186
0 187
0 188
0 189
0 190
0 191
0 193
0 194
0 195
0 196
0 198
0 199
0 200
0 201
0 202
0 203
0 204
0 206
0 207
0 208
0 209
0 210
0 211
0 212
0 213
0 214
0 215
0 216
0 217
0 218
0 219
0 220
0 221
0 222
0 223
0 224
0 225
0 226
0 227
0 228
0 229
0 230
0 231
0 232
0 233
0 234
0 235
0 236
0 237
0 238
0 239
0 240
0 241
0 242
0 243
0 244
0 245
0 246
0 247
0 248
0 249
0 250
0 251
0 252
0 253
0 254
0 255
0 256
0 257
0 258
0 259
0 260
0 261
0 262
0 263
0 264
0 265
0 266
0 268
0 270
0 271
0 272
0 273
0 274
0 275
0 276
0 277
0 278
0 280
0 281
0 283
0 284
0 285
0 286
0 287
0 288
0 289
0 290
0 291
0 292
0 293
0 294
0 295
0 296
0 298
0 299
0 300
0 301
0 302
0 305
0 306
0 307
0 308
0 309
0 310
0 311
0 312
0 313
0 314
0 315
0 316
0 317
0 318
0 319
0 320
0 321
0 322
0 323
0 324
0 325
0 326
0 327
0 328
0 329
0 330
0 331
0 332
0 333
0 334
0 335
0 336
0 337
0 338
0 340
0 341
0 342
0 343
0 344
0 345
0 346
0 347
0 348
0 349
0 350
0 351
0 352
0 353
0 354
0 355
0 356
0 357
0 358
0 359
0 360
0 361
0 362
0 363
0 364
0 365
0 366
0 367
0 368
0 369
0 370
0 371
0 372
0 373
0 374
0 375
0 376
0 377
0 378
0 379
0 380
0 381
0 382
0 383
0 384
0 385
0 386
0 387
0 388
0 389
0 391
0 392
0 393
0 394
0 395
0 396
0 398
0 399
0 400
0 401
0 403
0 404
0 405
0 406
0 407
0 408
0 409
0 410
0 411
0 412
0 413
0 415
0 417
0 418
0 419
0 420
0 422
0 423
0 424
0 425
0 426
0 427
0 428
0 429
0 430
0 431
0 432
0 433
0 434
0 435
0 436
0 437
0 438
0 439
0 440
0 441
0 442
0 443
0 444
0 445
0 446
0 447
0 448
0 449
0 450
0 451
0 453
0 454
0 455
0 456
0 457
0 458
0 459
0 460
0 461
0 462
0 463
0 464
0 465
0 466
0 467
0 468
0 469
0 470
0 471
0 472
0 473
0 474
0 475
0 476
0 477
0 478
0 479
0 480
0 481
0 482
0 483
0 484
0 485
0 486
0 487
0 488
0 489
0 490
0 492
0 493
0 494
0 495
0 496
0 497
0 498
0 499
0 500
0 501
0 502
0 503
0 504
0 505
0 506
0 507
0 508
0 509
0 510
0 511
0 512
0 513
0 514
0 515
0 516
0 517
0 518
0 519
0 520
0 521
0 522
0 523
0 524
0 525
0 526
0 527
0 528
0 529
0 530
0 531
0 532
0 533
0 534
0 535
0 536
0 537
0 538
0 539
0 540
0 541
0 542
0 543
0 544
0 545
0 546
0 547
0 548
0 549
0 550
0 551
0 552
0 553
0 554
0 555
0 556
0 557
0 558
0 559
0 560
0 561
0 562
0 563
0 564
0 565
0 566
0 567
0 568
0 569
0 570
0 571
0 572
0 573
0 574
0 575
0 576
0 577
0 578
0 579
0 580
0 581
0 582
0 583
0 584
0 585
0 586
0 587
0 588
0 589
0 590
0 591
0 592
0 593
0 594
0 595
0 596
0 597
0 598
0 599
0 600
0 601
0 603
0 605
0 606
0 607
0 608
0 609
0 610
0 611
0 612
0 613
0 614
0 615
0 616
0 618
0 619
0 620
0 621
0 622
0 623
0 624
0 625
0 626
0 627
0 628
0 629
0 630
0 631
0 632
0 633
0 634
0 635
0 636
0 637
0 638
0 639
0 640
0 641
0 642
0 643
0 644
0 645
0 646
0 648
0 649
0 650
0 651
0 652
0 653
0 654
0 655
0 656
0 657
0 658
0 659
0 660
0 661
0 662
0 663
0 664
0 665
0 666
0 667
0 668
0 669
0 670
0 671
0 672
0 673
0 674
0 675
0 676
0 677
0 678
0 679
0 680
0 681
0 682
0 683
0 684
0 685
0 686
0 687
0 688
0 689
0 690
0 691
0 692
0 693
0 694
0 695
0 696
0 697
0 698
0 699
0 700
0 701
0 702
0 703
0 704
0 705
0 706
0 707
0 708
0 709
0 710
0 711
0 712
0 713
0 714
0 715
0 716
0 717
0 718
0 719
0 720
0 721
0 722
0 723
0 724
0 725
0 726
0 727
0 728
0 729
0 730
0 731
0 732
0 733
0 734
0 735
0 736
0 737
0 738
0 740
0 741
0 742
0 743
0 744
0 745
0 746
0 747
0 748
0 749
0 750
0 751
0 752
0 753
0 754
0 755
0 756
0 757
0 758
0 759
0 760
0 761
0 762
0 763
0 764
0 765
0 767
0 768
0 769
0 771
0 772
0 773
0 774
0 775
0 776
0 777
0 778
0 779
0 780
0 781
0 782
0 783
0 784
0 785
0 786
0 787
0 788
0 789
0 790
0 791
0 792
0 793
0 794
0 795
0 796
0 797
0 798
0 799
0 800
0 801
0 802
0 803
0 804
0 805
0 807
0 808
0 809
0 810
0 811
0 812
0 813
0 814
0 816
0 817
0 818
0 819
0 820
0 821
0 822
0 823
0 824
0 825
0 826
0 827
0 828
0 829
0 831
0 832
0 833
0 834
0 835
0 836
0 837
0 838
0 839
0 840
0 841
0 842
0 843
0 844
0 845
0 846
0 847
0 848
0 849
0 850
0 851
0 852
0 853
0 854
0 855
0 856
0 857
0 858
0 859
0 860
0 861
0 862
0 863
0 864
0 865
0 866
0 867
0 868
0 869
0 870
0 871
0 872
0 874
0 875
0 876
0 877
0 878
0 879
0 880
0 881
0 882
0 883
0 884
0 885
0 886
0 887
0 888
0 889
0 890
0 891
0 892
0 893
0 894
0 895
0 896
0 897
0 899
0 900
0 901
0 902
0 903
0 904
0 905
0 906
0 907
0 908
0 909
0 910
0 911
0 912
0 913
0 915
0 916
0 918
0 919
0 920
0 921
0 922
0 924
0 925
0 926
0 927
0 928
0 929
0 930
0 931
0 932
0 933
0 934
0 935
0 936
0 937
0 938
0 939
0 940
0 941
0 942
0 943
0 944
0 945
0 946
0 947
0 948
0 949
0 950
0 951
0 952
0 953
0 954
0 955
0 956
0 957
0 958
0 960
0 961
0 962
0 963
0 964
0 965
0 966
0 967
0 970
0 971
0 972
0 973
0 974
0 975
0 976
0 977
0 978
0 979
0 980
0 981
0 982
0 983
0 984
0 985
0 986
0 987
0 988
0 989
0 990
0 991
0 992
0 993
0 994
0 995
0 996
0 999
1 2
1 3
1 4
1 5
1 6
1 8
1 9
1 11
1 12
1 13
1 14
1 15
1 16
1 17
1 19
1 20
1 21
1 23
1 24
1 25
1 26
1 27
1 28
1 29
1 30
1 31
1 32
1 33
1 34
1 36
1 37
1 38
1 39
1 42
1 43
1 46
1 47
1 48
1 52
1 53
1 55
1 56
1 57
1 59
1 61
1 62
1 63
1 66
1 67
1 69
1 72
1 74
1 76
1 77
1 78
1 80
1 81
1 82
1 83
1 84
1 86
1 88
1 89
1 90
1 91
1 93
1 94
1 95
1 96
1 97
1 98
1 100
1 102
1 103
1 105
1 106
1 107
1 108
1 109
1 110
1 111
1 112
1 113
1 114
1 115
1 116
1 117
1 119
1 120
1 121
1 122
1 123
1 124
1 125
1 126
1 127
1 128
1 129
1 130
1 131
1 132
1 133
1 135
1 136
1 137
1 138
1 139
1 140
1 141
1 142
1 143
1 144
1 145
1 147
1 148
1 149
1 150
1 151
1 152
1 153
1 154
1 155
1 156
1 157
1 158
1 159
1 160
1 161
1 162
1 163
1 164
1 165
1 168
1 169
1 170
1 171
1 172
1 173
1 174
1 175
1 176
1 178
1 179
1 180
1 181
1 182
1 183
1 184
1 185
1 186
1 187
1 188
1 189
1 190
1 191
1 193
1 194
1 195
1 196
1 197
1 198
1 199
1 200
1 201
1 202
1 203
1 204
1 205
1 206
1 207
1 208
1 209
1 210
1 211
1 212
1 213
1 214
1 215
1 216
1 217
1 218
1 219
1 220
1 221
1 223
1 224
1 225
1 226
1 227
1 228
1 229
1 230
1 231
1 232
1 233
1 234
1 235
1 236
1 237
1 238
1 239
1 240
1 242
1 243
1 245
1 246
1 247
1 248
1 249
1 250
1 251
1 252
1 253
1 254
1 255
1 257
1 258
1 259
1 260
1 261
1 262
1 265
1 268
1 269
1 270
1 271
1 272
1 280
1 282
1 284
1 285
1 286
1 292
1 293
1 296
1 298
1 299
1 300
1 301
1 302
1 303
1 304
1 305
1 310
1 311
1 312
1 316
1 317
1 318
1 319
1 320
1 321
1 322
1 330
1 332
1 333
1 334
1 335
1 336
1 337
1 338
1 340
1 341
1 342
1 343
1 344
1 345
1 346
1 347
1 348
1 349
1 350
1 351
1 352
1 353
1 354
1 355
1 357
1 358
1 359
1 361
1 362
1 363
1 364
1 365
1 366
1 367
1 368
1 369
1 370
1 371
1 372
1 373
1 374
1 375
1 376
1 377
1 379
1 380
1 381
1 382
1 383
1 384
1 385
1 386
1 387
1 388
1 389
1 391
1 392
1 393
1 394
1 395
1 396
1 399
1 403
1 404
1 405
1 406
1 407
1 408
1 409
1 410
1 411
1 412
1 413
1 414
1 415
1 417
1 418
1 419
1 420
1 422
1 423
1 424
1 425
1 426
1 427
1 428
1 429
1 430
1 431
1 432
1 433
1 434
1 435
1 436
1 438
1 439
1 440
1 441
1 442
1 443
1 444
1 445
1 447
1 448
1 449
1 450
1 451
1 453
1 454
1 455
1 456
1 457
1 458
1 459
1 460
1 461
1 462
1 463
1 464
1 465
1 466
1 467
1 468
1 469
1 471
1 472
1 473
1 474
1 475
1 476
1 477
1 478
1 479
1 480
1 481
1 482
1 483
1 484
1 485
1 486
1 487
1 488
1 489
1 490
1 492
1 493
1 494
1 495
1 496
1 497
1 498
1 499
1 500
1 501
1 502
1 503
1 504
1 505
1 506
1 507
1 508
1 509
1 510
1 511
1 512
1 513
1 514
1 515
1 516
1 517
1 518
1 519
1 520
1 524
1 525
1 526
1 527
1 528
1 529
1 530
1 531
1 532
1 533
1 534
1 535
1 536
1 537
1 538
1 539
1 540
1 541
1 542
1 543
1 544
1 545
1 546
1 547
1 548
1 550
1 551
1 552
1 553
1 554
1 555
1 556
1 557
1 558
1 559
1 560
1 561
1 562
1 563
1 564
1 565
1 566
1 567
1 568
1 569
1 570
1 571
1 572
1 573
1 574
1 575
1 576
1 577
1 578
1 579
1 580
1 581
1 582
1 583
1 584
1 585
1 586
1 587
1 588
1 589
1 590
1 591
1 592
1 593
1 594
1 595
1 596
1 597
1 598
1 599
1 600
1 601
1 603
1 606
1 607
1 608
1 609
1 610
1 611
1 612
1 613
1 614
1 615
1 616
1 618
1 619
1 620
1 621
1 622
1 623
1 624
1 625
1 626
1 627
1 628
1 629
1 630
1 631
1 632
1 633
1 634
1 635
1 636
1 637
1 638
1 639
1 640
1 641
1 642
1 643
1 644
1 645
1 646
1 648
1 649
1 650
1 651
1 652
1 653
1 654
1 655
1 656
1 657
1 658
1 659
1 660
1 661
1 662
1 663
1 664
1 665
1 666
1 667
1 668
1 669
1 670
1 671
1 672
1 673
1 674
1 675
1 676
1 677
1 678
1 679
1 680
1 681
1 682
1 683
1 684
1 685
1 686
1 687
1 688
1 689
1 690
1 691
1 692
1 693
1 694
1 695
1 696
1 697
1 698
1 699
1 700
1 701
1 702
1 703
1 704
1 705
1 706
1 707
1 708
1 709
1 710
1 711
1 712
1 713
1 714
1 715
1 716
1 717
1 718
1 719
1 720
1 721
1 722
1 723
1 724
1 725
1 727
1 728
1 729
1 730
1 731
1 732
1 733
1 734
1 735
1 736
1 737
1 738
1 740
1 741
1 742
1 743
1 744
1 745
1 746
1 747
1 748
1 749
1 750
1 751
1 752
1 753
1 754
1 755
1 756
1 757
1 758
1 759
1 760
1 761
1 762
1 763
1 764
1 765
1 767
1 768
1 769
1 772
1 773
1 774
1 775
1 776
1 777
1 778
1 779
1 780
1 781
1 782
1 783
1 784
1 785
1 786
1 787
1 788
1 789
1 790
1 791
1 792
1 793
1 794
1 795
1 796
1 797
1 798
1 800
1 801
1 802
1 803
1 804
1 805
1 806
1 807
1 808
1 809
1 810
1 812
1 813
1 814
1 816
1 817
1 818
1 819
1 820
1 821
1 822
1 823
1 824
1 825
1 832
1 833
1 835
1 836
1 837
1 838
1 839
1 840
1 841
1 842
1 843
1 844
1 845
1 846
1 847
1 848
1 849
1 850
1 851
1 852
1 853
1 854
1 855
1 856
1 857
1 858
1 859
1 860
1 861
1 862
1 863
1 864
1 865
1 866
1 867
1 868
1 869
1 870
1 871
1 872
1 874
1 875
1 876
1 877
1 878
1 879
1 880
1 881
1 882
1 883
1 884
1 885
1 886
1 887
1 888
1 889
1 890
1 891
1 892
1 893
1 894
1 895
1 900
1 901
1 902
1 903
1 904
1 905
1 906
1 907
1 908
1 909
1 910
1 911
1 912
1 913
1 915
1 918
1 919
1 920
1 921
1 922
1 924
1 925
1 926
1 927
1 928
1 929
1 930
1 931
1 932
1 933
1 934
1 935
1 936
1 937
1 938
1 939
1 940
1 941
1 942
1 943
1 944
1 945
1 946
1 947
1 948
1 949
1 950
1 951
1 952
1 953
1 954
1 955
1 956
1 957
1 958
1 961
1 962
1 963
1 964
1 965
1 966
1 970
1 971
1 972
1 973
1 974
1 975
1 976
1 977
1 978
1 979
1 980
1 981
1 984
1 985
1 986
1 987
1 988
1 989
1 990
1 991
1 992
1 993
1 994
1 996
2 3
2 4
2 5
2 6
2 7
2 8
2 9
2 11
2 12
2 13
2 14
2 15
2 16
2 17
2 19
2 20
2 23
2 24
2 25
2 26
2 27
2 29
2 30
2 31
2 32
2 33
2 34
2 36
2 37
2 38
2 42
2 43
2 46
2 47
2 48
2 52
2 53
2 59
2 63
2 66
2 67
2 69
2 72
2 74
2 76
2 77
2 78
2 80
2 81
2 83
2 84
2 86
2 88
2 89
2 90
2 91
2 93
2 94
2 95
2 96
2 97
2 98
2 100
2 103
2 105
2 106
2 107
2 108
2 109
2 110
2 111
2 112
2 113
2 114
2 115
2 116
2 117
2 119
2 120
2 121
2 122
2 123
2 124
2 125
2 126
2 127
2 128
2 129
2 130
2 131
2 132
2 133
2 135
2 136
2 137
2 138
2 139
2 140
2 141
2 142
2 143
2 144
2 145
2 147
2 148
2 149
2 150
2 152
2 153
2 154
2 155
2 156
2 157
2 158
2 159
2 160
2 161
2 162
2 163
2 164
2 165
2 168
2 170
2 171
2 172
2 173
2 174
2 175
2 176
2 178
2 179
2 180
2 181
2 182
2 183
2 184
2 185
2 186
2 187
2 188
2 189
2 190
2 191
2 193
2 194
2 195
2 196
2 197
2 198
2 199
2 200
2 201
2 202
2 204
2 206
2 207
2 208
2 209
2 210
2 211
2 212
2 213
2 214
2 215
2 216
2 218
2 219
2 220
2 221
2 223
2 224
2 225
2 226
2 227
2 228
2 229
2 230
2 231
2 232
2 233
2 234
2 235
2 236
2 238
2 239
2 240
2 242
2 243
2 245
2 246
2 247
2 248
2 249
2 250
2 251
2 252
2 253
2 255
2 257
2 258
2 259
2 261
2 262
2 268
2 282
2 284
2 285
2 292
2 293
2 298
2 299
2 300
2 301
2 302
2 303
2 305
2 310
2 311
2 312
2 317
2 318
2 319
2 320
2 321
2 322
2 330
2 333
2 334
2 335
2 336
2 337
2 338
2 340
2 341
2 342
2 343
2 344
2 347
2 348
2 349
2 350
2 351
2 352
2 353
2 354
2 355
2 357
2 358
2 359
2 361
2 362
2 363
2 364
2 365
2 366
2 367
2 368
2 369
2 370
2 371
2 372
2 373
2 375
2 376
2 377
2 379
2 380
2 381
2 382
2 383
2 384
2 385
2 386
2 387
2 388
2 389
2 391
2 392
2 393
2 394
2 395
2 396
2 399
2 403
2 404
2 405
2 406
2 407
2 408
2 409
2 410
2 411
2 412
2 413
2 415
2 417
2 418
2 419
2 422
2 423
2 424
2 425
2 426
2 427
2 432
2 433
2 434
2 435
2 436
2 438
2 439
2 440
2 441
2 442
2 443
2 444
2 445
2 447
2 448
2 449
2 451
2 453
2 454
2 455
2 456
2 457
2 458
2 459
2 460
2 461
2 462
2 463
2 464
2 465
2 466
2 467
2 468
2 469
2 471
2 472
2 473
2 474
2 475
2 476
2 477
2 478
2 479
2 480
2 482
2 483
2 484
2 485
2 486
2 487
2 488
2 489
2 490
2 492
2 493
2 494
2 495
2 496
2 497
2 499
2 500
2 501
2 502
2 503
2 504
2 505
2 506
2 507
2 508
2 509
2 510
2 511
2 512
2 513
2 514
2 515
2 516
2 517
2 518
2 519
2 520
2 525
2 526
2 527
2 528
2 529
2 530
2 531
2 532
2 533
2 534
2 535
2 536
2 537
2 538
2 539
2 540
2 541
2 542
2 543
2 544
2 545
2 546
2 547
2 548
2 550
2 551
2 552
2 553
2 554
2 555
2 556
2 557
2 558
2 559
2 560
2 561
2 562
2 563
2 564
2 565
2 566
2 567
2 568
2 569
2 570
2 571
2 572
2 573
2 574
2 575
2 576
2 577
2 578
2 579
2 580
2 581
2 582
2 583
2 584
2 585
2 586
2 587
2 588
2 589
2 590
2 591
2 592
2 593
2 594
2 595
2 596
2 597
2 598
2 599
2 600
2 601
2 606
2 607
2 608
2 609
2 610
2 611
2 612
2 613
2 614
2 615
2 616
2 618
2 619
2 620
2 621
2 622
2 623
2 624
2 625
2 626
2 627
2 628
2 629
2 630
2 631
2 632
2 633
2 634
2 635
2 636
2 637
2 638
2 639
2 640
2 641
2 642
2 643
2 644
2 645
2 646
2 648
2 649
2 650
2 651
2 652
2 653
2 654
2 655
2 656
2 657
2 658
2 659
2 660
2 661
2 662
2 663
2 664
2 665
2 666
2 667
2 668
2 669
2 670
2 671
2 672
2 673
2 674
2 675
2 676
2 677
2 678
2 679
2 680
2 681
2 682
2 683
2 684
2 685
2 686
2 687
2 688
2 689
2 690
2 691
2 692
2 693
2 694
2 695
2 696
2 697
2 698
2 699
2 700
2 701
2 702
2 703
2 704
2 705
2 706
2 707
2 708
2 709
2 710
2 711
2 712
2 713
2 714
2 715
2 716
2 717
2 718
2 719
2 720
2 721
2 722
2 723
2 724
2 725
2 726
2 727
2 728
2 729
2 730
2 731
2 732
2 733
2 734
2 735
2 736
2 737
2 738
2 740
2 741
2 742
2 743
2 744
2 745
2 746
2 747
2 748
2 749
2 750
2 751
2 752
2 753
2 754
2 755
2 756
2 757
2 758
2 759
2 760
2 761
2 762
2 763
2 764
2 765
2 767
2 768
2 769
2 772
2 773
2 774
2 775
2 776
2 777
2 778
2 779
2 780
2 781
2 782
2 783
2 784
2 785
2 786
2 787
2 788
2 789
2 790
2 791
2 792
2 793
2 794
2 795
2 796
2 797
2 798
2 800
2 801
2 802
2 803
2 804
2 805
2 807
2 808
2 809
2 810
2 812
2 813
2 814
2 816
2 817
2 818
2 819
2 820
2 821
2 822
2 823
2 824
2 825
2 832
2 833
2 835
2 836
2 837
2 838
2 839
2 840
2 841
2 842
2 843
2 844
2 845
2 846
2 847
2 848
2 849
2 850
2 851
2 852
2 853
2 854
2 855
2 856
2 857
2 858
2 859
2 860
2 861
2 862
2 863
2 864
2 865
2 866
2 867
2 868
2 869
2 870
2 871
2 872
2 874
2 875
2 876
2 877
2 878
2 879
2 880
2 881
2 882
2 883
2 884
2 885
2 886
2 887
2 888
2 889
2 890
2 891
2 892
2 893
2 894
2 895
2 900
2 901
2 902
2 903
2 904
2 905
2 906
2 907
2 908
2 909
2 910
2 911
2 912
2 913
2 915
2 918
2 919
2 920
2 921
2 922
2 924
2 925
2 926
2 927
2 928
2 929
2 930
2 931
2 932
2 933
2 934
2 935
2 936
2 937
2 938
2 939
2 940
2 941
2 942
2 943
2 944
2 945
2 946
2 947
2 948
2 949
2 950
2 951
2 952
2 953
2 954
2 955
2 956
2 957
2 958
2 961
2 962
2 963
2 964
2 965
2 966
2 970
2 971
2 972
2 973
2 974
2 975
2 976
2 977
2 978
2 979
2 980
2 981
2 984
2 985
2 986
2 987
2 988
2 989
2 990
2 991
2 992
2 993
2 994
2 996
3 6
3 9
3 13
3 16
3 19
3 36
3 38
3 67
3 69
3 72
3 74
3 84
3 91
3 93
3 94
3 95
3 97
3 103
3 105
3 106
3 108
3 109
3 110
3 111
3 113
3 114
3 116
3 117
3 119
3 120
3 121
3 122
3 123
3 124
3 125
3 126
3 127
3 128
3 129
3 130
3 131
3 132
3 133
3 135
3 136
3 137
3 138
3 139
3 140
3 141
3 143
3 144
3 145
3 147
3 148
3 150
3 154
3 157
3 158
3 159
3 160
3 163
3 164
3 172
3 184
3 185
3 191
3 192
3 213
3 223
3 285
3 394
3 418
3 433
3 435
3 464
3 477
3 478
3 485
3 499
3 505
3 506
3 507
3 508
3 515
3 528
3 531
3 546
3 552
3 567
3 573
3 576
3 583
3 584
3 585
3 616
3 619
3 620
3 621
3 623
3 624
3 625
3 636
3 637
3 638
3 640
3 642
3 644
3 687
3 694
3 703
3 705
3 706
3 707
3 724
3 725
3 729
3 730
3 738
3 742
3 743
3 745
3 748
3 752
3 753
3 754
3 755
3 756
3 757
3 760
3 763
3 767
4 6
4 9
4 13
4 16
4 19
4 36
4 38
4 67
4 69
4 72
4 74
4 84
4 91
4 93
4 94
4 95
4 97
4 103
4 105
4 106
4 108
4 109
4 110
4 111
4 113
4 114
4 116
4 117
4 119
4 120
4 121
4 122
4 123
4 124
4 125
4 126
4 127
4 128
4 129
4 130
4 131
4 132
4 133
4 135
4 136
4 137
4 138
4 139
4 140
4 141
4 143
4 144
4 145
4 147
4 148
4 150
4 154
4 157
4 158
4 159
4 160
4 163
4 164
4 172
4 184
4 185
4 191
4 192
4 213
4 418
4 433
4 435
4 464
4 477
4 478
4 485
4 499
4 505
4 506
4 507
4 508
4 515
4 528
4 531
4 546
4 552
4 567
4 573
4 576
4 583
4 584
4 585
4 616
4 619
4 620
4 621
4 623
4 624
4 625
4 636
4 637
4 638
4 640
4 642
4 644
4 687
4 694
4 703
4 705
4 706
4 707
4 722
4 724
4 725
4 729
4 730
4 738
4 742
4 743
4 745
4 748
4 752
4 753
4 754
4 755
4 756
4 757
4 760
4 763
4 767
4 917
5 9
5 11
5 14
5 16
5 17
5 19
5 20
5 30
5 35
5 36
5 37
5 38
5 40
5 46
5 60
5 72
5 74
5 79
5 84
5 91
5 93
5 94
5 95
5 97
5 103
5 105
5 106
5 109
5 110
5 111
5 113
5 114
5 116
5 117
5 119
5 120
5 121
5 122
5 123
5 124
5 125
5 126
5 127
5 128
5 129
5 130
5 131
5 132
5 133
5 135
5 136
5 138
5 139
5 140
5 141
5 143
5 144
5 145
5 147
5 148
5 154
5 157
5 158
5 159
5 160
5 163
5 164
5 171
5 208
5 214
5 224
5 241
5 257
5 258
5 259
5 298
5 300
5 317
5 318
5 333
5 347
5 348
5 350
5 351
5 364
5 365
5 366
5 367
5 368
5 369
5 370
5 380
5 381
5 382
5 384
5 386
5 387
5 388
5 389
5 406
5 407
5 408
5 409
5 411
5 412
5 413
5 443
5 444
5 608
5 609
5 610
5 611
5 648
5 649
5 712
6 7
6 69
6 150
6 152
6 172
6 184
6 185
6 191
6 213
6 353
6 354
6 418
6 427
6 433
6 435
6 464
6 477
6 478
6 485
6 499
6 505
6 506
6 507
6 508
6 515
6 528
6 531
6 546
6 552
6 567
6 573
6 576
6 583
6 584
6 585
6 616
6 619
6 620
6 621
6 623
6 624
6 625
6 636
6 637
6 638
6 640
6 642
6 644
6 687
6 694
6 703
6 705
6 706
6 707
6 724
6 725
6 729
6 730
6 738
6 742
6 743
6 745
6 748
6 752
6 753
6 754
6 755
6 756
6 757
6 760
6 763
6 767
7 8
7 9
7 11
7 13
7 14
7 15
7 17
7 19
7 20
7 27
7 33
7 43
7 52
7 59
7 90
7 104
7 108
7 112
7 149
7 153
7 156
7 161
7 167
7 182
7 183
7 198
7 204
7 219
7 220
7 221
7 226
7 227
7 228
7 229
7 237
7 257
7 274
7 275
7 276
7 277
7 290
7 294
7 295
7 313
7 314
7 315
7 320
7 330
7 331
7 335
7 337
7 344
7 349
7 360
7 415
7 420
7 423
7 442
7 454
7 455
7 456
7 457
7 459
7 470
7 479
7 481
7 492
7 502
7 504
7 510
7 511
7 518
7 520
7 549
7 570
7 608
7 609
7 610
7 611
7 612
7 613
7 627
7 628
7 629
7 630
7 647
7 718
7 726
7 741
7 779
7 791
7 793
7 813
7 820
7 821
7 824
7 847
7 860
7 861
7 892
7 947
7 965
8 9
8 11
8 16
8 19
8 36
8 38
8 45
8 46
8 72
8 74
8 84
8 91
8 93
8 94
8 95
8 97
8 103
8 105
8 106
8 109
8 110
8 111
8 113
8 114
8 116
8 117
8 119
8 120
8 121
8 122
8 123
8 124
8 125
8 126
8 127
8 128
8 129
8 130
8 131
8 132
8 133
8 135
8 136
8 138
8 139
8 140
8 141
8 143
8 144
8 145
8 147
8 148
8 154
8 157
8 158
8 159
8 160
8 163
8 164
8 168
8 171
8 173
8 180
8 181
8 186
8 188
8 189
8 190
8 198
8 199
8 200
8 201
8 202
8 206
8 207
8 208
8 209
8 210
8 211
8 212
8 214
8 215
8 216
8 224
8 241
8 257
8 258
8 259
8 286
8 298
8 350
8 364
8 365
8 366
8 367
8 368
8 370
8 380
8 382
8 386
8 387
8 388
8 408
8 409
8 411
8 412
8 443
8 444
8 445
8 520
8 607
8 612
8 613
9 10
9 11
9 12
9 13
9 14
9 15
9 16
9 17
9 19
9 20
9 21
9 22
9 26
9 29
9 30
9 31
9 32
9 34
9 35
9 36
9 37
9 38
9 40
9 41
9 42
9 43
9 44
9 45
9 47
9 49
9 50
9 51
9 52
9 53
9 54
9 60
9 72
9 74
9 84
9 91
9 93
9 94
9 95
9 97
9 103
9 105
9 106
9 109
9 110
9 111
9 113
9 114
9 116
9 117
9 119
9 120
9 121
9 122
9 123
9 124
9 125
9 126
9 127
9 128
9 129
9 130
9 131
9 132
9 133
9 135
9 136
9 138
9 139
9 140
9 141
9 143
9 144
9 145
9 147
9 148
9 154
9 157
9 158
9 159
9 160
9 162
9 163
9 164
9 165
9 178
9 208
9 241
9 286
9 298
9 299
9 301
9 319
9 333
9 335
9 336
9 351
9 363
9 379
9 381
9 384
9 389
9 404
9 406
9 407
9 413
9 445
9 459
9 487
9 493
9 520
9 607
9 608
9 609
9 610
9 611
9 612
9 613
9 614
9 648
9 649
9 719
9 721
9 824
10 16
10 19
10 31
10 36
10 38
10 63
10 72
10 74
10 84
10 91
10 93
10 94
10 95
10 97
10 103
10 105
10 106
10 109
10 110
10 111
10 113
10 114
10 116
10 117
10 119
10 120
10 121
10 122
10 123
10 124
10 125
10 126
10 127
10 128
10 129
10 130
10 131
10 132
10 133
10 135
10 136
10 138
10 139
10 140
10 141
10 143
10 144
10 145
10 147
10 148
10 154
10 157
10 158
10 159
10 160
10 163
10 164
10 168
10 173
10 180
10 181
10 186
10 188
10 189
10 190
10 198
10 199
10 200
10 201
10 202
10 206
10 207
10 209
10 210
10 211
10 212
10 215
10 216
10 298
10 334
10 350
10 364
10 365
10 410
10 415
10 488
10 491
10 709
10 716
10 775
10 777
10 778
10 781
10 783
10 836
10 845
10 846
10 848
10 849
10 851
11 14
11 15
11 16
11 19
11 34
11 36
11 38
11 49
11 72
11 74
11 79
11 84
11 85
11 87
11 91
11 93
11 94
11 95
11 97
11 103
11 105
11 106
11 109
11 110
11 111
11 113
11 114
11 116
11 117
11 119
11 120
11 121
11 122
11 123
11 124
11 125
11 126
11 127
11 128
11 129
11 130
11 131
11 132
11 133
11 135
11 136
11 138
11 139
11 140
11 141
11 143
11 144
11 145
11 147
11 148
11 154
11 157
11 158
11 159
11 160
11 163
11 164
11 173
11 180
11 181
11 186
11 188
11 189
11 190
11 198
11 199
11 200
11 201
11 202
11 206
11 207
11 209
11 210
11 211
11 212
11 214
11 215
11 216
11 224
11 241
11 257
11 259
11 261
11 351
11 358
11 381
11 384
11 389
11 403
11 407
11 413
11 440
11 441
11 445
11 457
11 648
11 649
12 16
12 19
12 36
12 38
12 46
12 72
12 74
12 84
12 91
12 93
12 94
12 95
12 97
12 103
12 105
12 106
12 109
12 110
12 111
12 112
12 113
12 114
12 116
12 117
12 119
12 120
12 121
12 122
12 123
12 124
12 125
12 126
12 127
12 128
12 129
12 130
12 131
12 132
12 133
12 135
12 136
12 138
12 139
12 140
12 141
12 143
12 144
12 145
12 147
12 148
12 154
12 157
12 158
12 159
12 160
12 163
12 164
12 171
12 208
12 214
12 258
12 259
12 298
12 350
12 351
12 364
12 365
12 366
12 367
12 368
12 370
12 380
12 381
12 382
12 384
12 386
12 387
12 388
12 389
12 407
12 408
12 409
12 411
12 412
12 413
12 443
12 444
13 16
13 17
13 19
13 31
13 36
13 38
13 52
13 53
13 68
13 72
13 74
13 84
13 89
13 91
13 93
13 94
13 95
13 97
13 103
13 105
13 106
13 109
13 110
13 111
13 113
13 114
13 116
13 117
13 119
13 120
13 121
13 122
13 123
13 124
13 125
13 126
13 127
13 128
13 129
13 130
13 131
13 132
13 133
13 135
13 136
13 138
13 139
13 140
13 141
13 143
13 144
13 145
13 147
13 148
13 154
13 157
13 158
13 159
13 160
13 163
13 164
13 168
13 173
13 180
13 181
13 186
13 188
13 189
13 190
13 198
13 199
13 200
13 201
13 202
13 206
13 207
13 209
13 210
13 211
13 212
13 215
13 216
13 265
13 280
13 342
13 401
13 426
13 453
13 504
13 633
13 749
13 750
13 751
13 801
13 808
13 809
14 16
14 19
14 26
14 36
14 38
14 72
14 74
14 84
14 91
14 93
14 94
14 95
14 97
14 103
14 105
14 106
14 109
14 110
14 111
14 113
14 114
14 116
14 117
14 119
14 120
14 121
14 122
14 123
14 124
14 125
14 126
14 127
14 128
14 129
14 130
14 131
14 132
14 133
14 135
14 136
14 138
14 139
14 140
14 141
14 143
14 144
14 145
14 147
14 148
14 154
14 157
14 158
14 159
14 160
14 163
14 164
14 168
14 173
14 180
14 181
14 186
14 188
14 189
14 190
14 198
14 199
14 200
14 201
14 202
14 206
14 207
14 209
14 210
14 211
14 212
14 215
14 216
14 223
14 241
14 351
14 363
14 379
14 384
14 404
14 407
14 413
14 709
15 16
15 19
15 32
15 36
15 38
15 72
15 74
15 84
15 85
15 87
15 91
15 93
15 94
15 95
15 97
15 103
15 105
15 106
15 109
15 110
15 111
15 113
15 114
15 116
15 117
15 119
15 120
15 121
15 122
15 123
15 124
15 125
15 126
15 127
15 128
15 129
15 130
15 131
15 132
15 133
15 135
15 136
15 138
15 139
15 140
15 141
15 143
15 144
15 145
15 147
15 148
15 154
15 157
15 158
15 159
15 160
15 163
15 164
15 173
15 178
15 180
15 181
15 186
15 188
15 189
15 190
15 198
15 199
15 200
15 201
15 202
15 206
15 207
15 209
15 210
15 211
15 212
15 215
15 216
15 224
15 241
15 257
15 319
15 359
15 396
16 17
16 19
16 20
16 21
16 22
16 26
16 27
16 29
16 30
16 31
16 34
16 35
16 36
16 37
16 38
16 41
16 42
16 43
16 44
16 45
16 47
16 49
16 50
16 51
16 52
16 53
16 54
16 72
16 74
16 84
16 91
16 93
16 94
16 95
16 97
16 103
16 105
16 106
16 109
16 110
16 111
16 113
16 114
16 116
16 117
16 119
16 120
16 121
16 122
16 123
16 124
16 125
16 126
16 127
16 128
16 129
16 130
16 131
16 132
16 133
16 135
16 136
16 138
16 139
16 140
16 141
16 143
16 144
16 145
16 147
16 148
16 154
16 157
16 158
16 159
16 160
16 163
16 164
16 286
16 300
16 317
16 318
16 333
16 347
16 348
16 369
16 459
16 520
16 607
16 612
16 613
16 614
17 19
17 20
17 36
17 38
17 42
17 43
17 48
17 57
17 72
17 74
17 84
17 91
17 93
17 94
17 95
17 97
17 103
17 105
17 106
17 108
17 109
17 110
17 111
17 113
17 114
17 116
17 117
17 119
17 120
17 121
17 122
17 123
17 124
17 125
17 126
17 127
17 128
17 129
17 130
17 131
17 132
17 133
17 135
17 136
17 138
17 139
17 140
17 141
17 143
17 144
17 145
17 147
17 148
17 154
17 157
17 158
17 159
17 160
17 163
17 164
17 168
17 173
17 180
17 181
17 186
17 188
17 189
17 190
17 198
17 199
17 200
17 201
17 202
17 206
17 207
17 209
17 210
17 211
17 212
17 215
17 216
17 223
17 241
17 261
17 363
17 995
18 31
18 36
18 38
18 46
18 72
18 74
18 84
18 91
18 93
18 97
18 103
18 105
18 111
18 117
18 119
18 120
18 123
18 127
18 136
18 145
18 157
18 158
18 159
18 160
18 164
18 171
18 173
18 180
18 181
18 186
18 188
18 189
18 190
18 198
18 199
18 200
18 201
18 202
18 206
18 207
18 208
18 209
18 210
18 211
18 212
18 214
18 215
18 216
18 258
18 259
18 298
18 350
18 364
18 365
18 366
18 367
18 368
18 370
18 380
18 382
18 386
18 387
18 388
18 403
18 408
18 409
18 411
18 412
18 441
18 443
18 444
19 20
19 21
19 22
19 26
19 27
19 29
19 30
19 31
19 32
19 34
19 35
19 36
19 37
19 38
19 40
19 41
19 42
19 43
19 44
19 45
19 46
19 47
19 49
19 50
19 51
19 52
19 53
19 54
19 59
19 64
19 65
19 66
19 72
19 74
19 84
19 95
19 97
19 105
19 117
19 120
19 123
19 127
19 136
19 145
19 168
19 171
19 208
19 214
19 258
19 259
19 298
19 299
19 335
19 350
19 364
19 365
19 366
19 367
19 368
19 370
19 380
19 382
19 383
19 386
19 387
19 388
19 408
19 409
19 411
19 412
19 443
19 444
19 445
19 489
19 606
20 36
20 38
20 72
20 74
20 84
20 91
20 93
20 94
20 95
20 97
20 103
20 105
20 106
20 109
20 110
20 111
20 113
20 114
20 116
20 117
20 119
20 120
20 121
20 122
20 123
20 124
20 125
20 126
20 127
20 128
20 129
20 130
20 131
20 132
20 133
20 135
20 136
20 138
20 139
20 140
20 141
20 143
20 144
20 145
20 147
20 148
20 154
20 157
20 158
20 159
20 160
20 163
20 164
20 173
20 180
20 181
20 186
20 188
20 189
20 190
20 198
20 199
20 200
20 201
20 202
20 206
20 207
20 209
20 210
20 211
20 212
20 215
20 216
20 241
21 28
21 36
21 38
21 57
21 72
21 74
21 84
21 91
21 93
21 94
21 95
21 97
21 103
21 105
21 106
21 109
21 110
21 111
21 113
21 114
21 116
21 117
21 119
21 120
21 121
21 122
21 123
21 124
21 125
21 126
21 127
21 128
21 129
21 130
21 131
21 132
21 133
21 135
21 136
21 137
21 138
21 139
21 140
21 141
21 143
21 144
21 145
21 147
21 148
21 153
21 154
21 157
21 158
21 159
21 160
21 163
21 164
21 168
21 193
21 217
21 251
21 272
21 282
21 284
21 303
21 340
21 374
21 393
21 423
21 453
21 454
21 603
21 643
21 771
21 799
21 814
22 36
22 38
22 72
22 74
22 84
22 91
22 93
22 94
22 95
22 97
22 103
22 105
22 106
22 109
22 110
22 111
22 113
22 114
22 116
22 117
22 119
22 120
22 121
22 122
22 123
22 124
22 125
22 126
22 127
22 128
22 129
22 130
22 131
22 132
22 133
22 135
22 136
22 138
22 139
22 140
22 141
22 143
22 144
22 145
22 147
22 148
22 154
22 157
22 158
22 159
22 160
22 163
22 164
22 165
22 173
22 180
22 181
22 186
22 188
22 189
22 190
22 198
22 199
22 200
22 201
22 202
22 206
22 207
22 209
22 210
22 211
22 212
22 215
22 216
22 224
22 410
22 784
22 789
22 843
22 857
23 24
23 25
23 33
23 77
23 83
23 104
23 115
23 134
23 167
23 194
23 219
23 220
23 221
23 226
23 227
23 228
23 229
23 234
23 237
23 246
23 247
23 256
23 274
23 275
23 276
23 277
23 290
23 291
23 293
23 294
23 295
23 309
23 313
23 314
23 315
23 330
23 331
23 344
23 360
23 361
23 399
23 434
23 460
23 462
23 463
23 465
23 466
23 467
23 468
23 469
23 470
23 471
23 472
23 473
23 474
23 475
23 476
23 479
23 480
23 481
23 482
23 525
23 526
23 527
23 529
23 530
23 533
23 534
23 535
23 536
23 537
23 538
23 539
23 540
23 541
23 542
23 543
23 544
23 545
23 547
23 548
23 549
23 550
23 551
23 553
23 554
23 555
23 556
23 557
23 558
23 559
23 560
23 561
23 562
23 563
23 564
23 565
23 566
23 568
23 569
23 570
23 571
23 572
23 574
23 575
23 577
23 578
23 579
23 580
23 581
23 582
23 586
23 587
23 588
23 589
23 590
23 591
23 592
23 593
23 594
23 595
23 596
23 597
23 598
23 599
23 600
23 650
23 651
23 652
23 653
23 654
23 655
23 656
23 657
23 658
23 659
23 660
23 661
23 662
23 663
23 664
23 665
23 666
23 667
23 668
23 669
23 670
23 671
23 672
23 674
23 675
23 676
23 677
23 678
23 679
23 680
23 681
23 682
23 683
23 684
23 685
23 688
23 689
23 690
23 691
23 692
23 695
23 696
23 697
23 698
23 699
23 969
24 25
24 33
24 58
24 67
24 76
24 80
24 115
24 134
24 179
24 193
24 194
24 204
24 219
24 220
24 221
24 226
24 227
24 228
24 229
24 230
24 233
24 234
24 235
24 236
24 242
24 243
24 245
24 246
24 247
24 248
24 250
24 253
24 262
24 292
24 293
24 310
24 311
24 312
24 322
24 330
24 343
24 353
24 354
24 356
24 361
24 390
24 399
24 434
24 446
24 460
24 462
24 463
24 465
24 466
24 467
24 468
24 469
24 471
24 472
24 473
24 474
24 475
24 476
24 479
24 480
24 482
24 483
24 525
24 526
24 527
24 529
24 530
24 533
24 534
24 535
24 536
24 537
24 538
24 539
24 540
24 541
24 542
24 543
24 544
24 545
24 547
24 548
24 550
24 551
24 553
24 554
24 555
24 556
24 557
24 558
24 559
24 560
24 561
24 562
24 563
24 564
24 565
24 566
24 568
24 569
24 570
24 571
24 572
24 574
24 575
24 577
24 578
24 579
24 580
24 581
24 582
24 586
24 587
24 588
24 589
24 590
24 591
24 592
24 593
24 594
24 595
24 596
24 597
24 598
24 599
24 600
24 650
24 651
24 652
24 653
24 654
24 655
24 656
24 657
24 658
24 659
24 660
24 661
24 662
24 663
24 664
24 665
24 666
24 667
24 668
24 669
24 670
24 671
24 672
24 674
24 675
24 677
24 679
24 680
24 681
24 682
24 683
24 684
24 685
24 688
24 689
24 690
24 691
24 692
24 695
24 696
24 697
24 698
24 699
24 726
25 33
25 48
25 58
25 76
25 115
25 134
25 179
25 193
25 204
25 219
25 220
25 221
25 226
25 227
25 228
25 229
25 230
25 233
25 234
25 235
25 236
25 242
25 243
25 245
25 246
25 247
25 248
25 250
25 253
25 262
25 292
25 293
25 310
25 311
25 312
25 322
25 330
25 343
25 344
25 353
25 354
25 356
25 361
25 399
25 434
25 446
25 460
25 462
25 463
25 465
25 466
25 467
25 468
25 469
25 471
25 472
25 473
25 474
25 475
25 476
25 479
25 480
25 482
25 483
25 525
25 526
25 527
25 529
25 530
25 533
25 534
25 535
25 536
25 537
25 538
25 539
25 540
25 541
25 542
25 543
25 544
25 545
25 547
25 548
25 550
25 551
25 553
25 554
25 555
25 556
25 557
25 558
25 559
25 560
25 561
25 562
25 563
25 564
25 565
25 566
25 567
25 568
25 569
25 570
25 571
25 572
25 574
25 575
25 577
25 578
25 579
25 580
25 581
25 582
25 586
25 587
25 588
25 589
25 590
25 591
25 592
25 593
25 594
25 595
25 596
25 597
25 598
25 599
25 600
25 650
25 651
25 652
25 653
25 654
25 655
25 656
25 657
25 658
25 659
25 660
25 661
25 662
25 663
25 664
25 665
25 666
25 667
25 668
25 669
25 670
25 671
25 672
25 674
25 675
25 677
25 679
25 680
25 681
25 682
25 683
25 684
25 685
25 688
25 689
25 690
25 691
25 692
25 695
25 696
25 697
25 698
25 699
25 726
26 34
26 36
26 38
26 72
26 74
26 84
26 91
26 93
26 94
26 95
26 97
26 103
26 105
26 106
26 109
26 110
26 111
26 113
26 114
26 116
26 117
26 119
26 120
26 121
26 122
26 123
26 124
26 125
26 126
26 127
26 128
26 129
26 130
26 131
26 132
26 133
26 135
26 136
26 138
26 139
26 140
26 141
26 143
26 144
26 145
26 147
26 148
26 154
26 157
26 158
26 159
26 160
26 163
26 164
26 241
26 825
27 36
27 38
27 40
27 68
27 72
27 74
27 84
27 91
27 93
27 94
27 95
27 97
27 103
27 105
27 106
27 109
27 110
27 111
27 113
27 114
27 116
27 117
27 119
27 120
27 121
27 122
27 123
27 124
27 125
27 126
27 127
27 128
27 129
27 130
27 131
27 132
27 133
27 135
27 136
27 138
27 139
27 140
27 141
27 143
27 144
27 145
27 147
27 148
27 154
27 157
27 168
27 208
27 298
27 351
27 381
27 384
27 389
27 407
27 413
28 55
28 184
28 231
28 265
28 279
28 280
28 296
28 332
28 345
28 346
28 375
28 378
28 398
28 423
28 454
28 455
28 456
28 502
28 503
28 505
28 506
28 507
28 508
28 616
28 631
28 704
28 741
28 744
28 746
28 747
28 804
28 805
28 807
28 833
28 864
28 871
29 36
29 38
29 42
29 43
29 53
29 72
29 74
29 84
29 91
29 93
29 94
29 95
29 97
29 103
29 105
29 106
29 109
29 110
29 111
29 113
29 114
29 116
29 117
29 119
29 120
29 121
29 122
29 123
29 124
29 125
29 126
29 127
29 128
29 129
29 130
29 131
29 132
29 133
29 135
29 136
29 138
29 139
29 140
29 141
29 143
29 144
29 145
29 147
29 148
29 154
29 157
29 158
29 159
29 160
29 163
29 164
29 241
29 519
29 822
29 823
30 34
30 35
30 36
30 37
30 38
30 47
30 72
30 74
30 84
30 91
30 93
30 94
30 95
30 97
30 103
30 105
30 106
30 109
30 110
30 111
30 113
30 114
30 116
30 117
30 119
30 120
30 121
30 122
30 123
30 124
30 125
30 126
30 127
30 128
30 129
30 130
30 131
30 132
30 133
30 135
30 136
30 138
30 139
30 140
30 141
30 143
30 144
30 145
30 147
30 148
30 154
30 157
30 158
30 159
30 160
30 163
30 164
30 241
30 398
30 406
30 445
30 824
31 36
31 38
31 42
31 43
31 72
31 74
31 84
31 85
31 87
31 88
31 89
31 91
31 92
31 93
31 94
31 95
31 97
31 103
31 105
31 106
31 109
31 110
31 111
31 113
31 114
31 116
31 117
31 119
31 120
31 121
31 122
31 123
31 124
31 125
31 126
31 127
31 128
31 129
31 130
31 131
31 132
31 133
31 135
31 136
31 138
31 139
31 140
31 141
31 143
31 144
31 145
31 147
31 148
31 154
31 157
31 158
31 159
31 160
31 163
31 164
31 198
31 199
31 201
31 403
31 406
32 36
32 38
32 41
32 72
32 74
32 84
32 93
32 94
32 95
32 97
32 103
32 105
32 106
32 109
32 110
32 111
32 113
32 114
32 116
32 117
32 119
32 120
32 121
32 122
32 123
32 124
32 125
32 126
32 127
32 128
32 129
32 130
32 131
32 132
32 133
32 135
32 136
32 138
32 139
32 140
32 141
32 143
32 144
32 145
32 178
32 218
32 224
32 257
32 319
32 410
32 516
32 714
32 715
32 718
32 782
32 788
32 850
32 853
32 855
33 58
33 76
33 77
33 78
33 81
33 104
33 115
33 134
33 167
33 194
33 219
33 220
33 221
33 226
33 227
33 228
33 229
33 234
33 237
33 274
33 275
33 276
33 277
33 287
33 290
33 291
33 294
33 295
33 308
33 309
33 313
33 314
33 315
33 327
33 328
33 330
33 331
33 344
33 360
33 433
33 460
33 462
33 463
33 465
33 466
33 467
33 468
33 469
33 470
33 471
33 472
33 473
33 474
33 475
33 476
33 479
33 480
33 481
33 482
33 483
33 525
33 526
33 527
33 529
33 530
33 534
33 535
33 536
33 538
33 540
33 542
33 544
33 545
33 547
33 548
33 549
33 550
33 551
33 554
33 556
33 558
33 566
33 569
33 572
33 574
33 575
33 579
33 581
33 586
33 597
33 600
33 650
33 652
33 653
33 654
33 655
33 656
33 657
33 658
33 660
33 661
33 663
33 664
33 665
33 666
33 667
33 668
33 670
33 671
33 672
33 675
33 677
33 682
33 684
33 685
33 690
33 691
33 692
33 695
33 696
33 699
33 969
34 36
34 37
34 38
34 47
34 72
34 74
34 84
34 91
34 93
34 94
34 95
34 97
34 103
34 105
34 106
34 109
34 110
34 111
34 113
34 114
34 116
34 117
34 119
34 120
34 121
34 122
34 123
34 124
34 125
34 126
34 127
34 128
34 129
34 130
34 131
34 132
34 133
34 135
34 136
34 138
34 139
34 140
34 141
34 143
34 144
34 145
34 147
34 148
34 154
34 157
34 158
34 159
34 160
34 163
34 164
34 241
35 36
35 37
35 38
35 72
35 74
35 84
35 91
35 93
35 94
35 95
35 97
35 103
35 105
35 106
35 109
35 110
35 111
35 113
35 114
35 116
35 117
35 119
35 120
35 121
35 122
35 123
35 124
35 125
35 126
35 127
35 128
35 129
35 130
35 131
35 132
35 133
35 135
35 136
35 138
35 139
35 140
35 141
35 143
35 144
35 145
35 147
35 148
35 154
35 157
35 158
35 159
35 160
35 163
35 164
35 241
35 406
36 37
36 38
36 40
36 41
36 42
36 43
36 44
36 45
36 47
36 49
36 50
36 51
36 52
36 53
36 54
36 59
36 64
36 65
36 66
36 72
36 74
36 84
36 93
36 94
36 95
36 97
36 103
36 105
36 106
36 109
36 110
36 111
36 113
36 114
36 116
36 117
36 119
36 120
36 121
36 122
36 123
36 124
36 125
36 126
36 127
36 128
36 129
36 130
36 131
36 132
36 133
36 135
36 136
36 138
36 139
36 140
36 141
36 143
36 144
36 145
37 38
37 47
37 72
37 74
37 84
37 91
37 93
37 94
37 95
37 97
37 103
37 105
37 106
37 109
37 110
37 111
37 113
37 114
37 116
37 117
37 119
37 120
37 121
37 122
37 123
37 124
37 125
37 126
37 127
37 128
37 129
37 130
37 131
37 132
37 133
37 135
37 136
37 138
37 139
37 140
37 141
37 143
37 144
37 145
37 147
37 148
37 154
37 157
37 158
37 159
37 160
37 163
37 164
37 241
38 40
38 41
38 42
38 43
38 44
38 45
38 47
38 49
38 50
38 51
38 52
38 53
38 54
38 59
38 64
38 65
38 66
38 72
38 74
38 84
38 93
38 94
38 95
38 97
38 103
38 105
38 106
38 109
38 110
38 111
38 113
38 114
38 116
38 117
38 119
38 120
38 121
38 122
38 123
38 124
38 125
38 126
38 127
38 128
38 129
38 130
38 131
38 132
38 133
38 135
38 136
38 138
38 139
38 140
38 141
38 143
38 144
38 145
38 162
39 869
39 895
39 900
39 901
39 904
39 905
39 910
39 911
39 912
39 920
39 921
39 926
39 927
39 945
39 948
39 951
39 953
39 954
39 955
39 957
39 958
39 962
39 964
39 966
40 72
40 74
40 84
40 93
40 94
40 95
40 97
40 103
40 105
40 106
40 109
40 110
40 111
40 113
40 114
40 116
40 117
40 119
40 120
40 121
40 122
40 123
40 124
40 125
40 126
40 127
40 128
40 129
40 130
40 131
40 132
40 133
40 135
40 136
40 138
40 139
40 140
40 141
40 143
40 144
40 145
40 154
40 168
40 351
40 381
40 384
40 389
40 407
40 413
41 72
41 74
41 84
41 91
41 93
41 94
41 95
41 97
41 103
41 105
41 106
41 109
41 110
41 111
41 113
41 114
41 116
41 117
41 119
41 120
41 121
41 122
41 123
41 124
41 125
41 126
41 127
41 128
41 129
41 130
41 131
41 132
41 133
41 135
41 136
41 138
41 139
41 140
41 141
41 143
41 144
41 145
41 147
41 148
41 154
41 157
41 158
41 159
41 160
41 163
41 164
41 218
41 224
41 410
42 43
42 72
42 74
42 84
42 91
42 93
42 94
42 95
42 97
42 103
42 105
42 106
42 109
42 110
42 111
42 113
42 114
42 116
42 117
42 119
42 120
42 121
42 122
42 123
42 124
42 125
42 126
42 127
42 128
42 129
42 130
42 131
42 132
42 133
42 135
42 136
42 138
42 139
42 140
42 141
42 143
42 144
42 145
42 147
42 148
42 154
42 157
42 158
42 159
42 160
42 163
42 164
43 72
43 74
43 84
43 91
43 93
43 94
43 95
43 97
43 103
43 105
43 106
43 109
43 110
43 111
43 113
43 114
43 116
43 117
43 119
43 120
43 121
43 122
43 123
43 124
43 125
43 126
43 127
43 128
43 129
43 130
43 131
43 132
43 133
43 135
43 136
43 138
43 139
43 140
43 141
43 143
43 144
43 145
43 147
43 148
43 154
43 157
43 158
43 159
43 160
43 163
43 164
44 72
44 74
44 84
44 91
44 93
44 94
44 95
44 97
44 103
44 105
44 106
44 109
44 110
44 111
44 113
44 114
44 116
44 117
44 119
44 120
44 121
44 122
44 123
44 124
44 125
44 126
44 127
44 128
44 129
44 130
44 131
44 132
44 133
44 135
44 136
44 138
44 139
44 140
44 141
44 143
44 144
44 145
44 147
44 148
44 154
44 157
44 158
44 159
44 160
44 162
44 163
44 164
45 72
45 74
45 84
45 91
45 93
45 94
45 95
45 97
45 103
45 105
45 106
45 109
45 110
45 111
45 113
45 114
45 116
45 117
45 119
45 120
45 121
45 122
45 123
45 124
45 125
45 126
45 127
45 128
45 129
45 130
45 131
45 132
45 133
45 135
45 136
45 138
45 139
45 140
45 141
45 143
45 144
45 145
45 147
45 148
45 154
45 157
45 286
45 520
45 607
45 612
46 168
46 171
46 208
46 214
46 258
46 259
46 298
46 299
46 350
46 364
46 365
46 366
46 367
46 368
46 370
46 380
46 382
46 386
46 387
46 388
46 408
46 409
46 411
46 412
46 443
46 444
47 68
47 72
47 74
47 84
47 91
47 93
47 94
47 95
47 97
47 103
47 105
47 106
47 109
47 110
47 111
47 113
47 114
47 116
47 117
47 119
47 120
47 121
47 122
47 123
47 124
47 125
47 126
47 127
47 128
47 129
47 130
47 131
47 132
47 133
47 135
47 136
47 138
47 139
47 140
47 141
47 143
47 144
47 145
47 147
47 148
47 154
47 157
47 158
47 159
47 160
47 163
47 164
48 90
48 98
48 137
48 174
48 176
48 232
48 238
48 239
48 251
48 268
48 299
48 341
48 355
48 377
48 395
48 398
48 417
48 448
48 495
48 518
48 521
48 601
48 602
48 632
48 641
48 702
48 704
48 719
48 723
48 799
48 800
48 818
48 819
49 72
49 74
49 84
49 91
49 93
49 94
49 95
49 97
49 103
49 105
49 106
49 109
49 110
49 111
49 113
49 114
49 116
49 117
49 119
49 120
49 121
49 122
49 123
49 124
49 125
49 126
49 127
49 128
49 129
49 130
49 131
49 132
49 133
49 135
49 136
49 138
49 139
49 140
49 141
49 143
49 144
49 145
49 147
49 148
49 154
49 157
49 158
49 159
49 160
49 163
49 164
49 517
50 72
50 74
50 84
50 91
50 93
50 94
50 95
50 97
50 103
50 105
50 106
50 109
50 110
50 111
50 113
50 114
50 116
50 117
50 119
50 120
50 121
50 122
50 123
50 124
50 125
50 126
50 127
50 128
50 129
50 130
50 131
50 132
50 133
50 135
50 136
50 138
50 139
50 140
50 141
50 143
50 144
50 145
50 147
50 148
50 154
50 157
50 158
50 159
50 160
50 163
50 164
50 178
50 218
50 488
51 72
51 74
51 84
51 91
51 93
51 94
51 95
51 97
51 103
51 105
51 106
51 109
51 110
51 111
51 113
51 114
51 116
51 117
51 119
51 120
51 121
51 122
51 123
51 124
51 125
51 126
51 127
51 128
51 129
51 130
51 131
51 132
51 133
51 135
51 136
51 138
51 139
51 140
51 141
51 143
51 144
51 145
51 147
51 148
51 154
51 157
51 158
51 159
51 160
51 163
51 164
52 72
52 74
52 84
52 91
52 93
52 94
52 95
52 97
52 103
52 105
52 106
52 109
52 110
52 111
52 113
52 114
52 116
52 117
52 119
52 120
52 121
52 122
52 123
52 124
52 125
52 126
52 127
52 128
52 129
52 130
52 131
52 132
52 133
52 135
52 136
52 138
52 139
52 140
52 141
52 143
52 144
52 145
52 147
52 148
52 154
52 157
52 158
52 159
52 160
52 163
52 164
53 72
53 74
53 84
53 91
53 93
53 94
53 95
53 97
53 103
53 105
53 106
53 109
53 110
53 111
53 113
53 114
53 116
53 117
53 119
53 120
53 121
53 122
53 123
53 124
53 125
53 126
53 127
53 128
53 129
53 130
53 131
53 132
53 133
53 135
53 136
53 138
53 139
53 140
53 141
53 143
53 144
53 145
53 147
53 148
53 154
53 157
53 158
53 159
53 160
53 163
53 164
54 72
54 74
54 84
54 91
54 93
54 94
54 95
54 97
54 103
54 105
54 106
54 109
54 110
54 111
54 113
54 114
54 116
54 117
54 119
54 120
54 121
54 122
54 123
54 124
54 125
54 126
54 127
54 128
54 129
54 130
54 131
54 132
54 133
54 135
54 136
54 138
54 139
54 140
54 141
54 143
54 144
54 145
54 147
54 148
54 154
54 157
54 158
54 159
54 160
54 163
54 164
55 91
55 147
55 148
55 231
55 240
55 282
55 284
55 303
55 359
55 392
55 393
55 455
55 456
55 501
55 503
55 626
55 762
55 771
55 959
55 960
56 61
56 84
56 98
56 137
56 153
56 168
56 223
56 251
56 269
56 341
56 398
56 440
56 453
56 501
56 626
56 632
56 774
56 779
56 799
56 811
56 891
56 961
57 137
57 152
57 153
57 168
57 174
57 176
57 195
57 239
57 261
57 270
57 320
57 352
57 374
57 395
57 427
57 603
57 633
57 639
57 643
57 762
57 960
58 71
58 76
58 77
58 78
58 80
58 81
58 83
58 86
58 115
58 166
58 167
58 179
58 193
58 194
58 204
58 219
58 220
58 221
58 222
58 226
58 227
58 228
58 229
58 230
58 233
58 234
58 235
58 236
58 237
58 242
58 243
58 244
58 245
58 247
58 248
58 250
58 253
58 254
58 255
58 256
58 262
58 263
58 264
58 273
58 274
58 275
58 276
58 277
58 278
58 287
58 288
58 289
58 290
58 291
58 292
58 294
58 295
58 306
58 307
58 308
58 309
58 310
58 311
58 312
58 313
58 314
58 315
58 322
58 323
58 324
58 325
58 326
58 327
58 328
58 329
58 330
58 331
58 343
58 344
58 356
58 360
58 400
58 460
58 461
58 462
58 463
58 464
58 465
58 466
58 467
58 468
58 469
58 470
58 471
58 472
58 473
58 474
58 475
58 476
58 480
58 481
58 482
58 549
58 582
58 770
59 60
59 72
59 74
59 84
59 93
59 94
59 95
59 97
59 103
59 105
59 106
59 109
59 110
59 111
59 113
59 114
59 116
59 117
59 119
59 120
59 121
59 122
59 123
59 124
59 125
59 126
59 127
59 128
59 129
59 130
59 131
59 132
59 133
59 135
59 136
59 138
59 139
59 140
59 141
59 143
59 144
59 145
59 205
59 336
59 383
60 93
60 95
60 103
60 111
60 113
60 114
60 119
60 121
60 122
60 125
60 128
60 129
60 130
60 131
60 133
60 138
60 139
60 141
60 168
60 299
60 335
60 379
60 383
60 404
60 608
60 609
60 610
60 611
60 847
61 70
61 82
61 85
61 87
61 173
61 181
61 186
61 188
61 189
61 190
61 206
61 223
61 300
61 317
61 318
61 333
61 347
61 348
61 369
61 379
61 404
61 774
61 779
62 99
62 101
62 102
62 169
62 238
62 265
62 280
62 296
62 332
62 345
62 346
62 428
62 429
62 430
62 431
62 484
62 625
63 64
63 126
63 154
63 200
63 298
63 350
63 364
63 365
63 366
63 380
63 488
63 644
63 715
63 783
63 836
63 846
63 848
63 849
64 72
64 74
64 84
64 93
64 94
64 95
64 97
64 103
64 105
64 106
64 109
64 110
64 111
64 113
64 114
64 116
64 117
64 119
64 120
64 121
64 122
64 123
64 124
64 125
64 126
64 127
64 128
64 129
64 130
64 131
64 132
64 133
64 135
64 136
64 138
64 139
64 140
64 141
64 143
64 144
64 145
65 72
65 74
65 84
65 93
65 94
65 95
65 97
65 103
65 105
65 106
65 109
65 110
65 111
65 113
65 114
65 116
65 117
65 119
65 120
65 121
65 122
65 123
65 124
65 125
65 126
65 127
65 128
65 129
65 130
65 131
65 132
65 133
65 135
65 136
65 138
65 139
65 140
65 141
65 143
65 144
65 145
66 72
66 74
66 84
66 93
66 94
66 95
66 97
66 103
66 105
66 106
66 109
66 110
66 111
66 113
66 114
66 116
66 117
66 119
66 120
66 121
66 122
66 123
66 124
66 125
66 126
66 127
66 128
66 129
66 130
66 131
66 132
66 133
66 135
66 136
66 138
66 139
66 140
66 141
66 143
66 144
66 145
67 137
67 174
67 232
67 268
67 285
67 355
67 373
67 394
67 395
67 436
67 450
67 518
67 602
67 641
67 818
67 819
68 153
68 161
68 187
68 240
68 252
68 261
68 357
68 358
68 395
68 415
68 420
68 423
68 425
68 426
68 494
68 504
68 736
69 150
69 172
69 184
69 191
69 418
69 435
69 485
69 499
69 515
69 567
69 623
69 624
69 636
69 637
69 638
69 642
69 644
69 693
69 706
69 725
69 738
69 742
69 756
69 760
69 767
70 82
70 118
70 146
70 223
70 300
70 317
70 318
70 333
70 347
70 348
70 362
70 369
70 403
70 441
71 76
71 77
71 78
71 80
71 81
71 83
71 86
71 104
71 115
71 166
71 167
71 179
71 193
71 194
71 204
71 219
71 220
71 221
71 222
71 226
71 227
71 228
71 229
71 230
71 233
71 234
71 235
71 236
71 242
71 243
71 245
71 247
71 248
71 250
71 253
71 254
71 256
71 262
71 263
71 264
71 273
71 274
71 275
71 276
71 277
71 278
71 287
71 288
71 289
71 290
71 291
71 294
71 295
71 306
71 307
71 308
71 309
71 312
71 313
71 314
71 315
71 323
71 324
71 325
71 326
71 327
71 328
71 329
71 331
71 480
71 577
72 117
72 121
72 141
72 197
72 249
72 301
72 487
72 792
73 122
73 124
73 138
73 381
73 383
73 384
73 406
73 410
73 489
73 608
73 609
73 610
73 611
74 82
74 94
74 110
74 173
74 197
74 224
74 257
75 82
75 152
75 223
75 392
75 451
75 711
75 806
75 877
75 909
75 915
76 77
76 78
76 115
76 166
76 167
76 179
76 193
76 194
76 204
76 219
76 220
76 221
76 222
76 226
76 227
76 228
76 229
76 230
76 233
76 234
76 235
76 236
76 242
76 243
76 245
76 247
76 248
76 250
76 253
76 254
76 256
76 262
76 263
76 264
76 273
76 274
76 275
76 276
76 277
76 278
76 287
76 288
76 289
76 290
76 291
76 294
76 295
76 306
76 307
76 308
76 309
76 312
76 313
76 314
76 315
76 323
76 324
76 325
76 326
76 327
76 328
76 329
76 330
76 331
76 344
77 78
77 80
77 81
77 83
77 115
77 166
77 167
77 179
77 193
77 194
77 204
77 219
77 220
77 221
77 222
77 226
77 227
77 228
77 229
77 230
77 233
77 234
77 235
77 236
77 242
77 243
77 245
77 247
77 248
77 250
77 253
77 254
77 256
77 262
77 263
77 264
77 273
77 274
77 275
77 276
77 277
77 278
77 287
77 288
77 289
77 290
77 291
77 294
77 295
77 306
77 307
77 308
77 309
77 312
77 313
77 314
77 315
77 323
77 324
77 325
77 326
77 327
77 328
77 329
77 331
77 693
78 81
78 115
78 166
78 167
78 179
78 193
78 194
78 204
78 219
78 220
78 221
78 222
78 226
78 227
78 228
78 229
78 230
78 233
78 234
78 235
78 236
78 242
78 243
78 245
78 247
78 248
78 250
78 253
78 254
78 256
78 262
78 263
78 264
78 273
78 274
78 275
78 276
78 277
78 278
78 287
78 288
78 289
78 290
78 291
78 294
78 295
78 306
78 307
78 308
78 309
78 312
78 313
78 314
78 315
78 323
78 324
78 325
78 326
78 327
78 328
78 329
78 331
79 261
79 300
79 317
79 318
79 333
79 347
79 348
79 358
79 369
79 425
79 648
79 649
79 712
80 115
80 166
80 167
80 179
80 193
80 194
80 204
80 219
80 220
80 221
80 222
80 226
80 227
80 228
80 229
80 230
80 233
80 234
80 235
80 236
80 242
80 243
80 245
80 247
80 248
80 250
80 253
80 254
80 256
80 262
80 263
80 264
80 273
80 274
80 275
80 276
80 277
80 278
80 287
80 288
80 289
80 290
80 291
80 294
80 295
80 306
80 307
80 308
80 309
80 312
80 313
80 314
80 315
80 323
80 324
80 325
80 326
80 327
80 328
80 329
80 330
80 331
81 115
81 166
81 167
81 179
81 193
81 194
81 204
81 219
81 220
81 221
81 222
81 226
81 227
81 228
81 229
81 230
81 233
81 234
81 235
81 236
81 242
81 243
81 245
81 247
81 248
81 250
81 253
81 254
81 256
81 262
81 263
81 264
81 273
81 274
81 275
81 276
81 277
81 278
81 287
81 288
81 289
81 290
81 291
81 294
81 295
81 306
81 307
81 308
81 309
81 312
81 313
81 314
81 315
81 323
81 324
81 325
81 326
81 327
81 328
81 329
81 331
82 94
82 106
82 109
82 110
82 118
82 267
82 300
82 317
82 318
82 333
82 347
82 348
82 362
82 369
83 115
83 166
83 167
83 179
83 193
83 194
83 204
83 219
83 220
83 221
83 222
83 226
83 227
83 228
83 229
83 230
83 233
83 234
83 235
83 236
83 242
83 243
83 245
83 247
83 248
83 250
83 253
83 254
83 256
83 262
83 263
83 264
83 273
83 274
83 275
83 276
83 277
83 278
83 287
83 288
83 289
83 290
83 291
83 294
83 295
83 306
83 307
83 308
83 309
83 312
83 313
83 314
83 315
83 323
83 324
83 325
83 326
83 327
83 328
83 329
83 331
84 100
84 153
84 180
84 301
84 363
84 416
84 487
84 491
85 87
85 173
85 180
85 181
85 186
85 188
85 189
85 190
85 198
85 199
85 200
85 201
85 202
85 206
85 207
85 209
85 210
85 211
85 212
85 215
85 216
86 104
86 166
86 167
86 179
86 193
86 204
86 219
86 220
86 221
86 222
86 226
86 227
86 228
86 229
86 230
86 233
86 234
86 235
86 236
86 242
86 243
86 245
86 247
86 248
86 250
86 253
86 254
86 256
86 262
86 263
86 264
86 273
86 274
86 275
86 276
86 277
86 278
86 287
86 288
86 289
86 290
86 291
86 294
86 295
86 306
86 307
86 308
86 309
86 312
86 313
86 314
86 315
86 323
86 324
86 325
86 326
86 327
86 328
86 329
86 331
87 173
87 180
87 181
87 186
87 188
87 189
87 190
87 198
87 199
87 200
87 201
87 202
87 206
87 207
87 209
87 210
87 211
87 212
87 215
87 216
88 173
88 180
88 181
88 186
88 188
88 189
88 190
88 198
88 199
88 200
88 201
88 202
88 206
88 207
88 209
88 210
88 211
88 212
88 215
88 216
89 173
89 180
89 181
89 186
89 188
89 189
89 190
89 198
89 199
89 200
89 201
89 202
89 206
89 207
89 209
89 210
89 211
89 212
89 215
89 216
90 98
90 108
90 174
90 176
90 183
90 238
90 239
90 251
90 268
90 299
90 375
90 376
90 398
90 406
90 490
90 501
90 626
90 632
90 723
90 761
90 799
90 827
91 147
91 148
91 445
91 459
91 614
92 173
92 180
92 181
92 186
92 188
92 189
92 190
92 198
92 199
92 200
92 201
92 202
92 206
92 207
92 209
92 210
92 211
92 212
92 215
92 216
92 737
93 95
93 103
93 111
93 113
93 114
93 124
93 162
93 171
93 319
94 106
94 109
94 197
94 301
95 171
95 366
96 196
96 282
96 303
96 903
96 907
96 908
96 928
96 929
96 930
97 116
97 162
97 259
97 301
98 152
98 168
98 187
98 251
98 353
98 354
98 376
98 427
98 436
98 448
98 453
98 632
98 773
98 812
99 169
99 265
99 280
99 296
99 332
99 345
99 346
99 428
99 429
99 430
99 431
100 224
100 257
100 300
100 317
100 318
100 333
100 347
100 348
100 369
101 169
101 265
101 280
101 296
101 332
101 345
101 346
101 428
101 429
101 430
101 431
102 169
102 265
102 280
102 296
102 332
102 345
102 346
102 428
102 429
102 430
102 431
103 105
103 132
103 135
103 162
103 171
103 319
104 166
104 167
104 222
104 254
104 256
104 263
104 264
104 273
104 274
104 275
104 276
104 277
104 278
104 287
104 288
104 289
104 290
104 291
104 306
104 307
104 308
104 309
104 323
104 324
104 325
104 326
104 327
104 328
104 329
104 372
104 432
104 532
104 673
104 676
104 678
104 686
104 769
105 132
105 135
105 140
105 162
106 197
107 225
107 764
107 765
107 879
107 880
107 881
107 882
107 883
107 884
107 885
107 886
107 887
107 888
107 889
107 890
108 183
108 238
108 268
108 341
108 376
108 377
108 424
108 490
108 634
108 635
108 641
108 702
108 723
108 762
108 826
108 852
109 197
110 197
111 162
111 171
111 319
112 155
112 458
112 700
112 701
112 744
112 792
112 798
112 802
112 803
112 835
112 870
112 874
113 162
113 171
113 319
114 162
114 171
114 319
115 179
115 193
115 194
115 204
115 219
115 220
115 221
115 226
115 227
115 228
115 229
115 230
115 233
115 234
115 235
115 236
115 242
115 243
115 245
115 247
115 248
115 250
115 253
115 255
115 262
115 278
115 292
115 294
115 295
115 310
115 311
115 312
115 313
115 314
115 315
115 322
115 330
115 343
115 344
115 353
115 354
115 356
115 400
115 434
115 461
115 693
116 162
117 123
117 127
118 173
118 181
118 267
118 300
118 317
118 318
118 333
118 347
118 348
118 362
118 369
118 790
118 837
118 856
119 121
119 171
119 301
120 125
120 133
121 171
122 171
122 214
123 397
123 766
124 162
128 171
129 171
130 171
131 171
132 162
134 246
134 293
134 361
134 399
134 434
134 533
134 537
134 539
134 541
134 543
134 553
134 555
134 557
134 559
134 560
134 561
134 562
134 563
134 564
134 565
134 568
134 570
134 571
134 577
134 578
134 580
134 582
134 587
134 588
134 589
134 590
134 591
134 592
134 593
134 594
134 595
134 596
134 598
134 599
134 600
134 651
134 659
134 662
134 669
134 674
134 679
134 680
134 681
134 683
134 688
134 689
134 697
134 698
135 162
136 388
137 373
137 424
137 447
137 634
137 635
137 796
142 153
142 193
142 217
142 251
142 272
142 302
142 391
142 421
142 728
142 731
142 732
142 733
142 734
146 300
146 317
146 318
146 333
146 347
146 348
146 369
149 188
149 189
149 190
149 202
149 207
149 210
149 212
149 731
149 733
150 640
150 707
150 748
150 752
151 906
151 919
151 922
151 935
151 936
151 952
151 956
152 155
152 427
152 629
152 630
152 641
152 740
152 802
152 803
152 877
153 168
153 203
153 371
153 419
153 497
154 208
155 304
155 392
155 451
155 452
155 502
155 627
155 628
155 630
155 739
155 802
155 803
155 806
155 868
156 265
156 279
156 280
156 296
156 332
156 345
156 346
156 375
156 437
156 438
156 486
156 604
156 605
158 199
159 163
160 186
161 284
161 393
161 452
161 492
161 495
161 633
165 224
165 257
165 410
165 784
165 789
165 843
165 857
166 233
166 243
166 244
166 254
166 255
166 273
166 292
166 310
166 311
166 322
166 323
166 324
166 325
166 326
166 343
166 400
166 461
166 524
166 532
166 830
167 219
167 220
167 221
167 226
167 227
167 228
167 229
167 234
167 274
167 275
167 276
167 277
167 290
167 291
167 360
167 470
167 475
167 549
168 299
168 335
168 414
168 841
168 842
169 438
169 439
169 484
169 829
170 192
170 513
170 646
170 878
172 619
172 620
173 267
174 176
174 195
174 270
174 338
174 916
175 179
175 193
175 204
175 219
175 220
175 221
175 226
175 227
175 228
175 229
175 230
175 233
175 234
175 235
175 236
175 242
175 243
175 245
175 247
175 248
175 250
175 253
175 262
175 312
176 195
176 270
176 338
176 916
177 217
177 242
177 250
177 262
177 271
177 285
177 353
177 354
177 356
177 394
177 498
177 622
178 218
178 488
178 714
178 718
178 782
178 788
179 219
179 220
179 221
179 226
179 227
179 228
179 229
179 230
179 233
179 234
179 235
179 243
179 245
179 247
179 248
180 385
180 416
181 737
182 232
182 305
182 355
182 618
182 832
182 875
182 876
183 490
183 639
183 816
183 959
184 505
184 506
184 507
184 508
184 616
185 353
185 354
185 638
186 206
187 205
187 336
187 359
187 450
187 647
187 854
187 894
191 753
191 754
191 755
192 513
193 204
193 217
193 231
194 278
194 294
194 295
194 313
194 314
194 315
194 434
194 693
195 338
195 722
196 271
196 640
196 817
197 514
203 269
203 371
203 419
203 497
204 230
204 253
204 262
204 353
204 354
205 336
205 359
205 383
205 854
205 894
207 210
208 298
208 386
208 785
213 703
213 705
217 231
217 253
217 498
217 622
218 714
218 718
218 782
218 788
222 235
222 245
222 246
222 264
222 292
222 293
222 310
222 561
222 770
223 267
224 257
225 764
225 765
225 879
225 880
225 881
225 888
225 890
226 274
227 275
228 276
229 277
230 242
230 250
231 272
231 337
231 391
232 305
232 321
232 355
232 761
232 815
233 254
233 255
233 399
234 291
235 246
235 264
235 293
236 246
236 248
236 361
237 587
237 588
237 589
237 590
237 591
237 592
237 593
237 594
237 595
237 598
237 599
238 402
239 270
240 816
240 959
242 356
242 390
243 255
243 273
244 255
244 323
244 324
244 325
244 532
245 246
245 293
246 264
246 292
246 310
246 311
246 770
247 256
249 858
250 356
250 390
251 421
251 448
251 647
251 799
252 939
252 941
252 942
252 943
253 498
254 255
254 322
254 399
254 460
254 524
255 273
255 292
255 310
255 311
255 322
255 343
255 400
255 461
255 524
255 830
256 676
256 678
259 789
260 284
260 495
260 510
260 811
260 998
261 517
261 893
263 288
263 307
263 432
263 831
263 899
264 292
264 293
264 563
265 280
265 296
265 332
265 438
266 342
267 837
267 856
268 352
268 417
268 617
269 371
269 419
269 420
269 497
271 285
271 394
271 622
271 647
271 873
272 320
272 337
273 343
273 830
274 471
275 472
276 473
277 474
277 549
278 326
278 328
278 482
278 596
279 437
279 604
280 332
281 349
281 362
281 708
281 710
281 713
281 717
281 838
281 839
282 422
282 449
283 436
283 439
285 394
285 511
286 613
287 306
287 308
287 372
288 307
288 329
288 831
289 309
289 466
289 769
291 476
292 293
292 390
292 400
292 446
293 310
293 770
296 345
296 346
296 438
297 373
299 335
299 606
301 487
302 421
303 422
303 449
304 392
304 451
304 806
305 618
305 815
306 329
307 463
307 537
307 899
308 372
309 969
310 390
310 400
310 446
310 770
311 361
311 390
311 400
311 446
316 342
316 377
318 711
318 712
319 715
320 498
321 340
321 355
322 390
322 399
322 400
322 446
322 524
326 462
328 465
330 483
334 709
334 777
334 778
336 383
337 391
339 867
339 932
339 934
340 814
341 357
341 395
341 501
341 626
342 401
343 390
343 400
343 446
343 830
344 483
349 710
349 713
349 838
349 839
351 407
351 413
352 417
353 356
354 356
355 815
356 390
356 446
360 470
360 549
362 713
362 790
363 385
365 412
367 388
367 787
368 409
370 408
371 419
372 541
372 542
374 603
374 700
375 701
376 834
377 401
377 773
378 486
378 605
379 442
382 444
385 416
385 791
390 446
391 421
396 645
397 766
397 820
397 821
398 827
399 524
400 461
402 439
403 441
404 442
405 780
414 841
414 842
415 416
415 491
415 914
416 491
416 791
418 724
422 449
424 634
424 635
426 750
432 539
432 540
433 571
438 771
450 982
451 806
452 627
452 628
452 630
452 739
458 519
458 822
458 823
464 538
477 557
477 558
478 560
486 605
490 826
491 914
493 721
494 795
494 859
496 924
498 622
499 624
504 751
504 809
509 510
516 850
516 853
516 855
518 818
518 819
519 822
519 823
521 834
521 896
522 523
522 828
522 896
522 897
522 997
523 828
523 896
523 997
524 968
527 528
530 531
545 546
551 552
565 673
566 673
569 676
574 678
580 686
581 686
601 602
602 832
603 700
627 739
628 739
632 869
639 959
646 895
708 713
708 717
711 712
722 917
728 735
731 732
731 798
732 733
733 798
746 950
747 870
749 808
751 809
761 874
765 887
766 820
768 967
772 902
794 859
795 918
796 923
811 998
828 897
828 898
829 898
830 968
831 899
865 866
865 931
897 898
