0 26
0 107
0 144
0 145
0 151
0 183
0 210
0 233
0 247
0 310
0 311
0 340
0 759
0 760
0 761
0 762
0 763
0 764
0 765
0 766
0 767
0 768
0 769
0 770
0 771
0 772
0 773
0 774
0 775
0 776
0 777
0 778
0 779
0 780
0 781
0 782
0 783
0 784
0 785
0 786
1 27
1 105
1 168
1 173
1 221
2 104
2 132
2 144
2 290
2 339
2 663
2 664
2 665
2 666
2 667
2 668
2 669
2 670
2 671
2 672
2 673
2 674
2 675
2 676
3 131
3 133
3 162
3 172
3 173
3 264
3 265
3 427
4 6
4 52
4 54
4 143
4 144
4 150
4 168
4 229
4 700
5 52
5 101
5 186
5 250
5 251
5 859
6 23
6 54
6 143
6 181
6 232
6 344
7 168
7 222
8 29
8 89
8 215
9 131
9 136
9 998
10 61
10 105
10 107
10 132
10 174
10 175
10 195
10 209
10 211
10 217
10 273
10 322
10 442
10 443
10 444
10 445
10 446
11 80
11 189
11 190
12 81
12 231
12 305
12 306
12 307
12 739
12 740
12 741
12 742
13 105
13 124
13 125
13 134
13 144
13 158
13 217
13 218
13 219
13 262
13 263
13 354
13 355
13 997
14 86
14 121
14 124
14 131
14 132
14 133
14 136
14 158
14 162
14 163
14 176
14 179
14 182
14 187
14 192
14 194
14 197
14 203
14 209
14 217
14 218
14 221
14 222
14 238
14 249
14 253
14 274
14 275
14 276
14 288
14 297
14 300
14 314
14 317
14 341
14 343
14 345
14 348
14 503
14 504
14 505
14 506
14 507
14 508
14 509
14 510
14 511
14 512
14 513
14 514
14 515
14 516
14 517
14 518
14 519
14 520
14 521
14 522
14 523
14 524
14 525
14 526
14 527
14 528
14 529
14 530
14 531
14 532
14 533
14 534
14 535
14 536
14 537
14 538
14 539
14 540
14 541
14 542
14 543
14 544
14 545
14 546
14 547
14 548
14 549
14 550
14 551
14 552
14 553
14 554
14 555
14 556
14 557
14 558
14 559
14 560
14 561
14 562
14 563
14 564
14 565
14 566
14 567
14 568
14 569
15 209
15 865
15 866
16 169
16 189
16 190
16 432
17 81
17 86
17 158
17 163
17 171
17 222
17 223
17 225
17 228
17 229
17 237
17 241
17 277
17 278
17 279
17 280
17 281
17 282
17 283
17 284
17 289
17 326
17 335
17 570
17 571
17 572
17 573
17 574
17 575
17 576
17 577
17 578
17 579
17 580
17 581
17 582
17 583
17 584
17 585
17 586
17 587
17 588
17 589
17 590
17 591
17 592
17 593
17 594
17 595
17 596
17 597
17 598
17 599
17 600
17 601
17 602
17 603
17 604
17 605
17 606
17 607
17 608
17 609
17 610
17 611
17 612
17 613
17 614
17 615
17 616
17 617
17 618
17 619
17 620
17 621
17 622
17 623
17 624
17 625
17 626
17 627
17 628
17 629
17 630
17 631
17 632
17 633
17 634
17 635
17 636
17 637
17 638
17 639
17 640
17 641
17 642
17 643
17 644
17 645
17 646
17 647
17 648
17 649
17 650
17 651
17 652
17 653
17 654
17 655
17 656
17 657
17 658
18 21
18 176
18 183
18 238
18 239
18 794
19 88
19 341
19 868
19 869
19 870
19 871
19 872
19 873
19 874
19 875
19 876
19 877
19 878
19 879
19 880
19 881
19 882
19 883
19 884
19 885
19 886
19 887
19 888
19 889
19 890
19 891
19 892
19 893
19 894
19 895
19 896
19 897
19 898
19 899
19 900
19 901
19 902
19 903
19 904
19 905
19 906
19 907
19 908
19 909
19 910
19 911
19 912
19 913
19 914
19 915
19 916
19 917
19 918
19 919
19 920
19 921
19 922
19 923
19 924
19 925
19 926
19 927
19 928
19 929
19 930
19 931
19 932
19 933
19 934
19 935
19 936
19 937
19 938
19 939
19 940
19 941
19 942
19 943
19 944
19 945
19 946
19 947
19 948
19 949
19 950
19 951
19 952
19 953
19 954
19 955
19 956
19 957
19 958
19 959
19 960
19 961
19 962
19 963
19 964
19 965
19 966
19 967
19 968
19 969
19 970
19 971
19 972
19 973
19 974
19 975
19 976
20 27
20 225
20 277
20 490
20 491
20 492
20 493
21 42
21 45
21 55
21 110
21 256
21 257
22 109
22 301
22 302
22 303
22 727
23 115
23 142
23 143
23 168
23 169
24 45
24 151
24 154
24 165
24 182
24 184
24 196
24 204
24 206
24 214
24 293
24 301
24 702
24 703
25 56
25 184
25 196
25 201
25 286
25 287
25 299
25 330
26 94
26 115
26 151
26 156
26 161
26 164
26 202
26 205
26 206
26 210
26 311
26 313
26 494
26 495
26 496
26 497
27 68
27 78
27 85
27 99
27 111
27 140
27 141
27 155
27 157
27 159
27 193
27 216
28 52
28 236
28 315
28 701
29 105
29 171
29 180
29 187
29 353
29 828
30 124
30 134
30 169
30 194
30 261
30 352
30 996
31 115
31 158
31 999
32 169
32 189
32 393
33 124
33 125
33 133
33 154
33 158
33 166
33 167
33 177
33 232
33 235
33 254
33 263
33 266
33 275
33 321
33 433
33 434
33 435
34 103
34 133
34 140
34 214
34 308
34 309
34 746
34 747
34 748
34 749
34 750
34 751
34 752
34 753
34 754
34 755
34 756
34 757
34 758
35 115
35 136
35 158
35 174
35 205
35 206
35 836
36 124
36 163
36 229
36 245
36 246
36 684
36 685
36 686
36 687
36 688
36 689
36 690
36 691
36 692
36 693
36 694
36 695
36 696
36 697
36 698
36 699
37 48
37 112
37 123
37 124
37 125
37 133
37 153
37 177
37 198
37 234
37 312
37 421
37 422
37 423
37 424
38 52
38 149
38 170
38 224
38 250
38 659
39 45
39 124
39 154
39 179
39 260
39 346
39 986
39 987
39 988
39 989
40 81
40 124
40 136
40 150
40 163
40 171
40 316
40 351
40 796
40 797
40 798
40 799
41 125
41 134
41 136
41 154
41 167
41 178
41 354
41 977
41 978
41 979
42 176
42 230
42 719
42 720
42 721
42 722
43 53
43 115
43 132
43 144
43 172
43 173
43 208
43 241
43 248
43 264
43 265
43 268
43 320
43 394
43 395
43 396
43 397
43 398
43 399
44 267
44 276
44 392
45 75
45 125
45 134
45 153
45 182
45 184
45 293
45 349
45 400
45 401
45 402
45 403
45 404
45 405
45 406
45 407
45 408
45 409
45 410
45 411
46 173
46 204
46 322
46 826
46 827
47 258
48 125
48 134
48 166
48 167
48 178
48 254
48 867
49 124
49 133
49 136
49 153
49 163
49 187
49 238
49 323
49 429
49 430
49 431
50 158
50 203
50 317
50 801
50 802
50 803
50 804
50 805
50 806
50 807
50 808
51 242
51 440
51 441
52 67
52 83
52 116
53 80
53 240
53 241
53 318
53 319
53 320
53 350
53 809
53 810
53 811
53 812
53 813
53 814
53 815
53 816
53 817
53 818
53 819
53 820
54 143
55 239
55 487
55 488
55 489
56 105
56 167
56 184
56 330
57 292
57 412
57 413
58 67
58 223
58 224
58 498
58 499
58 500
58 501
58 502
59 104
59 270
59 308
59 309
59 414
59 415
59 416
59 417
59 418
59 419
59 420
60 81
60 144
60 213
60 237
60 788
60 789
60 790
60 791
60 792
60 793
61 219
62 125
62 133
62 197
62 207
63 86
63 132
63 162
63 191
63 226
63 227
63 228
63 259
63 291
63 292
63 680
63 681
63 682
63 683
64 66
64 122
64 188
64 199
64 257
65 86
65 105
65 213
65 252
65 439
66 122
66 179
66 188
67 83
68 141
68 153
68 157
69 113
69 125
69 134
69 146
69 154
69 165
69 166
69 167
69 178
69 211
69 220
69 255
69 271
69 428
70 170
70 823
70 824
70 825
71 131
71 136
71 233
71 483
71 484
72 173
72 208
72 289
72 662
73 125
73 134
73 154
73 166
73 167
73 178
73 191
73 211
73 220
73 226
73 227
73 258
73 291
73 333
73 425
73 426
74 179
74 199
74 200
74 743
74 744
74 745
75 124
75 131
75 156
75 162
75 677
75 678
75 679
76 121
76 144
76 182
76 197
76 294
76 295
76 296
76 297
76 298
76 299
76 300
76 704
76 705
76 706
76 707
76 708
76 709
76 710
76 711
76 712
76 713
76 714
76 715
76 716
76 717
76 718
77 207
77 332
77 840
77 841
77 842
78 140
78 141
78 155
78 157
78 159
78 185
78 834
79 201
79 334
80 237
80 240
80 318
80 319
80 723
80 724
80 725
80 726
81 85
81 89
81 107
81 138
81 231
81 272
81 305
81 307
81 479
81 480
81 481
81 482
82 134
82 191
82 249
82 260
83 170
83 236
84 228
84 278
84 279
84 280
84 281
84 282
84 284
84 378
84 379
84 380
84 381
84 382
84 383
84 384
84 385
84 386
84 387
84 388
84 389
84 390
84 391
85 140
85 141
85 193
85 216
85 231
85 306
86 100
86 107
86 156
86 335
86 336
86 860
86 861
86 862
86 863
87 103
87 124
87 133
87 187
87 194
87 212
87 340
88 144
88 182
88 220
88 240
88 243
88 247
88 248
88 270
88 271
88 290
88 294
88 447
88 448
88 449
88 450
88 451
88 452
88 453
88 454
88 455
88 456
88 457
88 458
88 459
88 460
88 461
88 462
88 463
88 464
88 465
88 466
88 467
88 468
88 469
88 470
88 471
88 472
88 473
88 474
88 475
88 476
88 477
88 478
89 124
89 131
89 162
89 163
89 187
89 194
89 323
89 347
90 164
90 180
90 252
90 337
90 864
91 186
91 205
91 242
92 105
92 132
92 206
93 101
93 124
93 843
94 105
94 151
94 202
94 210
94 261
94 800
95 101
95 154
95 258
96 162
96 233
96 243
96 304
96 331
96 729
96 730
96 731
96 732
96 733
96 734
96 735
96 736
96 737
96 738
97 115
97 125
97 169
97 180
98 132
98 134
98 166
98 170
98 251
98 262
98 314
98 787
99 111
99 141
99 155
99 193
99 356
100 203
100 219
100 336
102 260
102 263
102 346
103 212
103 327
103 328
103 329
104 339
106 156
106 337
107 115
107 132
107 144
107 175
107 197
107 273
107 485
107 486
108 217
108 230
109 179
109 302
109 303
110 131
110 214
110 215
110 347
110 348
110 349
110 990
110 991
110 992
111 140
111 155
111 159
111 185
112 125
112 134
112 177
112 198
112 234
112 312
112 332
113 125
113 134
113 154
113 166
113 167
113 177
113 178
113 211
113 255
114 244
114 325
114 835
116 377
117 176
117 244
118 144
118 158
119 188
119 821
119 822
120 357
120 358
120 359
120 360
120 361
120 362
120 363
120 364
120 365
120 366
120 367
120 368
120 369
120 370
120 371
120 372
120 373
120 374
120 375
120 376
121 142
121 267
121 295
121 296
121 298
123 980
123 981
123 982
125 146
126 168
126 181
127 144
127 158
127 248
127 249
127 333
127 334
127 852
127 853
127 854
127 855
127 856
127 857
127 858
128 132
128 139
128 162
128 172
128 259
128 837
128 838
128 839
129 158
129 162
129 304
129 310
130 184
130 285
130 286
130 287
132 138
132 152
134 146
135 247
135 355
135 844
135 845
135 846
135 847
135 848
135 849
135 850
135 851
137 159
137 342
137 728
138 171
138 213
138 243
138 246
138 324
138 829
138 830
138 831
138 832
138 833
139 259
139 345
139 983
139 984
139 985
142 144
142 795
146 154
146 255
147 253
147 274
147 436
147 437
147 438
148 170
148 223
148 224
148 244
148 325
148 660
148 661
150 160
160 171
160 251
160 352
161 313
165 253
165 338
192 993
192 994
192 995
195 203
195 338
198 234
256 257
268 269
