0 13
0 14
0 75
0 101
0 105
0 153
0 165
0 174
0 309
0 397
0 470
0 474
0 478
0 566
0 595
0 642
0 691
0 702
0 747
0 812
1 9
1 46
1 77
1 109
1 119
1 129
1 140
1 141
1 159
1 166
1 176
1 222
1 246
1 256
1 263
1 266
1 271
1 294
1 302
1 309
1 337
1 397
1 402
1 424
1 517
1 528
1 538
1 553
1 562
1 695
1 754
2 9
2 100
2 152
2 210
2 249
2 283
2 292
2 305
2 338
2 369
2 473
2 497
2 526
2 537
2 540
2 568
2 586
2 587
2 621
2 664
2 693
2 746
2 809
2 836
3 11
3 12
3 13
3 14
3 15
3 55
3 57
3 71
3 105
3 154
3 158
3 168
3 204
3 228
3 238
3 270
3 276
3 277
3 279
3 290
3 372
3 373
3 433
3 491
3 497
3 526
3 551
3 582
3 615
3 667
3 727
3 869
3 870
3 905
4 28
4 32
4 39
4 89
4 104
4 118
4 138
4 160
4 197
4 232
4 286
4 307
4 347
4 357
4 456
4 464
4 826
5 16
5 25
5 27
5 139
5 146
5 176
5 200
5 294
5 332
5 517
5 528
5 797
6 25
6 159
6 200
6 281
6 522
6 687
7 86
7 172
7 267
7 317
7 322
7 348
7 363
7 410
7 446
7 493
7 599
7 665
7 733
7 772
7 877
7 916
8 36
8 40
8 41
8 55
8 75
8 79
8 87
8 96
8 128
8 164
8 185
8 187
8 226
8 232
8 271
8 273
8 416
8 552
8 629
8 821
9 11
9 21
9 40
9 41
9 116
9 126
9 140
9 158
9 195
9 236
9 367
9 465
9 516
9 623
9 698
9 944
10 16
10 25
10 115
10 145
10 200
10 209
10 528
10 529
11 12
11 13
11 15
11 57
11 97
11 105
11 154
11 204
11 276
11 290
11 368
11 372
11 438
11 491
11 526
11 601
11 615
11 850
12 13
12 14
12 15
12 31
12 55
12 57
12 64
12 71
12 90
12 97
12 105
12 126
12 154
12 168
12 195
12 238
12 249
12 276
12 277
12 305
12 325
12 372
12 373
12 511
12 615
12 801
12 839
13 14
13 31
13 36
13 40
13 54
13 57
13 85
13 87
13 97
13 105
13 126
13 154
13 168
13 228
13 257
13 270
13 290
13 374
13 650
14 55
14 71
14 85
14 154
14 158
14 238
14 277
14 327
14 434
14 480
14 526
14 582
14 615
14 667
14 727
14 759
14 869
14 870
15 31
15 57
15 71
15 97
15 105
15 158
15 168
15 195
15 228
15 238
15 277
15 305
15 372
15 526
15 551
15 615
15 650
15 801
16 25
16 115
16 145
16 200
16 209
17 243
17 704
18 20
18 22
18 29
18 48
18 50
18 54
18 80
18 82
18 122
18 127
18 151
18 171
18 190
18 225
18 241
18 258
18 266
18 269
18 272
18 301
18 304
18 308
18 312
18 389
18 405
18 407
18 408
18 426
18 467
18 486
18 498
18 507
18 512
18 521
18 543
18 545
18 556
18 613
18 622
18 625
18 711
18 752
18 776
18 825
18 863
18 865
18 900
18 923
19 45
19 61
19 726
19 795
19 909
20 22
20 29
20 43
20 48
20 50
20 54
20 81
20 127
20 134
20 190
20 201
20 225
20 241
20 266
20 269
20 301
20 304
20 308
20 394
20 426
20 448
20 486
20 507
20 512
20 521
20 536
20 543
20 545
20 548
20 613
20 622
20 660
20 792
20 900
21 62
21 149
21 260
21 273
21 275
21 331
21 375
21 386
21 398
21 460
21 496
21 609
21 668
22 43
22 48
22 50
22 52
22 80
22 81
22 127
22 134
22 178
22 190
22 225
22 241
22 257
22 269
22 272
22 297
22 304
22 308
22 312
22 334
22 405
22 482
22 486
22 503
22 543
22 548
22 622
22 648
22 758
22 776
22 900
23 37
23 56
23 70
23 82
23 128
23 169
23 178
23 193
23 241
23 252
23 297
23 360
23 384
23 475
23 521
23 546
23 584
23 594
23 640
23 681
23 690
23 722
23 760
23 878
23 893
23 915
24 256
24 420
24 961
25 200
25 332
25 522
25 607
25 982
26 229
26 294
26 726
27 176
27 200
27 209
27 332
27 424
27 853
28 84
28 104
28 118
28 138
28 307
28 357
28 415
28 464
28 786
29 31
29 48
29 54
29 71
29 122
29 143
29 147
29 224
29 266
29 276
29 305
29 308
29 327
29 330
29 340
29 419
29 487
29 513
29 536
29 557
29 625
29 626
29 792
30 150
30 244
30 348
30 446
30 502
31 54
31 71
31 90
31 122
31 143
31 249
31 305
31 306
31 308
31 557
31 587
32 39
32 89
32 118
32 138
32 307
32 355
32 826
33 116
33 126
33 140
33 158
33 236
33 271
33 516
33 683
33 698
34 106
34 201
34 593
35 320
35 343
35 596
35 926
36 40
36 41
36 75
36 87
36 128
36 140
36 164
36 187
36 226
36 273
36 416
36 629
36 896
37 65
37 82
37 169
37 178
37 252
37 304
37 384
37 681
37 864
37 878
37 893
38 91
38 93
38 181
38 205
38 258
38 356
39 89
39 104
39 118
39 138
39 307
39 347
39 355
39 415
39 464
40 41
40 167
40 169
40 226
40 237
40 318
40 384
40 394
40 465
40 725
41 167
41 169
41 226
41 237
41 318
41 384
41 394
41 465
41 725
42 366
42 688
43 52
43 54
43 82
43 127
43 171
43 178
43 241
43 267
43 297
43 301
43 334
43 389
43 405
43 467
43 482
43 486
43 503
43 513
43 521
43 556
43 711
43 788
44 441
44 811
44 871
44 960
45 61
45 66
45 199
45 235
45 418
46 55
46 68
46 70
46 95
46 114
46 128
46 135
46 148
46 163
46 231
46 239
46 288
46 291
46 358
46 494
46 564
46 680
46 904
47 94
47 106
47 108
47 142
47 157
47 180
47 201
47 223
47 329
47 340
47 341
47 484
47 489
47 502
47 524
47 527
47 539
47 630
47 634
47 660
47 663
47 767
47 794
47 874
48 81
48 82
48 134
48 151
48 171
48 267
48 297
48 308
48 356
48 426
48 486
48 498
48 503
48 521
48 563
48 602
48 617
48 836
48 886
48 923
49 51
49 55
49 75
49 103
49 110
49 116
49 422
49 535
49 684
50 80
50 134
50 147
50 190
50 241
50 304
50 405
50 407
50 482
50 503
50 521
50 543
50 548
50 622
50 745
51 55
51 103
51 110
51 352
51 378
51 422
51 459
51 679
52 82
52 127
52 129
52 178
52 201
52 241
52 267
52 297
52 329
52 389
52 482
52 513
52 521
52 556
52 563
52 602
52 617
52 674
52 690
52 711
53 181
53 485
53 506
54 55
54 71
54 147
54 170
54 180
54 224
54 228
54 283
54 344
54 513
54 551
55 57
55 70
55 102
55 116
55 121
55 170
55 318
55 951
56 65
56 82
56 127
56 169
56 178
56 193
56 252
56 336
56 360
56 384
56 469
56 586
56 594
56 640
57 64
57 90
57 105
57 238
57 526
57 827
58 207
58 296
58 321
58 659
58 670
58 676
58 709
58 739
58 755
58 899
58 970
59 120
59 221
59 542
59 830
60 132
60 671
60 852
61 66
61 159
61 235
62 144
62 214
62 275
62 331
62 375
62 409
62 496
63 64
63 210
63 234
63 238
63 251
63 283
63 344
63 350
63 365
63 429
63 473
63 537
63 568
63 694
64 80
64 97
64 234
64 251
64 295
64 344
64 351
64 429
64 537
64 568
64 650
64 694
65 169
65 178
65 267
65 336
65 384
65 394
65 469
65 586
65 594
65 640
65 681
65 915
66 235
67 76
67 113
67 133
67 141
67 167
67 174
67 312
67 598
67 667
67 793
68 95
68 114
68 148
68 266
68 289
68 315
68 381
68 390
68 398
68 406
68 443
68 454
68 462
68 494
68 500
68 547
68 647
68 666
68 749
68 768
68 773
68 787
68 798
68 843
68 969
68 989
69 538
69 782
69 848
69 922
69 957
69 964
70 95
70 121
70 135
70 148
70 163
70 291
70 358
70 377
70 421
70 494
70 779
70 814
70 904
71 85
71 97
71 105
71 122
71 143
71 228
71 270
71 277
71 372
72 73
72 78
72 186
72 249
72 259
72 369
72 544
73 78
73 100
73 186
73 211
73 248
73 249
73 306
73 338
73 497
73 586
73 832
73 854
74 140
74 156
74 166
74 170
74 177
74 183
74 523
74 620
74 762
74 848
75 79
75 87
75 96
75 102
75 110
75 182
75 187
75 226
75 254
75 367
75 400
75 465
75 686
76 174
76 230
76 231
76 232
76 255
76 290
76 345
76 456
76 477
76 494
76 751
76 810
76 819
76 821
76 837
76 855
76 890
77 296
77 401
77 424
77 687
77 709
78 186
78 188
78 249
78 338
78 544
78 775
78 854
79 96
79 102
79 535
80 123
80 147
80 151
80 171
80 219
80 242
80 257
80 497
80 543
80 563
80 569
80 581
80 602
80 745
80 785
80 835
80 933
81 122
81 147
81 180
81 205
81 323
81 337
81 356
81 391
81 448
81 487
81 539
81 625
81 722
81 825
81 865
81 933
82 127
82 151
82 169
82 178
82 190
82 193
82 201
82 252
82 297
82 334
82 389
82 467
82 617
82 674
82 690
82 856
83 115
83 145
83 222
84 104
84 298
84 464
84 789
85 154
85 374
85 574
86 99
86 137
86 150
86 172
86 233
86 244
86 293
86 348
86 354
86 427
86 446
86 505
86 599
86 665
86 733
86 772
86 774
86 802
86 912
87 128
87 140
87 156
87 187
87 247
87 416
88 115
88 145
88 216
89 104
89 118
89 138
89 307
89 347
89 355
89 415
90 97
90 399
90 417
90 433
91 93
91 217
91 258
91 301
91 324
92 247
92 662
92 677
92 705
93 175
93 217
93 324
93 387
93 450
93 756
94 108
94 142
94 157
94 266
94 340
94 484
94 502
94 527
94 794
95 114
95 121
95 135
95 163
95 377
95 382
95 390
95 406
95 437
95 621
95 843
96 102
96 103
96 182
96 623
97 430
97 614
97 735
97 763
98 109
98 229
98 402
99 137
99 150
99 172
99 233
99 348
99 413
99 446
99 599
99 665
99 816
100 147
100 152
100 210
100 248
100 249
100 267
100 305
100 338
100 361
100 369
100 487
100 587
100 710
100 746
100 832
100 887
100 943
100 954
101 474
101 812
101 932
101 936
102 103
102 128
102 535
103 110
103 182
103 422
103 459
103 535
104 197
104 347
104 555
105 276
105 277
105 372
106 108
106 142
106 157
106 490
106 592
106 748
107 117
107 201
107 223
107 329
107 340
107 341
107 634
107 663
108 142
108 157
108 180
108 223
108 267
108 448
108 484
108 489
108 502
108 527
108 539
108 592
108 634
108 767
108 780
109 909
109 940
110 422
111 258
111 391
111 662
111 945
112 141
112 173
112 175
112 193
112 203
112 212
112 231
112 232
112 263
112 336
112 403
112 404
112 456
112 485
112 584
112 760
112 849
112 876
113 203
113 247
113 662
114 135
114 381
114 390
114 398
114 406
114 443
114 454
114 462
114 500
114 573
114 588
114 626
114 707
114 798
114 843
114 931
115 146
116 230
116 239
116 352
116 422
116 459
116 679
117 181
117 201
117 329
117 341
117 634
117 663
117 767
118 357
119 612
119 795
119 882
120 221
120 542
120 830
121 135
121 148
121 288
121 358
121 377
121 814
122 143
122 147
122 224
122 249
122 276
122 305
122 327
122 391
122 419
122 487
122 536
123 134
123 219
123 225
123 242
123 257
123 301
123 304
123 327
123 569
123 587
123 746
123 817
124 529
124 834
125 399
125 578
125 581
125 648
125 716
125 745
125 824
126 140
126 171
126 416
127 178
127 241
127 297
127 334
127 389
127 503
127 513
127 521
127 674
127 690
127 711
128 187
128 237
128 379
128 787
129 189
129 425
129 447
129 525
129 546
129 579
129 672
129 781
129 908
130 173
130 185
130 193
130 203
130 212
130 231
130 232
130 336
130 360
130 367
130 392
130 403
130 501
130 597
130 640
130 719
131 213
131 215
131 256
131 278
131 285
131 291
131 293
131 314
131 349
131 350
131 365
131 396
131 436
131 440
131 504
131 514
131 576
131 580
131 604
131 633
131 703
131 717
131 765
131 784
131 796
131 846
131 858
131 920
131 986
132 431
132 852
133 271
133 399
133 495
133 589
133 872
133 938
134 241
134 301
134 304
134 407
134 426
134 543
134 548
135 148
135 239
135 382
135 421
135 814
135 996
136 236
137 233
137 636
137 743
137 799
138 307
138 357
139 376
140 156
140 218
141 263
141 328
141 404
141 411
141 468
141 506
141 541
141 805
142 180
142 484
142 489
142 490
142 502
142 539
142 634
142 660
142 748
142 874
143 276
143 291
143 536
143 625
143 792
144 153
144 271
144 473
144 565
145 146
146 209
146 216
147 152
147 180
147 224
147 330
147 448
147 487
147 512
147 536
147 792
148 239
148 288
148 421
148 689
148 833
149 409
149 496
149 558
149 732
149 800
150 233
150 244
150 348
150 413
150 733
150 914
150 985
151 171
151 185
151 190
151 217
151 475
151 545
151 563
151 581
151 602
151 660
152 248
152 249
152 305
152 306
152 487
152 587
152 710
152 746
152 832
152 887
152 954
153 271
153 565
153 686
154 374
154 574
154 586
155 656
155 813
156 310
156 616
157 180
157 356
157 484
157 502
157 630
157 767
158 196
158 230
158 290
158 475
158 715
159 522
160 197
160 207
160 284
160 286
160 319
161 171
161 185
161 203
161 217
161 232
161 360
161 367
161 469
161 501
161 591
161 619
161 637
161 675
161 831
162 245
162 370
162 423
162 443
162 462
162 531
162 557
162 610
162 626
162 635
162 638
162 692
162 803
163 771
163 888
164 187
165 273
165 600
166 183
166 333
166 342
166 371
166 523
167 236
167 254
168 283
168 769
169 178
169 252
169 384
169 594
169 681
170 523
170 959
171 190
171 219
171 903
172 354
172 446
172 493
172 665
172 733
172 816
173 193
173 203
173 212
173 360
173 481
173 492
174 255
174 477
175 217
175 263
175 404
175 541
176 332
176 424
177 762
177 894
178 193
178 252
178 363
178 389
178 594
178 719
179 299
179 346
179 380
179 414
179 432
180 201
180 423
180 448
180 489
180 490
180 502
180 527
180 630
180 634
181 592
182 318
182 352
182 378
183 274
183 333
183 342
183 762
183 771
184 260
184 386
184 410
184 466
185 217
185 227
185 268
185 285
185 387
185 392
185 576
185 604
185 740
185 764
186 242
186 544
188 289
188 458
188 715
188 749
188 773
189 359
189 509
189 562
189 613
189 822
189 962
189 987
190 241
190 269
190 272
190 312
190 405
190 622
190 752
191 420
191 957
192 199
192 220
192 302
192 402
193 212
193 403
193 515
193 597
193 640
193 719
194 274
194 333
194 342
194 371
194 419
194 762
195 238
195 325
195 532
195 608
196 214
196 667
196 770
197 284
197 286
197 319
198 237
198 352
198 857
199 220
199 302
199 402
200 388
201 223
202 439
203 231
203 360
203 367
203 403
203 481
203 501
203 564
203 591
203 619
204 438
204 491
204 897
204 924
205 301
205 337
206 246
206 309
206 335
206 397
206 478
206 566
206 567
206 585
206 595
206 738
206 744
206 881
206 898
206 946
207 296
207 321
207 472
207 670
207 676
207 739
208 215
208 362
208 439
208 499
208 550
208 664
208 731
208 742
208 875
209 216
210 361
210 652
210 693
210 851
210 903
211 508
211 884
212 338
212 360
212 481
212 492
212 597
212 719
213 256
213 268
213 271
213 278
213 350
213 365
213 396
213 436
213 442
213 577
213 580
213 606
213 623
213 631
213 644
213 706
213 765
213 849
213 858
213 930
214 275
214 770
215 246
215 285
215 309
215 314
215 349
215 436
215 451
215 463
215 550
215 560
215 576
215 604
215 646
215 657
215 731
215 737
215 758
215 885
215 930
215 975
217 227
217 268
217 387
217 392
217 764
218 274
218 279
218 312
218 333
218 342
218 371
219 242
219 569
219 581
219 776
219 835
219 956
220 302
222 607
223 329
223 341
223 524
223 663
224 330
224 493
224 621
225 327
225 391
225 467
225 587
226 629
227 387
227 483
227 609
227 756
228 277
228 305
228 372
228 373
230 312
230 325
230 371
230 593
230 698
230 829
231 232
231 403
231 452
231 456
231 597
231 821
232 360
232 403
232 501
232 552
232 591
232 675
233 326
233 348
233 413
233 428
233 743
233 816
234 295
234 344
234 351
234 429
234 552
234 618
235 418
236 683
238 532
239 421
239 588
239 689
239 833
240 359
240 453
240 509
240 632
240 669
240 678
240 713
241 405
241 482
241 503
242 305
242 392
242 563
242 581
242 602
243 522
243 777
245 370
245 423
245 452
245 531
245 557
245 638
245 692
245 722
245 949
246 261
246 309
246 335
246 397
246 445
246 451
246 470
246 478
246 566
246 567
246 577
246 595
246 691
246 747
246 828
247 716
248 249
248 338
248 485
248 654
248 832
249 338
249 587
249 710
249 715
250 871
251 295
251 344
252 384
252 681
253 346
253 488
253 603
254 364
254 394
254 651
255 287
255 312
255 333
255 494
255 605
255 810
255 819
255 890
256 278
256 336
256 349
256 359
256 396
256 404
256 411
256 476
256 515
256 584
256 606
256 765
256 876
256 928
257 334
257 503
257 648
257 824
258 301
259 497
260 386
260 466
260 620
261 291
261 451
261 575
261 627
261 646
261 700
261 703
261 783
261 800
261 838
261 885
261 895
261 926
261 935
261 967
262 598
262 793
262 947
263 300
263 328
263 404
263 455
263 649
263 790
264 266
264 519
264 720
265 608
266 308
266 490
266 498
267 322
267 361
267 363
267 652
267 861
268 285
268 392
268 393
268 576
268 604
268 697
268 738
268 859
268 976
269 272
269 312
269 475
269 622
269 752
273 598
274 333
274 342
274 371
275 409
276 290
277 399
278 350
278 365
278 436
278 442
278 476
278 518
278 542
278 606
278 644
278 655
278 750
278 849
278 868
278 876
279 342
279 511
279 857
280 379
280 677
280 705
280 787
281 439
282 799
282 823
283 295
283 426
283 537
283 568
283 840
284 286
284 555
285 293
285 359
285 393
285 396
285 440
285 445
285 471
285 542
285 699
285 723
287 582
287 593
288 768
288 833
289 458
289 508
289 749
289 773
291 322
291 363
291 377
291 514
291 696
291 735
291 763
291 779
291 925
292 323
292 337
292 540
293 314
293 363
293 393
293 396
293 427
293 440
293 471
293 493
293 505
293 510
293 534
293 605
293 631
294 528
295 537
295 568
295 618
296 709
297 389
297 482
297 543
298 464
298 883
299 346
299 353
299 414
299 432
300 308
300 498
300 646
300 736
300 790
300 817
300 889
300 901
300 955
300 992
300 993
301 391
303 907
304 507
306 693
308 426
308 790
309 335
309 397
309 445
309 451
309 567
309 585
309 595
309 685
309 828
310 616
310 729
311 791
311 823
311 845
312 810
313 483
313 756
314 427
314 436
314 514
314 553
314 633
314 646
314 657
314 696
314 737
314 754
314 840
314 952
315 382
315 390
315 406
315 443
315 573
315 626
315 663
315 707
316 400
316 732
317 428
318 422
318 459
318 891
320 343
321 472
321 676
322 323
322 361
322 363
322 614
322 617
322 735
322 763
322 779
322 838
322 980
323 337
323 540
325 345
325 351
326 385
326 428
326 743
327 330
327 467
328 404
328 450
328 455
328 483
328 661
329 524
331 496
331 609
332 424
334 581
334 745
335 397
335 470
335 478
335 566
335 585
335 595
335 642
335 747
336 403
336 606
336 611
336 724
337 356
337 540
339 668
343 596
345 477
345 494
345 532
345 819
345 837
346 353
346 380
346 414
347 415
348 354
348 413
349 504
349 553
349 577
349 583
349 624
349 696
349 754
349 761
349 892
349 944
350 393
350 442
350 476
350 530
350 633
350 644
350 706
350 750
350 757
353 414
353 432
354 658
356 461
356 512
356 749
356 773
358 680
359 509
359 542
359 713
359 921
360 403
360 501
361 617
361 652
361 861
362 439
362 499
362 550
362 664
362 731
362 875
363 617
363 840
363 861
364 449
364 651
364 718
365 393
365 442
365 476
365 530
365 633
365 644
365 706
365 750
365 757
366 435
366 688
367 501
367 552
367 564
367 591
367 619
368 491
368 897
368 924
370 423
370 452
370 531
370 554
370 557
370 635
370 692
370 949
372 373
374 574
375 400
375 718
377 479
377 808
378 444
380 414
381 390
381 398
381 443
381 454
381 588
381 643
382 390
382 406
382 443
382 454
382 462
382 707
382 931
383 519
383 572
385 428
385 879
386 466
386 620
388 797
389 513
390 454
390 462
390 643
390 707
392 859
393 463
393 576
393 580
393 604
393 697
393 713
393 738
394 600
395 418
396 440
396 471
396 631
396 697
396 920
396 978
396 983
397 470
397 566
397 642
397 691
398 443
399 648
400 430
400 444
403 640
403 724
404 541
405 482
406 573
406 643
407 426
407 521
409 460
411 439
411 550
411 765
411 862
412 945
414 432
417 433
419 590
419 616
419 669
419 889
421 588
421 768
423 452
423 531
423 554
423 557
425 730
426 493
426 512
427 505
427 534
427 655
427 774
427 778
427 802
427 840
427 952
428 842
428 877
430 827
431 806
432 552
432 650
434 480
434 582
434 727
434 759
434 807
434 818
435 645
435 688
436 560
436 580
436 646
436 657
436 802
436 911
437 497
438 601
438 841
439 499
439 742
439 866
440 463
440 471
440 699
440 723
440 735
440 763
440 919
441 628
442 476
442 530
442 580
442 706
442 750
442 757
442 868
443 462
443 573
443 643
443 761
445 451
445 576
445 595
445 604
445 682
445 738
445 744
446 599
447 525
447 546
447 672
447 908
448 489
448 527
448 539
448 780
449 628
450 483
450 661
451 478
451 577
451 642
451 685
451 744
451 783
452 456
452 462
452 554
453 549
453 632
453 678
454 573
454 666
454 768
454 798
455 541
455 649
455 805
457 639
457 873
458 508
458 547
460 558
462 554
463 471
463 605
463 697
463 699
463 703
463 713
463 723
467 507
467 835
468 485
468 583
468 623
468 654
468 662
468 973
469 637
469 675
470 566
470 691
470 747
470 958
471 576
471 580
471 604
471 631
471 784
472 670
473 533
474 673
475 485
475 563
475 602
475 717
475 906
476 644
476 706
476 750
476 757
476 868
478 566
478 585
478 642
479 808
480 532
480 582
480 759
480 785
480 807
480 818
482 556
482 788
483 661
484 489
484 592
486 556
488 603
489 592
490 748
491 601
491 841
493 505
493 512
493 660
493 780
495 533
495 677
498 790
498 886
498 901
498 953
498 955
499 731
500 588
500 643
500 948
500 979
501 831
504 577
504 624
504 646
504 734
504 761
504 796
504 820
505 534
505 774
505 778
505 879
505 919
510 656
510 774
510 778
510 794
510 846
511 884
513 788
514 657
514 717
514 779
514 910
514 911
514 929
515 518
515 655
515 730
515 844
515 966
516 837
518 655
518 730
518 844
518 856
519 562
519 572
519 962
519 988
520 555
523 620
525 720
530 644
530 757
530 937
530 995
530 999
531 635
531 638
533 938
534 699
534 723
534 774
534 778
534 785
534 802
538 736
538 965
540 865
542 918
542 921
545 674
546 672
547 647
547 666
549 590
549 678
550 875
550 972
550 997
552 618
553 696
553 699
553 723
553 892
553 950
554 638
556 788
557 610
557 638
559 878
559 893
559 906
560 561
560 758
560 815
560 929
561 811
561 847
563 602
564 680
565 578
566 691
567 585
567 642
569 697
570 899
571 695
571 704
572 720
575 627
575 636
575 700
575 880
575 895
577 631
577 761
577 784
579 908
580 703
580 765
581 776
582 807
582 818
583 624
583 631
583 633
583 761
583 846
583 934
584 606
584 611
584 724
584 760
585 881
587 710
589 991
590 611
591 619
591 740
591 764
591 831
592 780
595 685
596 860
598 683
598 793
600 651
600 718
601 897
605 699
605 723
605 734
605 820
605 858
606 611
606 849
606 928
610 638
610 990
611 724
611 760
614 700
614 735
614 763
614 800
616 781
617 825
619 764
619 831
621 917
622 752
623 753
623 855
624 734
624 796
624 820
624 825
625 824
626 707
627 636
627 700
627 880
627 895
628 701
628 971
631 784
632 669
632 678
633 737
633 785
635 692
635 803
636 838
636 880
637 675
639 712
639 873
641 714
641 758
641 847
643 969
644 706
645 658
645 708
646 709
647 666
647 749
647 773
651 718
653 709
657 717
657 910
658 708
658 728
658 913
659 741
659 755
659 927
664 742
664 867
664 917
671 815
672 729
674 690
676 739
680 741
682 685
684 951
685 984
692 803
692 974
693 903
696 779
696 892
697 859
700 838
700 935
702 932
703 784
703 879
708 728
708 913
709 737
712 789
712 826
715 775
717 906
717 911
721 964
725 804
728 913
730 844
734 796
734 820
736 864
742 866
742 867
744 783
751 753
754 778
754 950
759 807
759 818
764 977
766 927
766 981
769 850
772 998
777 853
781 822
781 968
782 963
783 885
785 872
791 845
800 967
804 891
804 934
806 883
809 902
815 939
817 941
817 942
822 968
829 959
834 902
839 905
846 872
866 867
904 907
910 994
941 942
953 963
