0 2
0 8
0 16
0 22
0 23
0 24
0 25
0 26
0 27
0 28
0 31
0 148
0 149
0 150
0 151
0 152
0 153
0 154
0 155
0 156
0 157
0 158
0 159
0 160
0 161
0 162
0 163
0 164
0 165
0 166
0 167
0 168
0 169
0 170
0 171
0 172
0 173
0 174
0 175
0 176
0 177
0 178
0 179
0 180
0 181
0 182
0 183
0 184
0 185
0 186
0 187
0 188
0 189
0 190
0 191
0 192
0 193
0 194
0 195
0 196
0 197
0 198
0 199
0 200
0 201
0 202
0 203
0 204
0 205
0 206
0 207
0 208
0 209
0 210
0 211
0 212
0 213
0 214
0 215
0 216
0 217
0 218
0 219
0 220
0 221
0 222
0 223
0 224
0 225
0 226
0 227
0 228
0 229
0 230
0 231
0 232
0 233
0 234
0 235
0 236
0 237
0 238
0 239
0 240
0 241
0 242
0 243
0 244
0 245
0 246
0 247
0 248
0 249
0 250
0 251
0 252
0 253
0 254
0 255
0 256
0 257
0 258
0 259
0 260
0 261
0 262
0 263
0 264
0 265
0 266
0 267
0 268
0 269
0 270
0 271
0 272
0 273
0 274
0 275
0 276
0 277
0 278
0 279
0 280
0 281
0 282
0 283
0 284
0 285
0 286
0 287
0 288
0 289
0 290
0 291
0 292
0 293
0 294
0 295
0 296
0 297
0 298
0 299
0 300
0 301
0 302
0 303
0 304
0 305
0 306
0 307
0 308
0 309
0 310
0 311
0 312
0 313
0 314
0 315
0 316
0 317
0 318
0 319
0 320
0 321
0 322
0 323
0 324
0 325
0 326
0 327
0 328
0 329
0 330
0 331
0 332
0 333
0 334
0 335
0 336
0 337
0 338
0 339
0 340
0 341
0 342
0 343
0 344
0 345
0 346
0 347
0 348
0 349
0 350
0 351
0 352
0 353
0 354
0 355
0 356
0 357
0 358
0 359
0 360
0 361
0 362
0 363
0 364
0 365
0 366
0 367
0 368
0 369
0 370
0 371
0 372
0 373
0 374
0 375
0 376
0 377
0 378
0 379
0 380
0 381
0 382
0 383
0 384
0 385
0 386
0 387
0 388
0 389
0 390
0 391
0 392
0 393
0 394
0 395
0 396
0 397
0 398
0 399
0 400
0 401
0 402
0 403
0 404
0 405
0 406
0 407
0 408
0 409
0 410
0 411
0 412
0 413
0 414
0 415
0 416
0 417
0 418
0 419
0 420
0 421
0 422
0 423
0 424
0 425
0 426
0 427
0 428
0 429
0 430
0 431
0 432
0 433
0 434
0 435
0 436
0 437
0 438
0 439
0 440
0 441
0 442
0 443
0 444
0 445
0 446
0 447
0 448
0 449
0 450
0 451
0 452
0 453
0 454
0 455
0 456
0 457
0 458
0 459
0 460
0 461
0 462
0 463
0 464
0 465
0 466
0 467
0 468
0 469
0 470
0 471
0 472
0 473
0 474
0 475
0 476
0 477
0 478
0 479
0 480
0 481
0 482
0 483
0 484
0 485
0 486
0 487
0 488
0 489
0 490
0 491
0 492
0 493
0 494
0 495
0 496
0 497
0 498
0 499
0 500
0 501
0 502
0 503
0 504
0 505
0 506
0 507
0 508
0 509
0 510
0 511
0 512
0 513
0 514
0 515
0 516
0 517
0 518
0 519
0 520
0 521
0 522
0 523
0 524
0 525
0 526
0 527
0 528
0 529
0 530
0 531
0 532
0 533
0 534
0 535
0 536
0 537
0 538
0 539
0 540
0 541
0 542
0 543
0 544
0 545
0 546
0 547
0 548
0 549
0 550
0 551
0 552
0 553
0 554
0 555
0 556
0 557
0 558
0 559
0 560
0 561
0 562
0 563
0 564
0 565
0 566
0 567
0 568
0 569
0 570
0 571
0 572
0 573
0 574
0 575
0 576
0 577
0 578
0 579
0 580
0 581
0 582
0 583
0 584
0 585
0 586
0 587
0 588
0 589
0 590
0 591
0 592
0 593
0 594
0 595
0 596
0 597
0 598
0 599
0 600
0 601
0 602
0 603
0 604
0 605
0 606
0 607
0 608
0 609
0 610
0 611
0 612
0 613
0 614
0 615
0 616
0 617
0 618
0 619
0 620
0 621
0 622
0 623
0 624
0 625
0 626
0 627
0 628
0 629
0 630
0 631
0 632
0 633
0 634
0 635
0 636
0 637
0 638
0 639
0 640
0 641
0 642
0 643
0 644
0 645
0 646
0 647
0 648
0 649
0 650
0 651
0 652
0 653
0 654
0 655
0 656
0 657
0 658
0 659
0 660
0 661
0 662
0 663
0 664
0 665
0 666
0 667
0 668
0 669
0 670
0 671
0 672
0 673
0 674
0 675
0 676
0 677
0 678
0 679
0 680
0 681
0 682
0 683
0 684
0 685
0 686
0 687
0 688
0 689
0 690
0 691
0 692
0 693
0 694
0 695
0 696
0 697
0 698
0 699
0 700
0 701
0 702
0 703
0 704
0 705
1 7
1 8
1 144
1 145
1 146
1 147
2 3
2 4
2 5
2 7
2 8
2 9
2 10
2 17
2 18
2 19
2 20
2 21
2 22
2 23
2 24
2 25
2 26
2 27
2 28
2 29
2 706
2 707
2 708
2 709
2 710
2 711
2 712
2 713
2 714
2 715
2 716
2 717
2 718
2 719
2 720
2 721
2 722
2 723
2 724
2 725
2 726
2 727
2 728
2 729
2 730
2 731
2 732
2 733
2 734
2 735
2 736
2 737
2 738
2 739
2 740
2 741
2 742
2 743
2 744
2 745
2 746
2 747
2 748
2 749
2 750
2 751
2 752
2 753
2 754
2 755
2 756
2 757
2 758
2 759
2 760
2 761
2 762
2 763
2 764
2 765
2 766
2 767
2 768
2 769
2 770
2 771
2 772
2 773
2 774
2 775
2 776
2 777
2 778
2 779
2 780
2 781
2 782
2 783
2 784
2 785
2 786
2 787
2 788
2 789
2 790
2 791
2 792
2 793
2 794
2 795
2 796
2 797
2 798
2 799
2 800
2 801
2 802
2 803
2 804
2 805
2 806
2 807
2 808
2 809
2 810
2 811
2 812
2 813
2 814
2 815
2 816
2 817
2 818
2 819
2 820
2 821
2 822
2 823
2 824
2 825
2 826
2 827
2 828
2 829
2 830
2 831
2 832
2 833
2 834
2 835
2 836
2 837
2 838
2 839
2 840
2 841
2 842
2 843
2 844
2 845
2 846
2 847
2 848
2 849
2 850
2 851
2 852
2 853
2 854
2 855
2 856
2 857
2 858
2 859
2 860
2 861
2 862
2 863
2 864
2 865
2 866
2 867
2 868
2 869
2 870
2 871
2 872
2 873
2 874
2 875
2 876
2 877
2 878
2 879
2 880
2 881
2 882
2 883
2 884
2 885
2 886
2 887
2 888
2 889
2 890
2 891
2 892
2 893
2 894
2 895
2 896
2 897
2 898
2 899
2 900
2 901
2 902
2 903
2 904
2 905
2 906
2 907
2 908
2 909
2 910
2 911
2 912
2 913
2 914
2 915
2 916
2 917
2 918
2 919
2 920
2 921
2 922
2 923
2 924
2 925
2 926
2 927
2 928
2 929
2 930
2 931
2 932
2 933
2 934
2 935
2 936
2 937
2 938
2 939
2 940
2 941
2 942
2 943
2 944
2 945
2 946
2 947
2 948
2 949
2 950
2 951
2 952
2 953
2 954
2 955
2 956
2 957
2 958
2 959
2 960
2 961
2 962
2 963
2 964
2 965
2 966
2 967
2 968
2 969
2 970
2 971
2 972
2 973
2 974
2 975
2 976
2 977
2 978
2 979
2 980
2 981
2 982
2 983
2 984
2 985
2 986
2 987
2 988
2 989
2 990
2 991
2 992
2 993
2 994
2 995
3 8
3 30
3 31
3 996
3 997
3 998
3 999
4 5
4 7
4 9
4 10
4 11
4 12
4 13
4 14
4 15
4 19
4 20
4 21
4 30
4 39
4 40
4 41
4 42
4 43
4 44
4 45
4 46
4 47
5 7
5 9
5 10
5 11
5 12
5 13
5 14
5 15
5 17
5 18
5 32
5 33
5 34
5 35
5 36
5 37
5 38
6 29
6 48
6 49
6 50
6 51
6 52
6 53
6 54
6 55
6 56
6 57
6 58
6 59
6 60
6 61
6 62
6 63
6 64
6 65
6 66
6 67
6 68
6 69
6 70
6 71
6 72
6 73
6 74
6 75
6 76
6 77
6 78
6 79
6 80
6 81
6 82
6 83
6 84
6 85
6 86
6 87
6 88
6 89
6 90
6 91
6 92
6 93
6 94
6 95
6 96
6 97
6 98
6 99
6 100
6 101
6 102
6 103
6 104
6 105
6 106
6 107
6 108
6 109
6 110
6 111
6 112
6 113
6 114
6 115
6 116
6 117
6 118
6 119
6 120
6 121
6 122
6 123
6 124
6 125
6 126
6 127
6 128
6 129
6 130
6 131
6 132
6 133
6 134
6 135
6 136
6 137
6 138
6 139
6 140
6 141
6 142
6 143
