0 2
0 3
0 4
0 5
0 7
0 8
0 9
0 11
0 12
0 13
0 14
0 16
0 17
0 18
0 20
0 22
0 23
0 25
0 26
0 27
0 29
0 36
0 38
0 41
0 44
0 47
0 48
0 49
0 52
0 57
0 61
0 66
0 72
0 73
0 79
0 81
0 82
0 84
0 86
0 92
0 94
0 95
0 96
0 102
0 110
0 122
0 126
0 128
0 129
0 135
0 141
0 143
0 145
0 147
0 153
0 154
0 157
0 158
0 161
0 168
0 184
0 185
0 187
0 205
0 214
0 219
0 223
0 240
0 241
0 244
0 247
0 259
0 260
0 262
0 267
0 268
0 269
0 270
0 283
0 284
0 288
0 292
0 300
0 312
0 324
0 338
0 354
0 357
0 385
0 387
0 408
0 409
0 428
0 432
0 454
0 462
0 466
0 481
0 509
0 511
0 530
0 544
0 562
0 565
0 566
0 592
0 606
0 638
0 641
0 679
0 689
0 748
0 781
0 981
1 4
1 8
1 10
1 14
1 15
1 19
1 22
1 25
1 27
1 29
1 30
1 33
1 35
1 39
1 45
1 51
1 57
1 60
1 65
1 68
1 69
1 71
1 73
1 77
1 85
1 97
1 99
1 108
1 114
1 123
1 124
1 133
1 148
1 155
1 156
1 159
1 162
1 184
1 186
1 188
1 190
1 192
1 200
1 203
1 208
1 217
1 218
1 235
1 240
1 247
1 250
1 277
1 280
1 296
1 305
1 306
1 308
1 317
1 322
1 327
1 363
1 403
1 420
1 438
1 439
1 441
1 456
1 486
1 507
1 525
1 555
1 590
1 605
1 639
1 658
1 666
1 697
1 700
2 3
2 4
2 5
2 7
2 8
2 9
2 11
2 12
2 13
2 14
2 16
2 17
2 19
2 20
2 21
2 23
2 25
2 26
2 27
2 28
2 29
2 30
2 35
2 36
2 42
2 45
2 47
2 48
2 49
2 52
2 57
2 60
2 61
2 65
2 72
2 77
2 79
2 81
2 82
2 87
2 92
2 94
2 95
2 96
2 102
2 115
2 122
2 126
2 129
2 135
2 136
2 137
2 143
2 145
2 154
2 159
2 160
2 165
2 166
2 178
2 181
2 184
2 185
2 187
2 203
2 235
2 240
2 244
2 258
2 292
2 293
2 312
2 338
2 370
2 385
2 387
2 414
2 432
2 441
2 462
2 466
2 483
2 509
2 511
2 530
2 544
2 548
2 559
2 592
2 606
2 617
2 630
2 638
2 662
2 679
2 710
2 879
2 933
3 4
3 5
3 7
3 8
3 9
3 11
3 12
3 13
3 14
3 16
3 17
3 20
3 23
3 25
3 27
3 29
3 36
3 41
3 44
3 45
3 47
3 49
3 51
3 52
3 63
3 65
3 66
3 73
3 77
3 79
3 81
3 82
3 86
3 92
3 95
3 102
3 105
3 109
3 110
3 115
3 116
3 121
3 122
3 126
3 135
3 141
3 143
3 147
3 154
3 157
3 158
3 161
3 165
3 168
3 178
3 181
3 185
3 196
3 202
3 203
3 205
3 215
3 230
3 244
3 258
3 259
3 260
3 267
3 268
3 269
3 283
3 284
3 292
3 293
3 312
3 319
3 332
3 342
3 357
3 361
3 378
3 390
3 394
3 398
3 408
3 409
3 414
3 432
3 441
3 462
3 466
3 481
3 509
3 511
3 544
3 548
3 630
3 641
3 659
3 690
3 821
4 5
4 6
4 7
4 8
4 9
4 11
4 12
4 13
4 14
4 16
4 17
4 20
4 23
4 25
4 26
4 29
4 30
4 31
4 34
4 35
4 36
4 41
4 42
4 45
4 47
4 49
4 51
4 60
4 65
4 72
4 73
4 79
4 81
4 82
4 87
4 94
4 102
4 109
4 115
4 121
4 122
4 123
4 124
4 126
4 129
4 135
4 143
4 145
4 147
4 159
4 165
4 166
4 171
4 174
4 178
4 181
4 203
4 230
4 231
4 247
4 288
4 292
4 293
4 312
4 319
4 332
4 338
4 342
4 354
4 385
4 387
4 388
4 390
4 394
4 403
4 414
4 441
4 444
4 462
4 466
4 511
4 548
4 630
4 639
4 800
5 7
5 8
5 9
5 11
5 12
5 13
5 14
5 16
5 17
5 18
5 20
5 22
5 23
5 27
5 29
5 36
5 38
5 48
5 49
5 57
5 61
5 66
5 72
5 73
5 82
5 84
5 86
5 92
5 95
5 96
5 110
5 122
5 129
5 135
5 141
5 143
5 145
5 147
5 153
5 154
5 158
5 161
5 185
5 187
5 205
5 219
5 241
5 244
5 247
5 259
5 260
5 262
5 267
5 268
5 269
5 283
5 284
5 288
5 292
5 300
5 324
5 338
5 354
5 385
5 408
5 409
5 428
5 454
5 462
5 511
5 530
5 544
5 562
5 565
5 566
5 592
5 638
5 641
5 679
5 689
5 780
5 781
6 15
6 16
6 18
6 20
6 22
6 28
6 38
6 43
6 47
6 50
6 56
6 62
6 64
6 71
6 88
6 92
6 101
6 108
6 112
6 118
6 119
6 120
6 123
6 135
6 141
6 162
6 164
6 182
6 207
6 217
6 248
6 255
6 257
6 263
6 264
6 275
6 276
6 277
6 279
6 291
6 304
6 310
6 311
6 356
6 377
6 395
6 433
6 434
6 486
6 493
6 588
6 601
6 633
6 785
6 825
6 881
6 965
7 8
7 9
7 11
7 12
7 13
7 14
7 16
7 17
7 19
7 20
7 23
7 25
7 26
7 29
7 30
7 35
7 36
7 41
7 45
7 47
7 49
7 60
7 65
7 72
7 73
7 77
7 79
7 81
7 82
7 87
7 94
7 102
7 109
7 115
7 121
7 122
7 123
7 126
7 129
7 135
7 143
7 145
7 147
7 159
7 165
7 166
7 170
7 178
7 181
7 203
7 230
7 235
7 247
7 258
7 262
7 288
7 292
7 293
7 312
7 319
7 324
7 332
7 338
7 342
7 354
7 370
7 385
7 387
7 390
7 394
7 414
7 432
7 441
7 462
7 466
7 509
7 511
7 548
7 559
7 606
7 630
7 800
8 9
8 11
8 12
8 13
8 14
8 16
8 17
8 20
8 21
8 23
8 25
8 26
8 27
8 29
8 36
8 39
8 42
8 45
8 47
8 49
8 53
8 57
8 61
8 65
8 72
8 77
8 79
8 81
8 87
8 92
8 94
8 95
8 96
8 102
8 115
8 122
8 126
8 129
8 141
8 148
8 154
8 165
8 166
8 178
8 187
8 226
8 235
8 244
8 246
8 258
8 270
8 280
8 312
8 338
8 370
8 385
8 387
8 432
8 466
8 509
8 544
8 559
8 606
8 710
8 933
9 11
9 12
9 13
9 14
9 16
9 17
9 19
9 20
9 21
9 24
9 25
9 26
9 27
9 28
9 29
9 30
9 35
9 36
9 42
9 45
9 47
9 48
9 49
9 52
9 53
9 57
9 60
9 61
9 65
9 72
9 79
9 81
9 87
9 91
9 94
9 96
9 102
9 115
9 123
9 126
9 129
9 137
9 138
9 143
9 154
9 159
9 160
9 165
9 166
9 184
9 185
9 235
9 240
9 244
9 258
9 294
9 312
9 338
9 387
9 388
9 414
9 432
9 466
9 509
9 530
9 592
9 606
9 638
9 679
9 710
9 740
10 19
10 21
10 24
10 27
10 29
10 37
10 40
10 41
10 44
10 46
10 53
10 55
10 56
10 65
10 75
10 76
10 80
10 91
10 93
10 97
10 100
10 104
10 105
10 110
10 111
10 119
10 130
10 132
10 138
10 142
10 146
10 155
10 163
10 168
10 170
10 172
10 175
10 181
10 183
10 191
10 198
10 201
10 204
10 208
10 211
10 214
10 228
10 230
10 234
10 239
10 254
10 256
10 258
10 274
10 278
10 303
10 327
10 331
10 341
10 350
10 363
10 396
10 399
10 421
10 422
10 423
10 427
10 437
10 438
10 450
10 471
10 473
10 476
10 485
10 500
10 502
10 507
10 557
10 563
10 586
10 614
10 621
10 646
10 656
10 678
10 684
10 704
10 712
10 713
10 728
10 770
10 819
11 12
11 13
11 14
11 16
11 17
11 19
11 20
11 23
11 26
11 27
11 29
11 36
11 41
11 44
11 47
11 52
11 64
11 66
11 72
11 73
11 77
11 79
11 87
11 92
11 94
11 95
11 109
11 121
11 122
11 126
11 129
11 137
11 143
11 145
11 147
11 164
11 168
11 178
11 214
11 219
11 230
11 235
11 241
11 246
11 247
11 256
11 258
11 280
11 288
11 300
11 319
11 332
11 338
11 342
11 354
11 370
11 385
11 390
11 394
11 417
11 432
11 462
11 466
11 478
11 483
11 498
11 509
11 544
11 559
11 586
11 602
11 606
11 630
11 641
11 659
11 933
12 13
12 16
12 20
12 24
12 25
12 27
12 29
12 36
12 41
12 44
12 45
12 47
12 48
12 49
12 51
12 52
12 59
12 63
12 65
12 66
12 70
12 77
12 79
12 81
12 82
12 83
12 86
12 89
12 92
12 102
12 105
12 113
12 115
12 116
12 126
12 135
12 136
12 141
12 157
12 165
12 168
12 181
12 202
12 203
12 215
12 244
12 258
12 273
12 292
12 293
12 297
12 312
12 378
12 398
12 414
12 432
12 441
12 466
12 481
12 509
12 511
12 544
12 548
12 641
12 659
12 690
12 720
12 821
13 14
13 16
13 17
13 20
13 21
13 25
13 26
13 27
13 28
13 29
13 36
13 42
13 45
13 47
13 48
13 49
13 57
13 61
13 65
13 72
13 77
13 79
13 81
13 87
13 92
13 94
13 96
13 102
13 114
13 115
13 126
13 129
13 137
13 141
13 165
13 166
13 178
13 184
13 226
13 235
13 239
13 244
13 258
13 270
13 312
13 338
13 370
13 385
13 387
13 432
13 466
13 509
13 522
13 559
13 606
13 629
13 662
13 710
13 828
13 879
13 933
14 16
14 17
14 23
14 27
14 39
14 41
14 48
14 49
14 57
14 61
14 66
14 72
14 79
14 86
14 87
14 95
14 96
14 110
14 116
14 122
14 129
14 143
14 148
14 154
14 158
14 161
14 184
14 187
14 205
14 214
14 226
14 244
14 259
14 260
14 267
14 268
14 269
14 270
14 283
14 284
14 322
14 338
14 354
14 387
14 408
14 409
14 428
14 544
14 602
14 662
14 689
14 791
14 826
14 863
14 879
15 19
15 28
15 32
15 33
15 43
15 44
15 45
15 71
15 93
15 96
15 117
15 124
15 139
15 162
15 167
15 171
15 190
15 207
15 217
15 243
15 247
15 264
15 277
15 295
15 300
15 306
15 311
15 315
15 356
15 362
15 372
15 373
15 375
15 400
15 449
15 463
15 558
15 559
15 644
15 645
15 672
15 701
15 719
15 835
16 17
16 20
16 23
16 25
16 26
16 29
16 36
16 41
16 42
16 45
16 47
16 49
16 52
16 65
16 72
16 73
16 77
16 79
16 81
16 87
16 94
16 95
16 102
16 109
16 115
16 121
16 122
16 126
16 129
16 143
16 145
16 147
16 165
16 178
16 181
16 187
16 203
16 230
16 247
16 256
16 262
16 270
16 288
16 292
16 293
16 312
16 319
16 324
16 332
16 338
16 342
16 354
16 385
16 387
16 390
16 394
16 414
16 462
16 544
16 559
16 630
17 20
17 23
17 29
17 41
17 44
17 46
17 49
17 73
17 79
17 82
17 109
17 121
17 122
17 126
17 135
17 143
17 147
17 167
17 178
17 179
17 188
17 194
17 213
17 219
17 230
17 234
17 235
17 239
17 241
17 249
17 262
17 286
17 288
17 292
17 295
17 300
17 319
17 324
17 332
17 338
17 342
17 352
17 354
17 387
17 390
17 394
17 462
17 480
17 511
17 525
17 547
17 587
17 630
17 795
17 903
17 912
18 22
18 23
18 28
18 38
18 43
18 50
18 54
18 62
18 84
18 85
18 88
18 95
18 107
18 108
18 120
18 128
18 133
18 142
18 144
18 146
18 149
18 153
18 185
18 208
18 232
18 252
18 272
18 290
18 291
18 311
18 317
18 326
18 333
18 339
18 344
18 360
18 364
18 371
18 377
18 395
18 403
18 445
18 454
18 520
18 523
18 560
18 561
18 562
18 568
18 594
18 601
18 625
18 956
19 24
19 26
19 27
19 28
19 33
19 34
19 35
19 41
19 42
19 46
19 52
19 53
19 57
19 60
19 72
19 73
19 77
19 79
19 90
19 91
19 93
19 100
19 102
19 111
19 132
19 137
19 138
19 146
19 159
19 160
19 166
19 175
19 177
19 184
19 187
19 189
19 192
19 194
19 203
19 207
19 233
19 235
19 240
19 256
19 297
19 315
19 361
19 362
19 380
19 388
19 389
19 444
19 478
19 549
19 588
19 736
19 740
19 779
19 896
20 23
20 25
20 27
20 29
20 41
20 44
20 45
20 47
20 49
20 65
20 66
20 73
20 79
20 102
20 105
20 109
20 115
20 116
20 121
20 122
20 126
20 135
20 143
20 145
20 147
20 165
20 168
20 178
20 181
20 203
20 215
20 219
20 230
20 241
20 247
20 292
20 293
20 300
20 312
20 319
20 332
20 342
20 354
20 385
20 390
20 394
20 398
20 414
20 462
20 630
20 690
20 821
21 26
21 35
21 37
21 40
21 42
21 46
21 53
21 55
21 56
21 58
21 72
21 77
21 100
21 104
21 121
21 132
21 134
21 136
21 166
21 170
21 175
21 204
21 210
21 226
21 251
21 253
21 286
21 309
21 341
21 379
21 404
21 405
21 458
21 471
21 514
21 564
21 584
21 594
21 694
21 702
21 739
21 794
21 926
22 23
22 24
22 28
22 38
22 43
22 50
22 62
22 64
22 84
22 88
22 95
22 99
22 100
22 107
22 108
22 112
22 119
22 120
22 124
22 128
22 133
22 142
22 146
22 149
22 153
22 172
22 185
22 188
22 189
22 194
22 200
22 214
22 232
22 252
22 272
22 287
22 291
22 311
22 317
22 318
22 326
22 333
22 339
22 364
22 365
22 395
22 428
22 445
22 454
22 468
22 523
22 562
22 571
22 601
22 683
23 28
23 38
23 41
23 50
23 57
23 61
23 68
23 73
23 84
23 88
23 95
23 96
23 107
23 109
23 121
23 122
23 126
23 128
23 143
23 145
23 147
23 149
23 153
23 178
23 185
23 219
23 230
23 232
23 241
23 247
23 288
23 300
23 317
23 319
23 332
23 338
23 342
23 354
23 385
23 390
23 394
23 454
23 483
23 488
23 530
23 544
23 562
24 28
24 35
24 37
24 40
24 41
24 50
24 52
24 55
24 56
24 60
24 64
24 77
24 81
24 90
24 91
24 98
24 100
24 102
24 106
24 111
24 130
24 137
24 138
24 142
24 153
24 160
24 172
24 175
24 179
24 198
24 204
24 210
24 211
24 220
24 221
24 228
24 229
24 254
24 261
24 264
24 274
24 278
24 322
24 327
24 335
24 341
24 380
24 388
24 399
24 450
24 468
24 473
24 485
24 555
24 576
24 612
24 669
24 678
24 686
24 740
24 822
25 32
25 39
25 45
25 47
25 49
25 59
25 67
25 68
25 69
25 70
25 71
25 73
25 79
25 83
25 85
25 89
25 102
25 113
25 114
25 126
25 133
25 156
25 184
25 201
25 203
25 235
25 266
25 312
25 322
25 339
25 359
25 426
25 479
25 518
25 532
25 666
25 716
25 891
26 28
26 30
26 33
26 35
26 36
26 37
26 42
26 52
26 53
26 56
26 57
26 60
26 64
26 72
26 79
26 87
26 91
26 94
26 106
26 123
26 130
26 136
26 137
26 138
26 140
26 147
26 159
26 160
26 162
26 166
26 170
26 176
26 177
26 179
26 181
26 182
26 189
26 198
26 204
26 209
26 222
26 245
26 251
26 254
26 303
26 318
26 341
26 387
26 389
26 422
26 443
26 472
26 539
26 546
26 561
26 606
26 624
26 710
26 717
26 800
27 34
27 36
27 41
27 44
27 47
27 48
27 52
27 57
27 63
27 66
27 77
27 121
27 129
27 163
27 168
27 176
27 184
27 187
27 196
27 207
27 214
27 234
27 270
27 273
27 280
27 325
27 336
27 350
27 365
27 378
27 446
27 481
27 570
27 602
27 651
27 689
27 737
28 38
28 43
28 50
28 62
28 79
28 84
28 88
28 92
28 111
28 120
28 128
28 133
28 137
28 142
28 149
28 195
28 207
28 214
28 232
28 252
28 255
28 264
28 274
28 294
28 311
28 315
28 372
28 377
28 395
28 473
28 508
28 558
28 576
28 612
28 625
28 645
28 835
29 36
29 47
29 49
29 65
29 82
29 97
29 112
29 122
29 135
29 142
29 143
29 155
29 181
29 200
29 256
29 292
29 293
29 319
29 342
29 365
29 390
29 426
29 438
29 441
29 462
29 466
29 507
29 511
29 548
29 571
29 630
29 652
30 31
30 34
30 35
30 51
30 60
30 72
30 77
30 81
30 87
30 123
30 124
30 136
30 141
30 159
30 166
30 171
30 174
30 231
30 386
30 388
30 403
30 414
30 444
30 580
30 639
30 800
31 32
31 48
31 59
31 63
31 69
31 70
31 78
31 83
31 89
31 96
31 99
31 113
31 117
31 119
31 125
31 173
31 224
31 225
31 348
31 384
31 459
32 48
32 59
32 68
32 69
32 70
32 78
32 83
32 89
32 99
32 113
32 114
32 119
32 125
32 173
32 202
32 203
32 224
32 225
32 243
32 249
32 300
32 308
32 317
32 339
32 352
32 373
32 392
32 420
32 442
32 449
32 510
32 518
32 523
32 532
32 537
32 552
32 587
32 604
32 672
32 716
33 34
33 35
33 39
33 51
33 53
33 63
33 79
33 87
33 106
33 108
33 140
33 150
33 162
33 176
33 179
33 188
33 191
33 201
33 206
33 208
33 250
33 303
33 401
33 443
33 532
33 561
34 39
34 47
34 51
34 52
34 53
34 63
34 77
34 106
34 123
34 140
34 150
34 151
34 157
34 174
34 176
34 179
34 188
34 191
34 194
34 201
34 223
34 231
34 375
34 378
34 388
34 389
34 401
34 403
34 414
34 444
34 532
34 680
35 42
35 52
35 53
35 60
35 64
35 72
35 77
35 79
35 87
35 91
35 106
35 123
35 137
35 138
35 140
35 147
35 159
35 166
35 177
35 179
35 182
35 189
35 192
35 204
35 209
35 240
35 251
35 303
35 388
35 415
35 443
35 453
35 546
35 555
35 609
35 624
35 740
35 926
36 47
36 61
36 64
36 66
36 72
36 77
36 79
36 81
36 82
36 87
36 94
36 121
36 129
36 135
36 136
36 141
36 151
36 246
36 273
36 292
36 338
36 361
36 365
36 379
36 383
36 387
36 441
36 466
36 511
36 538
36 548
36 606
36 629
37 40
37 51
37 55
37 56
37 75
37 76
37 80
37 90
37 91
37 98
37 102
37 103
37 104
37 112
37 130
37 138
37 157
37 166
37 167
37 170
37 175
37 182
37 183
37 198
37 204
37 209
37 210
37 211
37 214
37 220
37 221
37 229
37 234
37 254
37 258
37 261
37 278
37 288
37 294
37 302
37 313
37 318
37 334
37 341
37 347
37 350
37 370
37 396
37 415
37 421
37 422
37 423
37 431
37 436
37 450
37 458
37 471
37 472
37 476
37 484
37 500
37 501
37 502
37 535
37 539
37 563
37 586
37 598
37 599
37 614
37 620
37 621
37 624
37 646
37 656
37 673
37 684
37 704
37 713
37 717
37 728
37 770
37 797
37 825
37 850
37 911
38 43
38 50
38 62
38 84
38 88
38 95
38 107
38 112
38 120
38 128
38 133
38 142
38 149
38 153
38 172
38 185
38 232
38 252
38 272
38 291
38 311
38 317
38 326
38 333
38 339
38 364
38 365
38 377
38 395
38 445
38 454
38 523
38 562
38 601
38 625
39 45
39 57
39 68
39 69
39 70
39 71
39 90
39 98
39 104
39 114
39 133
39 140
39 148
39 150
39 156
39 176
39 191
39 200
39 201
39 208
39 214
39 217
39 221
39 222
39 261
39 287
39 334
39 350
39 374
39 401
39 407
39 431
39 441
39 467
39 683
40 48
40 55
40 56
40 58
40 59
40 67
40 70
40 76
40 83
40 89
40 90
40 98
40 101
40 102
40 103
40 104
40 113
40 130
40 152
40 162
40 170
40 175
40 180
40 183
40 186
40 198
40 204
40 206
40 210
40 211
40 212
40 214
40 218
40 220
40 221
40 254
40 261
40 265
40 271
40 278
40 285
40 287
40 294
40 296
40 320
40 341
40 396
40 421
40 422
40 431
40 471
40 500
40 501
40 502
40 575
40 586
40 614
40 626
40 656
40 704
40 728
40 770
40 801
41 44
41 47
41 66
41 73
41 104
41 109
41 121
41 122
41 126
41 129
41 134
41 147
41 163
41 168
41 178
41 179
41 214
41 222
41 224
41 226
41 227
41 230
41 249
41 273
41 282
41 302
41 319
41 332
41 336
41 339
41 342
41 346
41 350
41 390
41 394
41 404
41 427
41 453
41 472
41 489
41 503
41 570
41 602
41 664
41 751
41 815
41 868
42 53
42 60
42 72
42 79
42 81
42 91
42 100
42 106
42 111
42 137
42 140
42 150
42 166
42 169
42 176
42 177
42 179
42 182
42 189
42 194
42 233
42 274
42 355
42 516
42 535
42 546
43 50
43 62
43 84
43 88
43 93
43 107
43 112
43 119
43 120
43 128
43 133
43 142
43 149
43 153
43 172
43 185
43 214
43 232
43 252
43 272
43 287
43 291
43 304
43 311
43 317
43 326
43 333
43 336
43 364
43 365
43 377
43 395
43 420
43 445
43 486
43 523
43 601
43 633
43 683
43 946
43 989
43 990
44 66
44 131
44 140
44 145
44 167
44 168
44 177
44 188
44 189
44 190
44 227
44 239
44 240
44 295
44 306
44 352
44 362
44 378
44 468
44 480
44 482
44 490
44 514
44 522
44 525
44 547
44 564
44 600
44 605
44 670
45 47
45 65
45 68
45 69
45 71
45 73
45 85
45 114
45 115
45 124
45 126
45 127
45 133
45 156
45 165
45 184
45 190
45 203
45 217
45 235
45 306
45 312
45 322
45 426
45 482
45 605
46 58
46 90
46 97
46 102
46 103
46 110
46 142
46 146
46 161
46 194
46 197
46 199
46 207
46 224
46 249
46 271
46 287
46 305
46 310
46 315
46 356
46 399
46 432
46 461
46 491
46 500
46 509
46 550
46 649
46 722
46 726
46 779
47 48
47 49
47 51
47 52
47 59
47 65
47 70
47 79
47 82
47 83
47 86
47 89
47 102
47 113
47 115
47 126
47 135
47 165
47 176
47 202
47 258
47 292
47 312
47 378
47 432
47 441
47 466
47 509
47 511
47 548
48 55
48 57
48 59
48 67
48 69
48 70
48 78
48 83
48 89
48 95
48 96
48 99
48 101
48 113
48 119
48 125
48 129
48 152
48 173
48 184
48 212
48 224
48 225
48 265
48 320
48 428
48 755
48 790
48 791
49 61
49 63
49 66
49 79
49 82
49 86
49 92
49 95
49 102
49 110
49 126
49 135
49 154
49 158
49 161
49 205
49 259
49 260
49 267
49 268
49 269
49 283
49 284
49 292
49 312
49 378
49 408
49 409
49 511
49 565
49 566
50 62
50 64
50 84
50 88
50 107
50 112
50 119
50 120
50 128
50 133
50 142
50 149
50 153
50 172
50 232
50 252
50 272
50 291
50 304
50 311
50 317
50 326
50 333
50 364
50 377
50 395
50 445
50 468
50 486
50 523
50 571
50 601
50 633
51 91
51 99
51 123
51 124
51 150
51 162
51 167
51 174
51 182
51 206
51 231
51 330
51 362
51 403
51 444
51 531
51 581
51 639
52 60
52 63
52 77
52 81
52 91
52 136
52 138
52 157
52 196
52 273
52 297
52 378
52 388
52 478
52 481
52 580
52 740
53 57
53 60
53 65
53 66
53 87
53 106
53 140
53 150
53 166
53 168
53 174
53 176
53 177
53 179
53 181
53 182
53 188
53 189
53 206
53 208
53 209
53 240
53 261
53 297
53 303
53 487
53 546
53 561
53 624
53 647
54 82
54 85
54 108
54 135
54 144
54 146
54 186
54 208
54 290
54 335
54 344
54 353
54 360
54 366
54 371
54 420
54 439
55 56
55 59
55 67
55 70
55 76
55 83
55 89
55 101
55 104
55 113
55 130
55 131
55 152
55 170
55 175
55 183
55 198
55 199
55 204
55 211
55 212
55 218
55 227
55 229
55 254
55 258
55 265
55 278
55 294
55 320
55 341
55 396
55 417
55 421
55 422
55 423
55 452
55 457
55 458
55 470
55 471
55 484
55 495
55 502
55 574
55 586
55 614
55 631
55 632
55 651
55 656
55 704
55 711
55 726
55 728
55 770
55 801
55 870
56 75
56 76
56 80
56 90
56 98
56 102
56 103
56 104
56 112
56 130
56 138
56 157
56 166
56 170
56 175
56 183
56 198
56 204
56 209
56 210
56 211
56 214
56 220
56 221
56 229
56 234
56 254
56 258
56 261
56 278
56 288
56 294
56 302
56 313
56 318
56 334
56 341
56 347
56 370
56 396
56 415
56 421
56 422
56 423
56 431
56 436
56 450
56 458
56 471
56 472
56 476
56 484
56 500
56 501
56 502
56 535
56 539
56 563
56 586
56 598
56 599
56 614
56 620
56 621
56 624
56 646
56 656
56 673
56 684
56 704
56 713
56 717
56 728
56 770
56 825
56 850
57 61
57 79
57 129
57 148
57 151
57 169
57 184
57 214
57 270
57 295
57 428
57 454
57 791
58 67
58 127
58 167
58 186
58 197
58 237
58 253
58 286
58 301
58 309
58 315
58 337
58 399
58 421
58 458
58 484
58 503
58 552
58 557
58 595
58 611
58 626
59 67
59 69
59 70
59 78
59 83
59 89
59 97
59 99
59 101
59 104
59 113
59 119
59 125
59 152
59 163
59 173
59 212
59 224
59 225
59 265
59 320
59 400
59 421
59 496
59 559
59 644
59 674
59 719
59 755
59 830
60 72
60 91
60 106
60 138
60 140
60 159
60 166
60 169
60 170
60 177
60 179
60 182
60 189
60 192
60 209
60 240
60 262
60 327
60 388
60 415
60 443
60 478
60 546
60 740
61 74
61 92
61 151
61 174
61 244
61 246
61 297
61 361
61 384
61 444
61 565
61 566
61 645
61 680
61 796
62 84
62 88
62 107
62 119
62 120
62 128
62 133
62 149
62 172
62 214
62 232
62 250
62 252
62 272
62 277
62 287
62 326
62 333
62 359
62 365
62 395
62 410
62 445
62 523
62 601
62 683
63 77
63 81
63 117
63 150
63 179
63 188
63 194
63 241
63 246
63 280
63 297
63 348
63 365
63 378
63 481
63 555
63 588
63 794
64 79
64 145
64 147
64 151
64 172
64 209
64 246
64 357
64 448
64 483
64 505
64 529
64 637
64 647
64 693
65 97
65 105
65 115
65 116
65 126
65 132
65 155
65 165
65 175
65 207
65 208
65 215
65 312
65 363
65 396
65 398
65 415
65 438
65 456
65 507
65 690
65 821
66 86
66 95
66 96
66 110
66 129
66 154
66 158
66 161
66 168
66 174
66 185
66 205
66 240
66 259
66 260
66 267
66 268
66 269
66 283
66 284
66 297
66 408
66 409
66 487
67 70
67 83
67 89
67 101
67 105
67 113
67 142
67 152
67 197
67 212
67 216
67 237
67 265
67 286
67 309
67 320
67 323
67 339
67 369
67 374
67 418
67 457
67 557
67 567
67 573
67 595
67 676
67 685
67 739
67 910
68 69
68 71
68 73
68 85
68 96
68 114
68 133
68 156
68 184
68 201
68 203
68 235
68 266
68 322
68 359
68 426
68 530
68 666
68 716
69 70
69 71
69 78
69 83
69 89
69 95
69 96
69 99
69 113
69 114
69 116
69 119
69 125
69 133
69 156
69 173
69 224
69 225
69 266
69 755
69 790
70 78
70 83
70 89
70 95
70 96
70 99
70 101
70 106
70 113
70 119
70 125
70 152
70 173
70 212
70 224
70 225
70 234
70 265
70 320
70 755
70 790
70 856
71 85
71 110
71 114
71 124
71 133
71 153
71 156
71 184
71 190
71 217
71 235
71 239
71 295
71 306
71 322
71 335
71 336
71 588
71 605
71 666
71 827
71 930
72 77
72 79
72 81
72 87
72 92
72 94
72 129
72 136
72 141
72 159
72 164
72 166
72 240
72 338
72 379
72 385
72 387
72 401
72 606
72 669
73 109
73 114
73 121
73 122
73 126
73 132
73 145
73 147
73 178
73 203
73 230
73 247
73 256
73 319
73 332
73 342
73 354
73 385
73 390
73 394
73 426
73 498
73 716
73 720
73 858
73 859
74 223
74 281
74 298
74 796
75 80
75 98
75 127
75 139
75 180
75 193
75 195
75 234
75 242
75 289
75 294
75 304
75 309
75 382
75 393
75 399
75 406
75 427
75 474
75 475
75 476
75 563
75 597
75 621
75 684
76 104
76 109
76 139
76 160
76 162
76 163
76 180
76 183
76 186
76 204
76 206
76 213
76 218
76 220
76 229
76 242
76 243
76 253
76 254
76 258
76 271
76 285
76 286
76 294
76 303
76 324
76 406
76 423
76 437
76 448
76 458
76 484
76 497
76 534
76 735
76 801
76 852
77 81
77 136
77 141
77 196
77 209
77 244
77 293
77 443
77 481
77 555
77 580
77 669
78 83
78 89
78 99
78 113
78 119
78 125
78 173
78 224
78 225
78 307
78 329
78 459
79 81
79 87
79 94
79 102
79 126
79 137
79 143
79 147
79 159
79 160
79 166
79 204
79 209
79 303
79 312
79 338
79 387
79 443
79 606
79 710
80 93
80 97
80 98
80 112
80 115
80 116
80 139
80 167
80 195
80 197
80 215
80 234
80 242
80 289
80 301
80 340
80 372
80 399
80 400
80 446
80 451
80 476
80 510
80 512
80 540
80 563
80 574
80 621
80 684
80 703
80 742
80 954
81 94
81 141
81 166
81 169
81 176
81 273
81 325
81 338
81 355
81 378
81 387
81 400
81 481
81 588
82 93
82 108
82 135
82 161
82 180
82 181
82 200
82 292
82 426
82 441
82 466
82 511
82 548
82 571
82 597
82 652
83 89
83 95
83 96
83 99
83 101
83 113
83 119
83 125
83 152
83 173
83 212
83 224
83 225
83 265
83 320
83 755
83 790
84 88
84 95
84 107
84 120
84 128
84 133
84 142
84 149
84 153
84 172
84 185
84 232
84 252
84 272
84 291
84 311
84 326
84 333
84 339
84 364
84 377
84 395
84 445
84 454
84 523
84 562
84 601
84 625
85 135
85 144
85 184
85 235
85 290
85 322
85 344
85 360
85 371
85 520
85 526
85 560
85 568
85 617
85 666
86 92
86 95
86 110
86 135
86 154
86 158
86 161
86 185
86 205
86 223
86 244
86 259
86 260
86 267
86 268
86 269
86 283
86 284
86 357
86 408
86 409
86 511
86 641
87 94
87 123
87 136
87 164
87 166
87 204
87 209
87 387
87 606
87 624
87 710
87 717
87 800
88 107
88 112
88 119
88 120
88 128
88 133
88 142
88 149
88 153
88 185
88 232
88 252
88 272
88 291
88 311
88 317
88 326
88 333
88 364
88 365
88 395
88 445
88 523
88 601
89 99
89 101
89 113
89 119
89 125
89 152
89 173
89 212
89 224
89 225
89 265
89 320
89 459
89 755
90 98
90 102
90 103
90 118
90 130
90 146
90 175
90 183
90 194
90 197
90 198
90 199
90 207
90 210
90 211
90 214
90 220
90 221
90 222
90 242
90 254
90 261
90 271
90 278
90 287
90 305
90 315
90 334
90 346
90 347
90 350
90 370
90 374
90 407
90 431
90 452
90 500
90 501
90 535
90 550
90 556
90 598
90 599
90 722
90 768
90 779
90 849
91 100
91 130
91 138
91 142
91 167
91 172
91 182
91 198
91 211
91 274
91 327
91 388
91 399
91 407
91 450
91 678
91 740
92 100
92 182
92 244
92 257
92 264
92 299
92 492
92 565
92 566
92 575
92 641
93 97
93 98
93 110
93 115
93 116
93 138
93 215
93 289
93 297
93 301
93 336
93 340
93 372
93 413
93 446
93 451
93 512
93 540
93 563
93 572
93 577
93 703
93 742
93 752
94 166
94 338
94 387
94 606
94 710
95 96
95 110
95 113
95 122
95 153
95 154
95 158
95 161
95 185
95 205
95 259
95 260
95 267
95 268
95 269
95 283
95 284
95 338
95 408
95 409
95 454
95 544
95 562
96 113
96 117
96 129
96 154
96 171
96 185
96 375
96 530
96 592
96 638
96 679
96 781
97 98
97 110
97 115
97 116
97 119
97 132
97 142
97 155
97 197
97 207
97 215
97 289
97 301
97 340
97 363
97 398
97 399
97 421
97 438
97 451
97 467
97 507
97 512
97 540
97 563
97 665
97 703
97 787
97 883
98 102
98 103
98 115
98 116
98 130
98 132
98 148
98 175
98 198
98 210
98 211
98 214
98 215
98 220
98 221
98 234
98 254
98 261
98 278
98 289
98 301
98 334
98 340
98 370
98 431
98 451
98 456
98 476
98 500
98 501
98 512
98 535
98 540
98 563
98 598
98 599
98 703
99 113
99 119
99 124
99 125
99 145
99 149
99 162
99 173
99 208
99 225
99 349
99 389
99 418
99 465
99 480
99 490
99 547
99 670
99 723
100 111
100 138
100 141
100 146
100 172
100 188
100 194
100 233
100 264
100 274
100 299
100 327
100 372
100 492
100 575
100 576
100 686
100 794
101 113
101 152
101 155
101 212
101 216
101 265
101 294
101 310
101 320
101 368
101 381
101 391
101 457
101 567
101 676
102 126
102 130
102 146
102 175
102 198
102 207
102 210
102 211
102 220
102 221
102 254
102 261
102 271
102 278
102 287
102 305
102 312
102 334
102 370
102 535
102 598
102 599
102 722
102 779
103 128
103 130
103 131
103 142
103 196
103 199
103 210
103 213
103 214
103 220
103 221
103 227
103 237
103 245
103 254
103 255
103 261
103 275
103 276
103 278
103 279
103 304
103 321
103 343
103 358
103 382
103 397
103 411
103 424
103 431
103 460
103 474
103 475
103 495
103 500
103 501
103 541
103 542
103 649
103 726
103 798
103 799
104 130
104 134
104 148
104 163
104 170
104 175
104 179
104 180
104 183
104 198
104 204
104 211
104 214
104 222
104 226
104 227
104 243
104 249
104 254
104 273
104 278
104 282
104 341
104 396
104 404
104 421
104 422
104 453
104 471
104 472
104 502
104 586
104 614
104 656
104 664
104 704
104 728
104 770
104 815
104 830
105 116
105 215
105 376
105 398
105 435
105 514
105 690
105 821
105 848
106 140
106 150
106 176
106 177
106 179
106 182
106 189
106 234
106 355
106 375
106 378
106 496
106 532
106 535
106 546
106 659
106 680
106 826
106 856
107 120
107 127
107 232
107 241
107 252
107 272
107 282
107 316
107 333
107 351
107 362
107 445
107 464
107 515
107 653
108 109
108 144
108 146
108 180
108 186
108 191
108 208
108 247
108 285
108 288
108 302
108 308
108 366
108 413
108 420
108 470
108 482
108 499
108 508
108 519
108 533
108 560
108 561
108 597
108 612
108 619
108 681
108 836
108 837
108 851
108 869
108 956
109 121
109 122
109 126
109 147
109 161
109 178
109 186
109 191
109 230
109 243
109 285
109 288
109 302
109 319
109 332
109 342
109 360
109 390
109 394
109 397
109 413
109 482
109 497
109 499
109 508
109 519
109 533
109 612
109 619
109 681
109 719
109 818
109 836
109 837
109 869
110 153
110 154
110 158
110 161
110 197
110 205
110 236
110 239
110 259
110 260
110 267
110 268
110 269
110 283
110 284
110 308
110 335
110 408
110 409
110 416
110 430
110 827
110 880
110 930
111 132
111 137
111 138
111 144
111 169
111 172
111 184
111 193
111 211
111 228
111 264
111 274
111 280
111 355
111 473
111 485
111 555
111 576
111 686
112 120
112 128
112 142
112 149
112 153
112 168
112 250
112 289
112 291
112 311
112 317
112 326
112 346
112 364
112 392
112 416
112 465
112 648
112 718
113 119
113 125
113 152
113 173
113 212
113 224
113 225
113 265
113 320
113 755
113 790
114 119
114 156
114 201
114 203
114 208
114 239
114 266
114 288
114 302
114 359
114 426
114 516
114 522
114 585
114 622
114 665
114 716
114 766
114 828
114 928
115 116
115 126
115 165
115 197
115 215
115 289
115 301
115 312
115 330
115 340
115 451
115 512
115 540
115 563
115 575
115 703
116 119
116 215
116 227
116 251
116 263
116 289
116 306
116 340
116 398
116 451
116 456
116 690
116 821
117 158
117 171
117 266
117 348
117 375
117 477
117 506
118 238
118 248
118 310
118 314
118 334
118 374
118 376
118 407
118 504
118 556
118 768
118 788
118 849
119 125
119 168
119 173
119 191
119 208
119 225
119 239
119 398
119 522
119 936
120 128
120 133
120 142
120 149
120 232
120 233
120 252
120 272
120 291
120 304
120 311
120 321
120 326
120 333
120 364
120 377
120 395
120 445
120 486
120 625
120 633
120 812
121 122
121 126
121 141
121 147
121 178
121 196
121 230
121 280
121 319
121 325
121 332
121 342
121 390
121 394
121 537
121 538
121 580
121 584
121 651
121 655
121 706
121 842
121 843
122 126
122 143
122 145
122 147
122 178
122 219
122 230
122 241
122 247
122 300
122 319
122 332
122 338
122 342
122 354
122 385
122 390
122 394
122 462
122 544
123 124
123 151
123 174
123 188
123 231
123 388
123 403
123 414
123 444
123 639
123 800
124 148
124 184
124 208
124 235
124 247
124 277
124 403
124 439
124 441
124 525
124 605
124 639
124 658
124 700
125 173
125 224
125 225
125 226
125 287
125 365
125 459
126 147
126 165
126 178
126 203
126 230
126 312
126 319
126 332
126 342
126 349
126 390
126 394
127 139
127 163
127 167
127 180
127 181
127 186
127 210
127 213
127 222
127 242
127 286
127 294
127 303
127 316
127 324
127 364
127 406
127 437
127 448
127 482
127 494
127 534
127 611
127 674
127 707
127 855
128 131
128 133
128 142
128 149
128 153
128 172
128 185
128 199
128 232
128 252
128 291
128 311
128 317
128 326
128 333
128 364
128 377
128 395
128 625
129 184
129 187
129 214
129 226
129 270
129 428
129 588
129 602
129 662
129 689
129 791
129 879
130 138
130 166
130 170
130 175
130 183
130 198
130 204
130 209
130 210
130 211
130 214
130 220
130 221
130 224
130 229
130 254
130 261
130 278
130 288
130 302
130 313
130 318
130 334
130 336
130 341
130 350
130 370
130 415
130 421
130 422
130 431
130 436
130 450
130 471
130 472
130 500
130 501
130 502
130 535
130 539
130 586
130 598
130 599
130 624
130 646
130 656
130 673
130 704
130 713
130 717
130 728
130 770
130 825
130 878
131 183
131 196
131 199
131 200
131 213
131 229
131 245
131 255
131 275
131 276
131 279
131 304
131 321
131 334
131 343
131 358
131 382
131 397
131 411
131 424
131 460
131 469
131 470
131 474
131 475
131 495
131 516
131 541
131 542
131 649
131 695
131 727
131 765
131 784
131 798
131 799
131 893
131 945
132 150
132 155
132 162
132 175
132 184
132 203
132 218
132 221
132 256
132 296
132 363
132 368
132 438
132 518
132 568
132 585
132 615
132 654
132 675
132 694
132 701
132 746
132 772
132 773
133 134
133 142
133 149
133 156
133 232
133 245
133 249
133 252
133 292
133 311
133 313
133 326
133 335
133 366
133 377
133 402
133 452
133 467
133 625
133 744
134 146
134 190
134 200
134 207
134 224
134 226
134 230
134 249
134 271
134 282
134 287
134 313
134 326
134 335
134 366
134 404
134 452
134 467
134 468
134 588
134 600
134 744
134 796
134 925
135 181
135 202
135 292
135 441
135 466
135 511
135 548
135 571
135 652
135 832
136 141
136 164
136 222
136 228
136 256
136 303
136 325
136 386
136 401
136 412
136 414
136 437
136 474
136 497
137 164
137 169
137 214
137 250
137 257
137 264
137 274
137 277
137 294
137 355
137 498
137 576
137 586
137 626
138 166
138 170
138 172
138 181
138 198
138 204
138 209
138 211
138 228
138 254
138 274
138 318
138 327
138 341
138 388
138 422
138 450
138 467
138 473
138 485
138 539
138 624
138 717
138 740
139 167
139 181
139 186
139 213
139 242
139 276
139 279
139 286
139 294
139 311
139 324
139 364
139 402
139 406
139 463
139 494
139 534
139 536
139 553
139 572
139 577
139 647
139 674
139 701
139 734
139 745
139 852
140 150
140 168
140 176
140 177
140 179
140 182
140 189
140 191
140 194
140 201
140 401
140 516
140 546
140 596
140 605
140 727
141 164
141 244
141 303
141 325
141 386
141 401
141 437
142 149
142 153
142 211
142 232
142 252
142 275
142 291
142 292
142 311
142 317
142 326
142 333
142 364
142 399
142 418
142 492
142 610
142 649
142 725
142 754
142 943
143 219
143 241
143 242
143 262
143 288
143 300
143 324
143 338
143 343
143 346
143 353
143 354
143 387
143 630
143 903
144 169
144 193
144 208
144 290
144 322
144 344
144 360
144 371
144 401
144 520
144 526
144 555
144 560
145 147
145 178
145 217
145 247
145 349
145 354
145 385
145 440
145 465
145 480
145 483
145 490
145 547
145 582
145 613
145 642
145 670
145 723
146 188
146 190
146 194
146 218
146 249
146 287
146 296
146 318
146 335
146 366
146 779
146 925
147 160
147 178
147 209
147 230
147 247
147 262
147 319
147 332
147 342
147 349
147 354
147 385
147 390
147 394
147 412
147 448
147 529
147 671
148 163
148 180
148 200
148 218
148 221
148 222
148 296
148 305
148 350
148 370
148 439
148 441
148 467
148 486
148 700
149 153
149 185
149 232
149 252
149 291
149 311
149 317
149 326
149 333
149 364
149 377
149 395
149 418
149 625
150 176
150 177
150 179
150 182
150 188
150 189
150 191
150 194
150 201
150 218
150 271
150 296
150 305
150 401
150 546
150 701
151 174
151 231
151 246
151 295
151 444
152 212
152 216
152 265
152 294
152 320
152 368
152 381
152 457
152 567
152 596
152 676
152 765
152 820
152 861
152 893
153 172
153 185
153 239
153 291
153 311
153 317
153 326
153 335
153 364
153 454
153 551
153 562
153 684
153 743
153 767
153 827
153 930
154 158
154 161
154 185
154 205
154 259
154 260
154 267
154 268
154 269
154 283
154 284
154 408
154 409
154 530
154 544
154 592
154 638
154 679
154 780
154 781
155 216
155 256
155 310
155 363
155 391
155 438
155 507
156 201
156 239
156 266
156 359
156 522
156 766
157 183
157 200
157 204
157 221
157 226
157 244
157 261
157 339
157 346
157 347
157 376
157 405
157 425
157 442
157 481
157 620
157 839
157 850
157 975
158 161
158 205
158 236
158 259
158 260
158 267
158 268
158 269
158 283
158 284
158 408
158 409
158 430
158 477
158 880
159 160
159 166
159 170
159 192
159 228
159 240
159 262
159 443
160 166
160 209
160 220
160 222
160 243
160 262
160 337
160 349
160 412
160 448
160 529
160 671
161 186
161 199
161 205
161 236
161 259
161 260
161 267
161 268
161 269
161 283
161 284
161 408
161 409
161 430
161 880
161 910
162 180
162 188
162 220
162 250
162 285
162 327
162 356
162 389
163 179
163 180
163 207
163 208
163 210
163 214
163 222
163 227
163 243
163 251
163 273
163 286
163 336
163 350
163 367
163 448
163 453
163 472
163 500
163 570
163 664
163 707
163 815
163 830
164 222
164 228
164 256
164 303
164 325
164 401
164 437
164 474
164 497
164 498
164 586
165 203
165 308
165 312
165 352
165 910
165 939
166 170
166 198
166 204
166 209
166 251
166 254
166 318
166 341
166 422
166 539
166 624
166 717
167 182
167 186
167 239
167 242
167 295
167 315
167 352
167 364
167 402
167 525
167 572
167 577
168 191
168 208
168 239
168 261
168 416
168 522
168 600
168 605
168 693
168 851
169 176
169 182
169 192
169 193
169 233
169 327
169 355
169 359
169 454
169 478
169 555
169 934
170 175
170 183
170 198
170 204
170 209
170 210
170 211
170 229
170 254
170 262
170 278
170 318
170 341
170 393
170 396
170 421
170 422
170 452
170 471
170 472
170 502
170 539
170 574
170 586
170 614
170 621
170 624
170 656
170 704
170 717
170 728
170 770
170 786
170 840
170 870
170 977
171 227
171 286
171 306
171 308
171 375
171 611
171 802
171 872
172 211
172 228
172 274
172 313
172 326
172 327
172 339
172 473
172 485
172 486
173 224
173 225
173 459
174 231
174 240
174 297
174 388
174 403
174 414
174 444
174 487
175 183
175 198
175 204
175 207
175 210
175 211
175 220
175 221
175 254
175 261
175 278
175 334
175 341
175 350
175 363
175 370
175 396
175 398
175 415
175 421
175 422
175 471
175 502
175 535
175 586
175 598
175 599
175 614
175 646
175 656
175 682
175 704
175 728
175 733
175 763
175 770
176 179
176 191
176 201
176 355
176 378
176 401
176 532
176 535
176 584
176 588
176 729
176 810
177 179
177 182
177 187
177 188
177 189
177 194
177 240
177 366
177 372
177 378
177 516
177 532
177 546
177 596
177 727
178 217
178 230
178 319
178 332
178 342
178 390
178 394
178 440
178 483
178 582
178 613
178 642
178 933
179 182
179 188
179 189
179 194
179 214
179 372
179 532
179 546
179 561
180 210
180 220
180 222
180 242
180 251
180 285
180 303
180 304
180 437
180 471
180 597
181 213
181 222
181 242
181 293
181 303
181 324
181 331
181 393
181 406
181 437
181 467
181 534
181 571
181 652
181 674
182 189
182 194
182 257
182 264
182 315
182 327
182 372
182 400
182 478
182 546
183 198
183 200
183 204
183 224
183 229
183 258
183 263
183 278
183 287
183 294
183 313
183 334
183 336
183 341
183 347
183 350
183 407
183 421
183 423
183 458
183 471
183 483
183 484
183 495
183 620
183 656
183 704
183 728
183 850
183 878
184 193
184 235
184 322
184 604
184 605
184 739
185 311
185 454
185 530
185 562
185 592
185 638
185 679
185 780
185 781
186 213
186 285
186 286
186 305
186 308
186 324
186 360
186 420
186 494
186 497
186 719
186 818
187 189
187 221
187 226
187 261
187 270
187 302
187 350
187 367
187 379
187 383
187 453
187 514
187 564
187 609
187 616
187 689
187 736
187 946
188 189
188 194
188 219
188 239
188 240
188 318
188 601
189 194
189 366
189 372
189 378
189 516
189 532
189 546
189 596
189 727
190 200
190 217
190 245
190 249
190 282
190 306
190 362
190 561
190 569
190 925
191 201
191 208
191 247
191 285
191 346
191 401
191 470
191 499
191 533
191 617
191 619
191 851
191 921
191 983
192 231
192 233
192 244
192 380
192 792
192 822
193 231
193 240
193 263
193 297
193 322
193 361
193 487
193 555
193 618
193 636
194 207
194 239
194 318
194 372
194 546
195 308
195 314
195 372
195 393
195 648
195 693
195 743
195 838
196 304
196 460
196 469
196 558
196 649
196 651
196 734
196 798
196 799
197 215
197 237
197 243
197 253
197 286
197 301
197 306
197 309
197 330
197 340
197 347
197 363
197 397
197 399
197 400
197 510
197 557
197 595
197 750
198 204
198 209
198 210
198 211
198 220
198 221
198 229
198 254
198 261
198 278
198 288
198 302
198 318
198 325
198 334
198 341
198 370
198 415
198 421
198 422
198 436
198 450
198 471
198 472
198 502
198 539
198 586
198 598
198 599
198 624
198 646
198 656
198 673
198 704
198 713
198 717
198 728
198 770
198 825
199 207
199 213
199 245
199 255
199 275
199 276
199 279
199 304
199 315
199 321
199 343
199 356
199 358
199 382
199 397
199 411
199 424
199 432
199 474
199 475
199 491
199 509
199 541
199 542
199 553
199 647
199 649
199 695
199 726
200 218
200 249
200 296
200 305
200 334
200 346
200 347
200 486
200 495
200 620
200 661
201 401
201 549
201 890
201 921
202 266
202 300
202 339
202 351
202 392
202 442
202 511
202 904
203 256
203 312
203 426
203 543
203 640
203 716
203 898
203 976
204 209
204 211
204 229
204 251
204 254
204 258
204 288
204 294
204 302
204 318
204 341
204 347
204 370
204 396
204 415
204 422
204 423
204 436
204 450
204 458
204 471
204 472
204 484
204 502
204 539
204 598
204 599
204 614
204 620
204 624
204 646
204 673
204 713
204 717
204 850
205 236
205 259
205 260
205 267
205 268
205 269
205 283
205 284
205 408
205 409
205 430
206 208
206 218
206 220
206 254
206 271
206 305
206 362
206 569
206 650
207 211
207 249
207 255
207 264
207 315
207 336
207 372
207 415
207 450
207 570
207 779
208 239
208 353
208 456
208 522
208 549
208 830
208 936
209 210
209 222
209 251
209 254
209 293
209 303
209 318
209 341
209 343
209 422
209 436
209 456
209 472
209 502
209 539
209 586
209 624
209 656
209 717
209 732
209 825
210 214
210 220
210 221
210 222
210 227
210 242
210 254
210 261
210 278
210 343
210 380
210 393
210 431
210 448
210 456
210 500
210 501
210 707
210 732
211 221
211 228
211 229
211 254
211 261
211 278
211 288
211 294
211 302
211 318
211 341
211 370
211 399
211 415
211 422
211 436
211 450
211 471
211 472
211 473
211 485
211 502
211 535
211 539
211 598
211 599
211 646
211 673
211 713
211 770
212 216
212 258
212 265
212 294
212 320
212 337
212 368
212 381
212 457
212 491
212 567
212 676
213 242
213 245
213 255
213 262
213 275
213 276
213 279
213 286
213 300
213 321
213 324
213 343
213 358
213 382
213 397
213 406
213 411
213 424
213 474
213 475
213 494
213 517
213 529
213 534
213 536
213 541
213 542
213 550
213 674
213 852
213 907
214 220
214 221
214 254
214 261
214 270
214 278
214 287
214 294
214 365
214 431
214 500
214 501
214 602
214 683
215 253
215 289
215 301
215 330
215 340
215 347
215 398
215 451
215 456
215 512
215 540
215 563
215 690
215 703
215 821
216 265
216 294
216 310
216 337
216 368
216 381
216 391
216 676
217 287
217 306
217 337
217 440
217 513
217 582
217 613
217 642
217 757
218 220
218 229
218 254
218 271
218 287
218 296
218 305
218 362
218 417
218 486
218 501
218 611
218 661
218 701
218 722
218 819
219 241
219 300
220 221
220 254
220 261
220 271
220 278
220 285
220 296
220 318
220 325
220 421
220 431
220 448
220 500
220 501
220 735
220 801
220 818
221 254
221 261
221 278
221 334
221 350
221 370
221 374
221 376
221 407
221 431
221 456
221 500
221 501
221 535
221 598
221 599
221 620
221 839
222 242
222 251
222 256
222 303
222 437
222 448
222 452
222 707
223 357
223 650
223 705
223 714
223 875
224 225
224 230
224 350
224 459
225 459
226 230
226 249
226 270
226 282
226 336
226 404
226 600
226 946
227 229
227 251
227 276
227 279
227 280
227 306
227 336
227 383
227 453
227 618
227 726
227 815
228 325
228 473
228 485
228 497
228 538
228 580
228 706
228 993
229 287
229 288
229 302
229 318
229 334
229 370
229 382
229 415
229 422
229 436
229 450
229 470
229 472
229 495
229 502
229 503
229 539
229 583
229 598
229 599
229 646
229 673
229 691
229 699
229 713
229 782
229 783
229 870
230 237
230 319
230 332
230 342
230 390
230 394
230 404
230 600
230 738
231 380
231 432
231 444
231 792
231 888
232 252
232 272
232 311
232 333
232 339
232 395
232 445
233 355
233 377
233 625
233 934
234 425
234 570
234 804
234 856
235 322
235 605
235 666
235 711
235 996
236 259
236 260
236 267
236 268
236 269
236 283
236 284
236 430
236 635
237 286
237 309
237 397
237 503
237 552
237 557
237 595
237 649
237 702
237 715
237 738
238 314
238 353
238 428
239 292
239 295
239 335
239 352
239 405
239 489
239 522
239 525
239 766
239 827
239 828
239 899
239 930
240 282
240 297
240 384
240 487
240 636
240 680
241 272
241 300
241 351
241 464
242 253
242 285
242 304
242 324
242 402
242 406
242 452
242 499
242 533
242 534
242 572
242 577
242 597
242 674
242 681
242 684
242 745
242 767
242 807
242 877
243 337
243 373
243 397
243 449
243 672
244 481
244 641
244 826
245 255
245 275
245 276
245 279
245 321
245 343
245 358
245 382
245 393
245 397
245 402
245 411
245 424
245 474
245 475
245 541
245 542
245 553
245 634
245 671
246 280
246 361
246 588
247 277
247 285
247 354
247 385
247 470
247 499
247 613
247 615
247 922
248 299
248 310
248 328
248 429
248 433
248 434
248 493
248 528
248 578
248 589
248 607
248 627
248 667
248 668
249 282
249 313
249 326
249 335
249 366
249 404
249 452
249 467
249 744
249 925
250 277
250 359
250 410
250 705
250 769
251 273
251 276
251 279
251 306
251 383
251 435
251 453
252 272
252 291
252 326
252 333
252 339
252 364
252 377
252 395
252 445
252 625
253 309
253 347
253 458
253 480
253 503
253 513
253 552
253 594
253 595
253 611
253 675
253 739
253 867
254 261
254 271
254 278
254 294
254 318
254 341
254 422
254 431
254 436
254 471
254 500
254 501
254 502
254 539
254 586
254 624
254 656
254 717
254 801
255 264
255 275
255 276
255 279
255 315
255 321
255 343
255 358
255 382
255 397
255 411
255 424
255 474
255 475
255 541
255 542
255 553
255 634
256 438
256 496
256 498
256 507
256 574
256 655
257 264
257 637
258 356
258 423
258 432
258 440
258 458
258 484
258 491
258 509
258 521
258 527
259 260
259 267
259 268
259 269
259 283
259 284
259 408
259 409
259 430
259 880
260 267
260 268
260 269
260 283
260 284
260 408
260 409
260 430
260 880
261 278
261 334
261 350
261 370
261 374
261 376
261 407
261 431
261 500
261 501
261 535
261 598
261 599
261 620
261 839
262 324
262 349
262 443
262 448
262 470
262 499
262 517
262 529
262 671
262 907
263 313
263 555
263 618
263 661
264 274
264 315
264 372
264 558
264 576
264 645
264 686
264 835
265 294
265 320
265 332
265 368
265 381
265 457
265 567
265 676
265 774
265 803
265 884
266 288
266 302
266 348
266 351
266 359
266 477
266 506
266 516
266 585
266 622
266 665
266 928
267 268
267 269
267 283
267 284
267 408
267 409
267 430
268 269
268 283
268 284
268 408
268 409
268 430
269 283
269 284
269 408
269 409
269 430
270 334
270 374
270 573
270 685
270 853
270 863
271 282
271 287
271 305
271 421
271 501
271 569
271 721
271 722
272 333
272 351
272 445
272 464
273 280
273 325
273 365
273 379
273 383
273 453
273 472
273 618
273 664
274 327
274 355
274 576
274 686
275 276
275 279
275 321
275 343
275 358
275 382
275 397
275 411
275 424
275 469
275 474
275 475
275 492
275 516
275 536
275 541
275 542
275 640
275 643
275 665
275 695
275 727
275 765
275 784
275 785
275 881
275 882
275 893
275 894
275 913
275 945
275 973
275 974
276 279
276 321
276 324
276 343
276 358
276 382
276 383
276 393
276 397
276 406
276 411
276 424
276 453
276 474
276 475
276 494
276 536
276 541
276 542
276 553
277 359
277 410
278 294
278 334
278 341
278 370
278 421
278 422
278 425
278 431
278 471
278 500
278 501
278 502
278 535
278 586
278 598
278 599
278 656
278 704
278 728
278 825
279 321
279 324
279 343
279 358
279 382
279 383
279 393
279 397
279 406
279 411
279 424
279 474
279 475
279 494
279 536
279 541
279 542
279 553
279 634
280 588
280 618
281 298
282 286
282 305
282 362
282 404
282 550
282 569
282 653
282 721
283 284
283 408
283 409
283 430
284 408
284 409
284 430
285 470
285 497
285 499
285 533
285 613
285 615
285 681
285 684
285 724
285 767
285 807
285 818
285 867
285 877
285 922
286 306
286 309
286 324
286 335
286 337
286 366
286 400
286 439
286 494
286 557
286 595
286 700
286 817
286 883
287 296
287 305
287 334
287 365
287 495
287 524
287 683
287 722
287 785
287 824
287 902
288 302
288 318
288 338
288 354
288 370
288 413
288 415
288 422
288 436
288 450
288 472
288 482
288 499
288 502
288 508
288 516
288 519
288 533
288 539
288 585
288 598
288 599
288 612
288 619
288 622
288 640
288 643
288 646
288 665
288 673
288 681
288 713
288 836
288 837
288 869
288 886
288 906
288 928
288 960
289 301
289 340
289 372
289 399
289 446
289 451
289 512
289 540
289 563
289 574
289 703
289 742
289 954
290 344
290 360
290 469
290 519
290 520
290 560
290 568
290 741
291 304
291 311
291 317
291 326
291 333
291 364
291 377
291 418
291 486
291 633
292 441
292 466
292 511
292 548
293 482
293 508
293 663
294 368
294 381
294 382
294 406
294 423
294 427
294 471
295 352
295 525
296 305
296 486
296 697
296 701
297 384
297 487
297 636
297 680
299 328
299 429
299 492
299 504
299 528
299 575
299 578
299 607
299 627
299 667
299 668
299 764
300 324
300 354
300 392
300 442
300 480
300 547
301 340
301 399
301 400
301 416
301 451
301 512
301 540
301 563
301 574
301 954
302 318
302 370
302 379
302 383
302 413
302 415
302 422
302 427
302 436
302 450
302 472
302 482
302 489
302 499
302 502
302 503
302 508
302 514
302 516
302 519
302 533
302 539
302 557
302 564
302 585
302 598
302 599
302 612
302 616
302 619
302 622
302 640
302 643
302 646
302 665
302 673
302 681
302 713
302 724
302 727
302 730
302 745
302 765
302 785
302 820
302 824
302 825
302 836
302 837
302 855
302 864
302 868
302 869
302 886
302 902
302 906
302 928
302 963
302 984
303 321
303 325
303 331
303 343
303 393
303 427
303 437
303 443
303 503
303 707
304 311
304 377
304 460
304 486
304 597
304 633
304 649
304 798
304 799
305 335
305 362
305 486
305 501
305 569
305 611
305 721
305 722
305 804
305 819
306 378
306 399
307 329
307 593
308 352
308 400
308 420
308 587
308 692
309 337
309 369
309 455
309 503
309 552
309 557
309 595
310 391
310 405
310 461
311 317
311 326
311 364
311 377
311 486
311 604
311 633
313 326
313 335
313 341
313 363
313 366
313 396
313 452
313 467
313 510
313 614
313 630
313 704
313 744
313 797
313 834
313 911
314 321
314 372
314 551
315 360
315 372
315 399
316 496
316 583
316 698
316 823
316 892
317 326
317 364
317 590
317 605
318 325
318 341
318 370
318 415
318 422
318 436
318 450
318 472
318 502
318 539
318 598
318 599
318 624
318 646
318 673
318 713
318 717
319 332
319 342
319 390
319 394
319 640
319 847
319 959
319 967
320 368
320 440
320 457
320 462
320 567
320 673
320 676
320 832
320 846
321 343
321 358
321 382
321 393
321 397
321 411
321 424
321 427
321 437
321 460
321 474
321 475
321 541
321 542
321 575
321 718
321 734
321 825
321 955
322 361
323 479
323 523
323 545
323 601
323 812
323 924
323 971
323 999
324 406
324 480
324 494
324 534
324 536
324 547
324 647
324 674
324 745
324 852
325 400
325 437
325 537
325 538
325 580
325 655
325 706
325 842
325 843
326 333
326 335
326 364
326 366
326 395
326 452
326 467
326 744
327 389
327 415
327 478
328 429
328 433
328 434
328 493
328 504
328 528
328 578
328 607
328 627
328 667
328 668
328 764
329 593
330 340
330 531
330 581
331 412
331 414
331 437
331 545
331 603
331 823
331 840
332 342
332 390
332 394
332 567
332 774
332 803
332 884
333 364
333 445
333 459
334 350
334 374
334 407
334 495
334 556
334 573
334 685
334 768
334 849
335 336
335 366
335 439
335 452
335 467
335 744
335 827
335 930
336 350
336 404
336 446
336 570
336 878
337 366
337 455
337 552
337 595
338 354
338 387
338 544
338 606
339 346
339 347
339 392
339 395
339 427
339 442
339 712
339 751
339 868
339 955
339 975
340 451
340 512
340 540
340 563
340 703
341 396
341 421
341 422
341 436
341 471
341 472
341 502
341 539
341 586
341 614
341 624
341 656
341 704
341 717
341 728
341 770
341 825
342 390
342 394
342 640
342 847
342 959
342 967
343 346
343 358
343 382
343 397
343 411
343 424
343 437
343 443
343 456
343 474
343 475
343 541
343 542
343 732
343 784
344 360
344 371
344 520
344 526
345 423
345 447
345 505
345 521
345 554
345 608
345 628
345 747
345 758
345 759
345 760
345 762
345 816
346 347
346 416
346 427
346 442
346 712
346 751
346 868
346 896
346 983
347 442
347 513
347 550
347 620
347 751
347 828
347 850
348 477
348 506
349 412
349 448
349 465
349 480
349 490
349 529
349 547
349 670
349 671
349 723
350 370
350 374
350 407
350 570
350 878
350 935
351 464
351 904
352 420
352 525
353 672
353 752
354 385
354 544
355 535
355 934
356 432
356 440
356 491
356 509
356 521
356 527
356 726
356 793
356 900
358 382
358 397
358 411
358 424
358 474
358 475
358 541
358 542
358 553
358 634
359 410
360 392
360 640
360 643
360 719
361 380
361 669
362 366
362 501
362 515
362 561
362 653
362 779
362 819
363 438
363 507
363 510
363 750
364 402
364 572
364 577
365 481
365 683
366 439
366 452
366 467
366 536
366 561
366 744
367 379
367 453
367 478
367 564
367 616
367 736
368 381
368 440
368 462
368 518
368 585
368 615
368 654
368 673
368 675
368 694
368 746
368 772
368 773
368 846
369 594
369 735
369 833
370 415
370 422
370 436
370 450
370 472
370 502
370 535
370 539
370 598
370 599
370 646
370 673
370 713
371 526
372 446
372 512
372 558
372 645
372 742
372 835
373 449
373 510
373 515
373 550
373 672
373 771
374 407
374 556
374 573
374 660
374 685
374 768
374 839
374 849
375 680
376 458
376 484
376 504
376 620
376 839
377 486
377 625
377 633
378 469
378 588
378 659
378 814
379 383
379 453
379 514
379 564
379 609
379 616
379 736
379 940
380 389
380 444
380 468
380 822
381 398
381 422
381 469
381 855
381 864
381 988
382 397
382 411
382 424
382 427
382 474
382 475
382 495
382 541
382 542
383 453
383 514
383 564
383 609
383 616
383 664
384 487
384 636
384 680
385 559
386 414
386 609
386 616
386 753
387 710
388 403
388 407
388 414
388 556
388 687
388 740
389 415
390 394
391 461
392 416
392 442
392 552
392 587
392 640
392 643
393 437
393 476
393 540
394 413
396 400
396 471
396 614
396 630
396 738
396 797
396 834
396 911
397 411
397 424
397 474
397 475
397 541
397 542
398 596
398 682
398 690
398 695
398 763
398 821
399 450
399 678
400 559
400 644
400 738
400 797
402 536
402 537
402 694
402 745
402 840
403 414
403 639
404 600
405 461
405 899
406 494
406 534
406 536
406 553
406 647
406 674
406 734
406 745
406 852
407 495
407 538
407 556
407 580
407 687
407 768
407 849
408 409
411 424
411 474
411 475
411 541
411 542
411 671
412 442
412 448
412 840
412 866
413 482
413 499
413 508
413 519
413 533
413 612
413 619
413 681
413 729
413 761
413 836
413 837
413 869
413 948
414 453
414 664
414 736
414 787
415 422
415 436
415 450
415 472
415 502
415 539
415 598
415 599
415 646
415 673
415 713
416 938
417 452
417 470
417 517
417 651
417 659
417 793
417 801
418 465
418 466
418 468
418 752
418 896
418 897
419 436
419 619
419 623
419 663
419 677
419 709
419 757
419 845
419 873
419 874
421 471
421 656
421 704
421 728
422 436
422 450
422 471
422 472
422 502
422 539
422 586
422 598
422 599
422 624
422 646
422 656
422 673
422 713
422 717
422 770
422 825
423 447
423 458
423 484
423 505
423 521
423 527
423 747
423 758
423 759
423 760
424 474
424 475
424 541
424 542
424 640
424 643
424 974
425 519
425 733
425 789
426 548
426 622
426 652
426 698
426 738
426 809
426 923
427 437
427 475
427 489
427 500
427 503
427 516
427 557
427 575
427 751
427 819
427 864
427 868
427 890
427 955
427 982
429 504
429 528
429 578
429 607
429 627
429 667
429 668
429 764
431 500
431 501
431 683
432 491
432 509
432 726
432 888
432 981
433 434
433 493
433 589
434 493
434 589
435 848
436 450
436 472
436 502
436 513
436 539
436 586
436 598
436 599
436 646
436 656
436 673
436 677
436 696
436 709
436 713
436 757
436 813
436 845
436 873
436 874
436 885
437 503
437 707
438 507
439 441
439 587
439 692
439 700
440 462
440 521
440 527
440 582
440 613
440 642
440 673
440 846
441 466
441 511
441 548
441 700
442 445
442 620
442 850
442 866
443 455
443 529
443 623
443 730
443 731
443 824
445 796
446 512
446 570
446 742
446 752
447 505
447 521
447 554
447 747
447 758
447 759
447 760
448 529
448 671
448 707
449 672
450 472
450 502
450 539
450 598
450 599
450 646
450 657
450 673
450 678
450 713
451 512
451 540
451 563
452 455
452 467
452 574
452 744
452 977
453 472
453 609
453 664
453 736
454 562
455 491
455 521
455 602
455 623
455 730
455 731
455 771
455 824
455 929
456 732
457 567
457 631
457 632
457 676
457 711
458 484
458 594
458 749
460 553
460 649
460 718
460 734
460 741
460 798
460 799
462 673
462 846
463 488
463 489
463 579
463 701
464 635
464 904
465 466
465 468
465 480
465 490
465 547
465 604
465 670
465 723
465 896
465 897
466 468
466 511
466 548
466 897
467 744
468 896
468 897
469 499
469 588
469 765
469 893
469 945
470 495
470 499
470 520
470 533
470 612
470 619
470 681
470 722
470 908
471 502
471 586
471 614
471 656
471 704
471 728
471 770
472 502
472 539
472 598
472 599
472 646
472 664
472 673
472 713
473 485
474 475
474 541
474 542
474 574
475 541
475 542
475 557
475 657
476 718
477 506
479 519
479 523
479 532
479 545
479 635
479 857
479 861
479 891
480 490
480 547
480 670
480 723
482 490
482 499
482 508
482 519
482 533
482 612
482 619
482 663
482 681
482 766
482 836
482 837
482 869
482 964
483 505
483 802
484 604
484 712
484 749
485 663
485 918
486 633
487 629
487 636
487 680
487 737
487 919
488 489
488 579
489 503
489 868
490 547
490 670
490 723
491 509
491 517
491 521
491 726
492 516
492 575
492 643
492 727
492 784
492 881
492 913
492 951
493 589
494 534
494 536
494 586
494 647
496 559
496 596
496 644
496 823
496 892
498 586
498 720
498 858
498 859
499 508
499 519
499 520
499 533
499 612
499 619
499 681
499 807
499 836
499 837
499 869
499 877
500 501
500 557
500 819
501 626
501 738
501 819
502 539
502 586
502 598
502 599
502 646
502 656
502 673
502 713
502 770
502 825
503 552
503 583
503 595
503 691
503 699
503 782
503 783
503 868
504 607
504 764
504 788
505 521
505 747
505 748
505 758
505 759
505 760
508 519
508 533
508 612
508 619
508 663
508 681
508 836
508 837
508 869
509 726
509 981
510 750
510 765
510 942
510 953
511 548
512 742
513 675
513 699
513 709
513 757
513 808
513 809
514 564
514 584
514 591
514 616
514 940
515 653
515 771
515 841
516 557
516 575
516 585
516 622
516 665
516 695
516 727
516 765
516 784
516 820
516 855
516 864
516 928
516 951
516 985
517 529
517 613
517 615
517 677
517 907
518 574
518 585
518 615
518 654
518 675
518 694
518 746
518 772
518 773
519 533
519 612
519 619
519 681
519 741
519 789
519 836
519 837
519 844
519 857
519 861
520 568
520 658
520 860
520 894
521 527
521 747
521 758
521 759
521 760
522 766
522 828
522 936
523 532
523 601
523 971
524 708
524 785
524 824
524 853
524 854
524 902
525 658
527 793
527 900
527 961
528 578
528 607
528 627
528 667
528 668
529 671
529 907
530 592
530 638
530 679
530 780
530 781
531 581
532 891
533 612
533 619
533 681
533 807
533 836
533 837
533 869
533 877
534 647
534 674
534 745
534 852
534 913
535 598
535 599
537 538
537 655
537 706
537 842
537 843
538 580
538 655
538 706
538 842
538 843
539 598
539 599
539 624
539 646
539 673
539 713
539 717
541 542
541 647
543 865
543 952
545 590
545 941
547 670
547 723
548 652
549 921
550 721
550 722
550 771
551 684
551 743
551 767
551 865
552 557
552 587
552 595
553 634
553 695
553 719
553 734
553 855
554 608
554 628
554 762
554 816
556 626
556 687
556 768
556 849
557 595
557 697
557 715
557 819
558 645
558 835
559 644
560 561
560 956
561 817
561 937
561 956
564 609
564 616
564 940
565 566
567 676
567 774
567 803
567 884
568 640
568 725
568 898
568 906
569 650
569 721
570 742
571 652
573 685
574 655
574 754
575 626
575 727
575 784
575 955
576 686
578 607
578 627
578 667
578 668
578 683
579 653
580 706
582 613
582 642
582 867
583 691
583 699
583 782
583 783
584 729
584 810
584 853
584 901
585 615
585 622
585 654
585 655
585 665
585 675
585 694
585 730
585 746
585 772
585 773
585 871
585 914
585 915
585 928
586 656
587 817
587 912
590 605
590 924
590 941
592 638
592 679
592 780
592 781
594 806
594 876
596 695
596 765
596 820
596 893
596 912
598 599
598 646
598 673
598 713
599 646
599 673
599 713
600 605
602 643
602 715
602 908
603 655
603 730
603 731
603 915
604 712
604 739
607 627
607 667
607 668
607 764
608 628
608 762
608 816
609 616
609 664
609 753
610 725
610 754
610 943
612 619
612 681
612 836
612 837
612 869
613 615
613 642
614 630
614 797
614 834
614 911
615 654
615 675
615 694
615 746
615 754
615 772
615 773
615 922
616 753
616 940
617 666
618 629
619 681
619 836
619 837
619 869
620 839
620 850
622 654
622 661
622 665
622 698
622 754
622 809
622 905
622 923
622 928
623 660
623 730
623 731
623 824
623 887
623 889
624 717
625 899
627 667
627 668
628 762
628 816
629 636
629 737
629 919
630 797
631 632
631 711
632 711
634 909
634 944
635 857
636 680
636 737
636 919
638 679
638 780
638 781
640 643
640 847
640 886
640 898
640 906
640 974
640 976
643 886
643 906
643 974
644 719
644 797
645 763
645 835
646 673
646 713
647 745
648 838
649 798
649 799
651 696
651 895
651 968
654 675
654 694
654 746
654 754
654 772
654 773
655 665
655 706
655 730
655 731
655 842
655 843
655 915
655 966
656 704
656 728
656 825
658 860
659 814
660 724
660 887
662 721
662 879
663 918
665 693
665 730
665 745
665 785
665 786
665 787
665 881
665 882
665 883
665 915
665 928
665 958
667 668
670 723
673 713
673 846
674 691
674 905
675 694
675 746
675 772
675 773
677 709
677 757
677 845
677 873
677 874
679 780
681 807
681 836
681 837
681 869
681 877
682 763
684 743
684 767
688 756
688 778
688 805
688 814
688 831
688 916
688 917
688 931
688 932
688 947
689 697
689 812
690 821
691 699
691 782
691 783
691 834
691 905
692 862
692 962
693 787
693 883
693 972
694 746
694 772
694 773
695 727
695 784
695 820
695 909
695 951
696 709
696 813
696 885
696 895
697 812
699 782
699 783
699 808
702 739
704 728
704 797
705 714
705 769
705 875
706 730
706 731
706 842
706 843
706 915
706 966
708 775
708 776
708 777
709 757
709 813
709 845
709 873
709 874
709 885
711 996
714 769
714 829
714 875
718 741
719 855
720 858
720 859
722 908
724 785
724 824
724 867
724 880
724 902
724 963
724 998
725 754
725 943
727 765
727 784
727 820
727 855
727 951
727 984
727 985
729 761
729 810
729 901
729 948
730 731
730 824
730 915
730 929
730 966
731 824
731 915
731 966
733 957
734 844
735 833
736 787
738 797
741 844
743 767
746 772
746 773
747 758
747 759
747 760
750 811
750 953
751 868
754 943
756 778
756 805
756 814
756 831
756 916
756 917
756 931
756 932
756 947
757 845
757 873
757 874
758 759
758 760
759 760
761 948
762 816
765 820
765 855
765 893
765 942
765 945
765 973
766 795
766 964
767 877
768 849
769 829
769 875
771 841
772 773
774 803
774 884
775 776
775 777
776 777
778 805
778 814
778 831
778 916
778 917
778 931
778 932
778 947
782 783
785 824
785 881
785 882
785 902
785 963
786 787
786 883
786 949
786 958
787 883
787 949
787 958
789 844
793 900
793 961
797 911
798 799
802 872
803 884
805 916
805 917
805 931
805 932
806 871
806 969
807 877
809 923
810 853
810 901
813 885
814 831
814 947
817 937
820 855
820 893
820 951
820 984
820 994
820 997
823 892
824 902
824 963
827 930
829 875
829 950
831 947
836 837
838 910
840 866
842 843
845 873
845 874
851 938
853 854
857 861
858 859
862 962
864 935
868 982
871 914
871 969
873 874
881 882
881 894
881 913
883 958
886 906
886 960
886 978
886 979
886 992
887 889
893 945
898 976
902 963
906 960
906 992
909 944
915 966
916 917
920 968
920 995
927 952
927 957
931 932
939 986
939 987
942 973
946 989
946 990
951 994
959 967
960 978
960 979
965 970
965 991
970 991
972 980
978 979
986 987
989 990
