0 1
0 2
0 3
0 4
0 5
0 6
0 7
0 8
0 9
0 10
0 11
0 12
0 13
0 14
0 15
0 16
0 17
0 18
0 19
0 20
0 21
0 22
0 23
0 25
0 26
0 27
0 28
0 29
0 30
0 31
0 32
0 33
0 34
0 35
0 36
0 37
0 38
0 40
0 41
0 42
0 43
0 44
0 45
0 46
0 47
0 48
0 50
0 51
0 52
0 53
0 54
0 55
0 56
0 57
0 58
0 59
0 60
0 61
0 62
0 63
0 64
0 65
0 66
0 67
0 68
0 69
0 70
0 71
0 72
0 73
0 74
0 75
0 76
0 77
0 78
0 79
0 80
0 81
0 82
0 83
0 84
0 85
0 87
0 88
0 89
0 90
0 91
0 92
0 94
0 96
0 97
0 98
0 99
0 100
0 101
0 102
0 103
0 104
0 105
0 106
0 107
0 108
0 109
0 110
0 111
0 112
0 113
0 114
0 115
0 116
0 117
0 118
0 119
0 120
0 122
0 123
0 124
0 125
0 126
0 127
0 128
0 129
0 130
0 131
0 132
0 133
0 134
0 135
0 136
0 137
0 138
0 139
0 140
0 141
0 142
0 143
0 144
0 145
0 146
0 148
0 149
0 150
0 151
0 152
0 153
0 154
0 156
0 157
0 158
0 159
0 160
0 161
0 162
0 163
0 164
0 166
0 167
0 168
0 169
0 170
0 172
0 175
0 177
0 178
0 180
0 182
0 183
0 184
0 185
0 186
0 187
0 189
0 190
0 191
0 192
0 193
0 194
0 196
0 197
0 198
0 199
0 201
0 202
0 203
0 205
0 206
0 208
0 209
0 211
0 212
0 213
0 214
0 216
0 217
0 218
0 220
0 222
0 223
0 224
0 225
0 226
0 227
0 229
0 230
0 231
0 232
0 234
0 235
0 236
0 238
0 239
0 242
0 243
0 244
0 245
0 246
0 247
0 248
0 249
0 250
0 251
0 252
0 253
0 255
0 256
0 260
0 263
0 265
0 266
0 267
0 269
0 271
0 272
0 273
0 275
0 276
0 277
0 278
0 279
0 281
0 282
0 283
0 286
0 287
0 290
0 291
0 293
0 295
0 298
0 299
0 300
0 301
0 302
0 303
0 305
0 308
0 309
0 312
0 314
0 317
0 318
0 322
0 323
0 326
0 328
0 330
0 334
0 335
0 336
0 339
0 340
0 341
0 344
0 347
0 348
0 353
0 354
0 356
0 357
0 358
0 359
0 361
0 362
0 363
0 364
0 365
0 367
0 369
0 370
0 374
0 376
0 377
0 378
0 380
0 382
0 383
0 384
0 385
0 386
0 387
0 388
0 390
0 392
0 394
0 395
0 397
0 398
0 403
0 404
0 407
0 409
0 410
0 413
0 414
0 415
0 416
0 419
0 421
0 422
0 424
0 426
0 427
0 429
0 430
0 431
0 432
0 434
0 437
0 438
0 441
0 446
0 447
0 450
0 451
0 467
0 468
0 470
0 472
0 478
0 491
0 492
0 498
0 501
0 504
0 511
0 515
0 516
0 521
0 526
0 528
0 532
0 535
0 537
0 538
0 541
0 542
0 543
0 546
0 564
0 565
0 567
0 568
0 581
0 582
0 598
0 603
0 604
0 612
0 614
0 616
0 617
0 623
0 624
0 631
0 651
0 657
0 669
0 671
0 672
0 680
0 681
0 682
0 684
0 692
0 697
0 715
0 725
0 736
0 740
0 747
0 753
0 761
0 766
0 799
0 811
0 828
0 834
0 837
0 843
0 845
0 853
0 860
0 868
0 904
0 906
0 907
0 908
0 909
0 910
0 911
0 912
0 913
0 914
0 915
0 916
0 917
0 919
0 920
0 921
0 922
0 923
0 924
0 925
0 926
0 927
0 928
0 929
0 930
0 931
0 932
0 933
0 934
0 935
0 936
0 937
0 939
0 940
0 941
0 942
0 943
0 944
0 945
0 946
0 947
0 948
0 949
0 950
0 951
0 952
0 953
0 954
0 955
0 956
0 957
0 959
0 960
0 961
0 962
0 963
0 964
0 965
0 966
0 967
0 968
0 969
0 970
0 971
0 972
0 973
0 974
0 975
0 976
0 977
0 978
0 979
0 980
0 981
0 982
0 983
0 984
0 985
0 986
0 987
0 988
0 989
0 990
0 991
0 992
0 993
0 994
0 995
0 996
0 997
0 998
0 999
1 2
1 3
1 8
1 14
1 33
1 626
1 627
1 628
1 629
1 630
1 631
1 632
1 633
1 634
1 635
1 636
1 637
1 638
1 639
1 640
1 641
1 642
1 643
1 644
1 645
1 646
1 647
1 648
1 649
1 650
1 651
1 652
1 653
1 654
1 655
1 656
1 657
1 658
1 659
1 660
1 661
1 662
1 663
1 664
1 665
1 666
1 667
1 668
1 669
1 670
1 671
1 672
1 673
1 674
1 675
1 676
1 677
1 678
1 680
1 681
1 682
1 683
1 684
1 685
1 686
1 687
1 688
1 689
1 690
1 691
1 692
1 693
1 694
1 695
1 696
1 697
1 698
1 699
1 700
1 701
1 702
1 703
1 704
1 705
1 706
1 707
1 708
1 709
1 710
1 711
1 712
1 713
1 714
1 715
1 716
1 717
1 718
1 719
1 720
1 721
1 722
1 723
1 724
1 725
1 726
1 727
1 728
1 729
1 730
1 731
1 732
1 733
1 734
1 735
1 736
1 737
1 738
1 739
1 740
1 741
1 742
1 743
1 744
1 745
1 746
1 747
1 748
1 749
1 751
1 752
1 753
1 755
1 756
1 757
1 758
1 759
1 761
1 762
1 763
1 764
1 765
1 767
1 768
1 769
1 770
1 771
1 772
1 773
1 774
1 775
1 776
1 777
1 778
1 779
1 780
1 781
1 782
1 783
1 785
1 786
1 787
1 788
1 789
1 790
1 791
1 792
1 793
1 794
1 796
1 797
1 798
1 799
1 800
1 801
1 802
1 803
1 804
1 805
1 806
1 807
1 808
1 809
1 810
1 811
1 812
1 813
1 814
1 815
1 816
1 817
1 818
1 819
1 820
1 821
1 822
1 823
1 824
1 825
1 826
1 827
1 828
1 829
1 830
1 831
1 832
1 833
1 834
1 835
1 836
1 837
1 838
1 839
1 840
1 841
1 842
1 843
1 844
1 846
1 847
1 848
1 849
1 850
1 851
1 852
1 853
1 854
1 855
1 856
1 857
1 858
1 859
1 860
1 861
1 862
1 863
1 864
1 865
1 866
1 867
1 868
1 869
1 870
1 871
1 872
1 873
1 875
1 876
1 877
1 878
1 879
1 880
1 881
1 882
1 883
1 884
1 885
1 886
1 887
1 888
1 889
1 890
1 891
1 892
1 893
1 894
1 895
1 896
1 897
1 898
1 899
1 900
1 901
1 902
1 903
1 904
1 905
1 918
1 938
2 3
2 4
2 5
2 6
2 7
2 10
2 12
2 13
2 14
2 15
2 16
2 17
2 18
2 19
2 20
2 21
2 23
2 24
2 25
2 26
2 27
2 28
2 30
2 31
2 32
2 33
2 34
2 35
2 36
2 37
2 38
2 39
2 40
2 41
2 42
2 43
2 44
2 46
2 47
2 48
2 49
2 50
2 51
2 52
2 53
2 54
2 55
2 56
2 57
2 58
2 59
2 62
2 63
2 64
2 65
2 66
2 67
2 68
2 69
2 70
2 71
2 72
2 73
2 74
2 75
2 77
2 78
2 79
2 80
2 81
2 83
2 84
2 85
2 86
2 87
2 88
2 89
2 90
2 91
2 92
2 93
2 94
2 95
2 96
2 98
2 99
2 100
2 101
2 102
2 104
2 105
2 106
2 108
2 109
2 110
2 111
2 112
2 113
2 114
2 115
2 116
2 117
2 118
2 119
2 120
2 121
2 124
2 125
2 126
2 127
2 128
2 129
2 130
2 131
2 132
2 133
2 134
2 135
2 136
2 137
2 139
2 140
2 141
2 142
2 143
2 144
2 145
2 146
2 147
2 148
2 151
2 152
2 153
2 154
2 155
2 156
2 157
2 158
2 159
2 160
2 161
2 162
2 163
2 164
2 167
2 169
2 170
2 171
2 172
2 173
2 174
2 175
2 176
2 177
2 179
2 180
2 181
2 182
2 184
2 185
2 187
2 188
2 189
2 192
2 193
2 196
2 197
2 198
2 199
2 200
2 201
2 203
2 204
2 205
2 206
2 207
2 208
2 210
2 211
2 212
2 214
2 215
2 216
2 217
2 218
2 219
2 220
2 224
2 227
2 228
2 230
2 231
2 232
2 233
2 234
2 235
2 236
2 238
2 239
2 240
2 241
2 242
2 243
2 244
2 245
2 246
2 247
2 249
2 250
2 253
2 254
2 255
2 257
2 258
2 259
2 260
2 261
2 263
2 266
2 267
2 268
2 269
2 271
2 272
2 273
2 276
2 277
2 278
2 279
2 280
2 281
2 282
2 284
2 285
2 286
2 287
2 288
2 289
2 290
2 293
2 294
2 296
2 297
2 298
2 302
2 303
2 304
2 307
2 308
2 311
2 312
2 313
2 315
2 316
2 318
2 319
2 320
2 321
2 322
2 324
2 325
2 329
2 330
2 333
2 334
2 337
2 339
2 341
2 342
2 344
2 345
2 347
2 348
2 350
2 351
2 352
2 353
2 356
2 357
2 360
2 361
2 362
2 364
2 365
2 366
2 369
2 370
2 373
2 374
2 376
2 380
2 381
2 382
2 384
2 385
2 386
2 387
2 391
2 392
2 396
2 397
2 400
2 403
2 405
2 406
2 407
2 408
2 410
2 411
2 412
2 418
2 421
2 423
2 431
2 433
2 434
2 435
2 437
2 439
2 440
2 441
2 447
2 448
2 449
2 452
2 454
2 455
2 457
2 462
2 465
2 467
2 468
2 469
2 470
2 471
2 475
2 479
2 482
2 483
2 484
2 485
2 486
2 488
2 493
2 495
2 498
2 502
2 509
2 510
2 513
2 515
2 518
2 519
2 521
2 531
2 534
2 538
2 540
2 545
2 552
2 558
2 561
2 564
2 566
2 567
2 569
2 572
2 573
2 574
2 580
2 583
2 586
2 587
2 588
2 589
2 590
2 591
2 593
2 594
2 595
2 596
2 597
2 598
2 599
2 600
2 601
2 603
2 604
2 605
2 606
2 608
2 609
2 610
2 611
2 612
2 614
2 615
2 616
2 617
2 618
2 619
2 620
2 621
2 622
2 624
2 625
2 627
2 648
2 653
2 654
2 668
2 670
2 676
2 678
2 679
2 689
2 693
2 698
2 719
2 721
2 742
2 750
2 755
2 760
2 763
2 765
2 766
2 770
2 772
2 775
2 776
2 782
2 783
2 784
2 785
2 786
2 790
2 795
2 796
2 805
2 808
2 810
2 813
2 825
2 827
2 838
2 844
2 845
2 846
2 851
2 856
2 859
2 863
2 865
2 866
2 872
2 874
2 890
2 899
2 902
2 936
2 938
2 939
2 946
2 951
2 956
2 958
2 978
2 979
2 993
2 995
3 4
3 5
3 6
3 7
3 8
3 9
3 10
3 11
3 12
3 13
3 14
3 15
3 16
3 17
3 18
3 19
3 20
3 21
3 22
3 23
3 24
3 25
3 26
3 27
3 28
3 29
3 30
3 32
3 33
3 34
3 35
3 36
3 37
3 38
3 39
3 40
3 41
3 42
3 43
3 44
3 45
3 46
3 47
3 48
3 50
3 51
3 52
3 53
3 54
3 55
3 56
3 58
3 59
3 60
3 61
3 62
3 63
3 66
3 67
3 68
3 69
3 70
3 71
3 72
3 73
3 74
3 75
3 76
3 77
3 78
3 79
3 80
3 81
3 82
3 83
3 84
3 85
3 86
3 87
3 88
3 89
3 90
3 91
3 92
3 93
3 94
3 95
3 96
3 97
3 98
3 99
3 100
3 101
3 102
3 103
3 104
3 105
3 106
3 107
3 108
3 109
3 110
3 111
3 112
3 114
3 115
3 116
3 117
3 118
3 119
3 120
3 121
3 122
3 123
3 125
3 126
3 127
3 128
3 129
3 130
3 132
3 133
3 135
3 136
3 137
3 139
3 140
3 141
3 142
3 143
3 144
3 145
3 146
3 147
3 148
3 149
3 150
3 151
3 152
3 153
3 155
3 156
3 157
3 158
3 159
3 160
3 161
3 162
3 163
3 164
3 166
3 167
3 168
3 169
3 172
3 173
3 174
3 175
3 176
3 178
3 179
3 180
3 181
3 182
3 183
3 184
3 185
3 186
3 187
3 188
3 189
3 190
3 192
3 193
3 195
3 196
3 197
3 198
3 199
3 200
3 201
3 202
3 203
3 204
3 206
3 208
3 209
3 210
3 211
3 212
3 213
3 214
3 215
3 216
3 217
3 218
3 219
3 220
3 222
3 224
3 225
3 226
3 227
3 228
3 229
3 230
3 231
3 232
3 233
3 236
3 237
3 238
3 239
3 240
3 241
3 242
3 243
3 244
3 246
3 247
3 248
3 249
3 250
3 252
3 253
3 254
3 255
3 256
3 258
3 259
3 260
3 261
3 262
3 263
3 264
3 265
3 267
3 269
3 271
3 272
3 273
3 275
3 277
3 278
3 280
3 281
3 284
3 285
3 286
3 287
3 288
3 289
3 290
3 291
3 293
3 294
3 296
3 299
3 300
3 302
3 303
3 304
3 306
3 307
3 310
3 311
3 313
3 314
3 315
3 317
3 322
3 323
3 324
3 325
3 327
3 328
3 329
3 330
3 332
3 334
3 335
3 336
3 337
3 338
3 339
3 340
3 341
3 344
3 347
3 349
3 350
3 351
3 355
3 357
3 360
3 361
3 362
3 363
3 364
3 369
3 373
3 374
3 376
3 379
3 381
3 384
3 385
3 386
3 388
3 390
3 391
3 393
3 394
3 395
3 396
3 398
3 399
3 401
3 404
3 408
3 410
3 412
3 417
3 418
3 420
3 421
3 425
3 426
3 428
3 429
3 431
3 432
3 433
3 435
3 436
3 437
3 441
3 445
3 446
3 447
3 450
3 451
3 453
3 456
3 458
3 459
3 460
3 462
3 463
3 464
3 465
3 466
3 467
3 468
3 469
3 470
3 471
3 472
3 473
3 474
3 475
3 476
3 477
3 478
3 479
3 480
3 483
3 484
3 485
3 486
3 487
3 489
3 492
3 493
3 494
3 495
3 502
3 503
3 506
3 508
3 512
3 516
3 517
3 520
3 521
3 522
3 523
3 528
3 529
3 532
3 536
3 539
3 543
3 544
3 546
3 547
3 548
3 553
3 558
3 559
3 562
3 563
3 570
3 577
3 579
3 583
3 584
3 590
3 591
3 592
3 596
3 600
3 602
3 604
3 606
3 607
3 617
3 620
3 621
3 629
3 635
3 636
3 640
3 643
3 651
3 662
3 663
3 669
3 674
3 679
3 683
3 688
3 690
3 691
3 694
3 695
3 704
3 711
3 712
3 720
3 728
3 735
3 738
3 741
3 745
3 746
3 750
3 751
3 752
3 757
3 759
3 766
3 767
3 768
3 772
3 779
3 780
3 781
3 787
3 791
3 793
3 794
3 804
3 807
3 813
3 823
3 824
3 826
3 829
3 830
3 831
3 838
3 839
3 841
3 847
3 848
3 852
3 854
3 857
3 861
3 868
3 869
3 880
3 882
3 884
3 888
3 889
3 907
3 912
3 918
3 927
3 930
3 931
3 937
3 940
3 942
3 944
3 945
3 949
3 952
3 953
3 957
3 961
3 962
3 964
3 970
3 971
3 974
3 977
3 984
3 988
3 992
3 997
4 5
4 6
4 8
4 9
4 10
4 12
4 13
4 15
4 16
4 21
4 22
4 24
4 25
4 26
4 28
4 29
4 30
4 31
4 34
4 35
4 36
4 37
4 38
4 40
4 41
4 45
4 46
4 48
4 50
4 51
4 52
4 53
4 54
4 56
4 57
4 58
4 59
4 61
4 62
4 63
4 64
4 65
4 67
4 68
4 69
4 70
4 71
4 73
4 76
4 77
4 78
4 81
4 83
4 84
4 85
4 86
4 87
4 88
4 89
4 90
4 91
4 92
4 94
4 96
4 97
4 98
4 100
4 101
4 103
4 105
4 106
4 107
4 108
4 111
4 112
4 113
4 115
4 117
4 118
4 119
4 120
4 122
4 123
4 130
4 131
4 132
4 134
4 135
4 137
4 140
4 141
4 144
4 145
4 146
4 149
4 150
4 151
4 152
4 155
4 156
4 158
4 161
4 164
4 166
4 168
4 169
4 170
4 171
4 174
4 175
4 177
4 178
4 179
4 182
4 183
4 185
4 186
4 187
4 189
4 190
4 192
4 193
4 196
4 197
4 198
4 199
4 201
4 204
4 205
4 206
4 210
4 215
4 216
4 222
4 224
4 228
4 234
4 239
4 240
4 242
4 243
4 244
4 247
4 248
4 253
4 254
4 260
4 262
4 266
4 270
4 273
4 275
4 278
4 279
4 289
4 292
4 295
4 296
4 301
4 304
4 311
4 316
4 317
4 318
4 319
4 325
4 326
4 328
4 329
4 331
4 339
4 344
4 347
4 351
4 352
4 355
4 356
4 359
4 362
4 366
4 368
4 371
4 383
4 385
4 388
4 393
4 399
4 401
4 405
4 407
4 411
4 415
4 417
4 421
4 434
4 437
4 443
4 444
4 451
4 457
4 459
4 464
4 467
4 477
4 486
4 490
4 494
4 497
4 510
4 511
4 522
4 523
4 524
4 525
4 526
4 527
4 528
4 529
4 530
4 531
4 532
4 533
4 534
4 535
4 536
4 539
4 540
4 541
4 542
4 544
4 545
4 546
4 547
4 549
4 550
4 551
4 552
4 553
4 554
4 555
4 556
4 557
4 560
4 562
4 563
4 564
4 565
4 566
4 567
4 568
4 569
4 570
4 571
4 572
4 573
4 574
4 576
4 577
4 578
4 579
4 580
4 581
4 582
4 583
4 584
4 585
4 588
4 590
4 592
4 602
4 606
4 607
4 608
4 613
4 616
4 623
4 639
4 653
4 654
4 658
4 695
4 696
4 702
4 709
4 715
4 720
4 723
4 726
4 747
4 753
4 754
4 759
4 760
4 765
4 771
4 782
4 815
4 827
4 862
4 865
4 877
4 881
4 891
4 895
4 901
4 913
4 950
5 7
5 9
5 10
5 14
5 15
5 17
5 18
5 19
5 20
5 21
5 25
5 26
5 27
5 28
5 30
5 31
5 32
5 34
5 35
5 36
5 37
5 38
5 40
5 41
5 42
5 43
5 44
5 46
5 47
5 50
5 51
5 52
5 53
5 54
5 55
5 56
5 57
5 58
5 59
5 62
5 63
5 64
5 65
5 66
5 68
5 69
5 70
5 71
5 72
5 74
5 75
5 77
5 78
5 79
5 80
5 81
5 82
5 83
5 87
5 88
5 89
5 90
5 92
5 93
5 94
5 95
5 97
5 99
5 100
5 101
5 102
5 105
5 106
5 108
5 109
5 110
5 111
5 112
5 113
5 114
5 115
5 116
5 117
5 118
5 120
5 124
5 125
5 126
5 127
5 128
5 129
5 130
5 132
5 133
5 134
5 135
5 136
5 137
5 139
5 141
5 142
5 144
5 145
5 147
5 149
5 151
5 152
5 153
5 154
5 156
5 157
5 158
5 159
5 160
5 161
5 163
5 167
5 171
5 172
5 173
5 174
5 175
5 176
5 177
5 180
5 182
5 183
5 184
5 185
5 186
5 187
5 188
5 189
5 190
5 192
5 194
5 195
5 196
5 197
5 198
5 199
5 200
5 202
5 204
5 205
5 206
5 208
5 209
5 210
5 211
5 212
5 214
5 215
5 216
5 217
5 218
5 222
5 226
5 228
5 229
5 230
5 233
5 234
5 235
5 236
5 237
5 238
5 241
5 242
5 243
5 244
5 245
5 247
5 248
5 249
5 250
5 252
5 253
5 257
5 260
5 263
5 265
5 271
5 272
5 273
5 276
5 277
5 278
5 288
5 289
5 293
5 295
5 296
5 297
5 298
5 301
5 302
5 303
5 305
5 307
5 309
5 312
5 315
5 319
5 320
5 322
5 324
5 326
5 328
5 334
5 341
5 344
5 348
5 350
5 351
5 353
5 356
5 357
5 358
5 366
5 368
5 369
5 370
5 372
5 373
5 381
5 383
5 384
5 385
5 386
5 387
5 395
5 398
5 399
5 409
5 411
5 416
5 420
5 425
5 428
5 429
5 430
5 439
5 440
5 443
5 447
5 449
5 464
5 469
5 475
5 478
5 480
5 481
5 493
5 504
5 517
5 524
5 527
5 535
5 539
5 546
5 549
5 550
5 558
5 564
5 571
5 587
5 588
5 597
5 599
5 601
5 609
5 615
5 634
5 641
5 659
5 660
5 670
5 713
5 733
5 739
5 741
5 746
5 748
5 762
5 776
5 778
5 803
5 812
5 850
5 851
5 880
5 882
5 885
5 892
5 896
5 958
5 983
5 998
6 7
6 10
6 14
6 15
6 17
6 18
6 19
6 20
6 21
6 23
6 25
6 26
6 27
6 28
6 30
6 31
6 32
6 34
6 35
6 36
6 37
6 38
6 40
6 41
6 42
6 43
6 44
6 46
6 47
6 49
6 50
6 51
6 52
6 53
6 54
6 56
6 57
6 58
6 59
6 62
6 63
6 64
6 65
6 66
6 68
6 69
6 70
6 71
6 72
6 73
6 74
6 75
6 77
6 78
6 79
6 80
6 81
6 83
6 87
6 88
6 89
6 90
6 92
6 93
6 94
6 95
6 96
6 97
6 99
6 100
6 101
6 102
6 104
6 105
6 106
6 108
6 109
6 110
6 111
6 112
6 113
6 114
6 116
6 117
6 118
6 119
6 120
6 121
6 122
6 124
6 126
6 127
6 128
6 129
6 130
6 132
6 133
6 134
6 135
6 136
6 137
6 139
6 140
6 141
6 142
6 144
6 145
6 146
6 147
6 148
6 149
6 153
6 154
6 156
6 157
6 158
6 159
6 160
6 161
6 162
6 163
6 164
6 167
6 171
6 172
6 173
6 174
6 175
6 176
6 177
6 181
6 183
6 185
6 187
6 190
6 192
6 195
6 196
6 199
6 200
6 201
6 202
6 203
6 204
6 205
6 206
6 208
6 209
6 210
6 212
6 214
6 217
6 218
6 219
6 222
6 224
6 225
6 227
6 228
6 229
6 232
6 236
6 239
6 240
6 242
6 243
6 245
6 250
6 253
6 255
6 257
6 258
6 262
6 264
6 265
6 267
6 271
6 272
6 273
6 277
6 278
6 279
6 280
6 290
6 296
6 297
6 298
6 303
6 305
6 308
6 309
6 312
6 313
6 314
6 315
6 316
6 320
6 322
6 325
6 327
6 328
6 329
6 333
6 334
6 335
6 337
6 338
6 344
6 349
6 352
6 355
6 356
6 357
6 358
6 360
6 361
6 363
6 364
6 365
6 366
6 368
6 370
6 378
6 383
6 386
6 393
6 395
6 397
6 401
6 402
6 405
6 407
6 413
6 416
6 417
6 425
6 430
6 432
6 434
6 437
6 438
6 454
6 467
6 470
6 471
6 472
6 475
6 478
6 482
6 484
6 486
6 489
6 493
6 496
6 505
6 513
6 529
6 535
6 549
6 556
6 558
6 599
6 602
6 612
6 621
6 630
6 638
6 647
6 650
6 664
6 665
6 667
6 676
6 681
6 687
6 703
6 719
6 724
6 764
6 780
6 797
6 836
6 837
6 839
6 843
6 844
6 872
6 874
6 886
6 895
7 8
7 9
7 10
7 11
7 12
7 13
7 16
7 18
7 21
7 22
7 25
7 27
7 28
7 29
7 30
7 31
7 33
7 34
7 35
7 36
7 37
7 38
7 39
7 40
7 41
7 44
7 46
7 49
7 50
7 51
7 52
7 53
7 54
7 55
7 56
7 57
7 58
7 59
7 62
7 63
7 64
7 65
7 66
7 67
7 68
7 70
7 74
7 75
7 77
7 78
7 81
7 83
7 84
7 85
7 86
7 87
7 88
7 89
7 90
7 92
7 93
7 94
7 96
7 97
7 99
7 101
7 102
7 104
7 105
7 106
7 108
7 110
7 111
7 113
7 115
7 116
7 117
7 120
7 121
7 122
7 127
7 128
7 129
7 130
7 134
7 135
7 136
7 138
7 139
7 140
7 142
7 144
7 146
7 149
7 150
7 152
7 153
7 156
7 157
7 159
7 161
7 163
7 164
7 171
7 172
7 181
7 184
7 185
7 186
7 187
7 189
7 192
7 194
7 196
7 198
7 201
7 202
7 203
7 204
7 205
7 210
7 211
7 217
7 222
7 225
7 230
7 231
7 233
7 236
7 237
7 238
7 239
7 246
7 249
7 250
7 251
7 258
7 259
7 260
7 261
7 266
7 269
7 271
7 272
7 273
7 280
7 281
7 282
7 283
7 284
7 285
7 287
7 289
7 290
7 293
7 296
7 299
7 303
7 308
7 310
7 311
7 312
7 313
7 315
7 316
7 319
7 320
7 330
7 334
7 335
7 340
7 345
7 346
7 350
7 358
7 373
7 377
7 381
7 384
7 386
7 397
7 406
7 407
7 408
7 410
7 415
7 417
7 420
7 422
7 423
7 425
7 441
7 442
7 457
7 461
7 469
7 472
7 479
7 488
7 490
7 498
7 503
7 505
7 525
7 549
7 566
7 569
7 580
7 603
7 604
7 605
7 613
7 644
7 721
7 738
7 752
7 773
7 818
7 873
7 876
7 903
7 908
7 980
7 991
8 10
8 11
8 14
8 16
8 17
8 19
8 21
8 25
8 28
8 30
8 34
8 35
8 37
8 40
8 41
8 45
8 46
8 48
8 50
8 51
8 52
8 54
8 56
8 58
8 59
8 60
8 61
8 62
8 63
8 68
8 70
8 71
8 73
8 76
8 77
8 81
8 83
8 87
8 88
8 89
8 90
8 94
8 96
8 97
8 98
8 99
8 101
8 104
8 105
8 106
8 107
8 108
8 109
8 110
8 111
8 114
8 115
8 116
8 117
8 118
8 119
8 121
8 122
8 123
8 124
8 127
8 130
8 131
8 132
8 133
8 134
8 135
8 136
8 140
8 143
8 144
8 145
8 147
8 148
8 149
8 150
8 151
8 153
8 156
8 158
8 159
8 162
8 163
8 166
8 168
8 172
8 177
8 178
8 179
8 180
8 183
8 184
8 186
8 187
8 189
8 190
8 192
8 196
8 197
8 201
8 202
8 203
8 205
8 206
8 208
8 212
8 213
8 217
8 218
8 220
8 221
8 225
8 228
8 229
8 232
8 234
8 236
8 240
8 241
8 242
8 248
8 251
8 253
8 260
8 268
8 271
8 273
8 274
8 280
8 287
8 293
8 294
8 300
8 305
8 307
8 308
8 309
8 314
8 318
8 321
8 323
8 326
8 335
8 336
8 340
8 343
8 355
8 358
8 367
8 371
8 383
8 388
8 390
8 410
8 411
8 419
8 433
8 435
8 444
8 458
8 466
8 469
8 476
8 479
8 480
8 484
8 496
8 511
8 516
8 536
8 539
8 572
8 574
8 581
8 587
8 622
8 660
8 666
8 667
8 672
8 677
8 700
8 743
8 763
8 769
8 784
8 864
8 867
8 884
8 902
9 10
9 14
9 17
9 18
9 19
9 21
9 23
9 25
9 26
9 33
9 35
9 36
9 37
9 38
9 39
9 43
9 44
9 46
9 47
9 49
9 50
9 51
9 52
9 53
9 54
9 55
9 56
9 65
9 66
9 70
9 74
9 77
9 78
9 87
9 88
9 93
9 94
9 99
9 101
9 105
9 106
9 111
9 114
9 118
9 119
9 121
9 124
9 126
9 127
9 128
9 134
9 141
9 152
9 153
9 155
9 157
9 164
9 170
9 172
9 173
9 174
9 175
9 180
9 181
9 184
9 185
9 186
9 187
9 190
9 192
9 196
9 197
9 203
9 206
9 211
9 216
9 217
9 224
9 227
9 231
9 233
9 234
9 238
9 246
9 249
9 250
9 254
9 258
9 259
9 260
9 261
9 263
9 264
9 266
9 267
9 269
9 271
9 272
9 273
9 279
9 280
9 285
9 290
9 296
9 299
9 301
9 307
9 308
9 313
9 319
9 320
9 339
9 342
9 344
9 347
9 350
9 356
9 359
9 382
9 386
9 394
9 397
9 405
9 408
9 411
9 415
9 416
9 418
9 419
9 420
9 421
9 423
9 425
9 427
9 430
9 433
9 434
9 437
9 442
9 443
9 445
9 447
9 452
9 472
9 486
9 488
9 491
9 505
9 509
9 513
9 519
9 531
9 573
9 585
9 598
9 608
9 626
9 792
9 798
9 802
9 881
9 883
10 11
10 12
10 13
10 14
10 16
10 17
10 18
10 19
10 20
10 21
10 22
10 23
10 28
10 29
10 30
10 31
10 33
10 34
10 35
10 36
10 37
10 38
10 40
10 41
10 42
10 43
10 44
10 45
10 46
10 47
10 48
10 50
10 51
10 52
10 53
10 54
10 56
10 57
10 58
10 59
10 60
10 61
10 62
10 63
10 64
10 68
10 70
10 73
10 74
10 76
10 77
10 78
10 80
10 83
10 86
10 87
10 88
10 89
10 90
10 91
10 95
10 96
10 97
10 98
10 101
10 102
10 103
10 104
10 105
10 106
10 107
10 108
10 109
10 110
10 111
10 113
10 114
10 115
10 116
10 117
10 118
10 119
10 120
10 123
10 124
10 125
10 126
10 128
10 129
10 131
10 134
10 136
10 139
10 140
10 144
10 145
10 146
10 147
10 148
10 149
10 150
10 151
10 152
10 153
10 156
10 157
10 158
10 159
10 161
10 162
10 166
10 168
10 169
10 173
10 175
10 177
10 178
10 179
10 181
10 182
10 183
10 184
10 186
10 187
10 189
10 190
10 191
10 194
10 196
10 197
10 199
10 200
10 202
10 203
10 204
10 205
10 206
10 208
10 211
10 214
10 216
10 218
10 223
10 225
10 226
10 227
10 230
10 232
10 233
10 240
10 241
10 242
10 244
10 252
10 256
10 257
10 260
10 265
10 267
10 268
10 270
10 274
10 276
10 279
10 282
10 283
10 284
10 287
10 290
10 300
10 312
10 314
10 321
10 324
10 328
10 329
10 333
10 336
10 340
10 344
10 359
10 368
10 370
10 371
10 388
10 389
10 390
10 396
10 399
10 400
10 413
10 414
10 415
10 424
10 440
10 444
10 450
10 454
10 463
10 470
10 472
10 474
10 487
10 503
10 514
10 523
10 532
10 540
10 545
10 555
10 568
10 576
10 578
10 582
10 675
10 723
10 734
10 740
10 756
10 777
10 796
10 809
10 841
11 16
11 21
11 25
11 30
11 31
11 34
11 35
11 36
11 38
11 40
11 41
11 43
11 44
11 45
11 46
11 48
11 50
11 51
11 52
11 54
11 56
11 58
11 59
11 62
11 63
11 66
11 68
11 70
11 71
11 73
11 74
11 77
11 81
11 82
11 83
11 86
11 88
11 89
11 90
11 91
11 92
11 95
11 96
11 97
11 98
11 103
11 106
11 108
11 110
11 111
11 114
11 115
11 116
11 117
11 118
11 119
11 120
11 122
11 123
11 124
11 128
11 131
11 132
11 133
11 135
11 139
11 140
11 144
11 146
11 149
11 150
11 151
11 153
11 157
11 158
11 159
11 161
11 162
11 163
11 170
11 172
11 174
11 175
11 177
11 178
11 179
11 183
11 184
11 187
11 190
11 191
11 192
11 193
11 196
11 202
11 205
11 210
11 211
11 212
11 216
11 218
11 220
11 227
11 228
11 232
11 234
11 238
11 244
11 246
11 251
11 254
11 255
11 260
11 262
11 267
11 274
11 283
11 298
11 300
11 305
11 312
11 314
11 315
11 328
11 331
11 334
11 335
11 339
11 342
11 358
11 367
11 371
11 383
11 388
11 390
11 398
11 413
11 415
11 416
11 420
11 422
11 424
11 436
11 438
11 443
11 464
11 466
11 477
11 480
11 492
11 526
11 536
11 552
11 574
11 618
11 624
11 650
11 717
11 745
11 754
11 784
11 879
11 905
11 919
11 985
11 989
12 14
12 15
12 17
12 18
12 19
12 20
12 21
12 25
12 26
12 27
12 28
12 29
12 30
12 31
12 32
12 34
12 35
12 36
12 37
12 38
12 39
12 40
12 41
12 42
12 43
12 44
12 46
12 47
12 49
12 50
12 51
12 52
12 53
12 55
12 56
12 57
12 58
12 59
12 62
12 63
12 64
12 65
12 68
12 69
12 70
12 71
12 72
12 75
12 77
12 79
12 80
12 83
12 85
12 86
12 87
12 88
12 89
12 90
12 93
12 94
12 95
12 96
12 98
12 100
12 101
12 102
12 104
12 106
12 109
12 110
12 111
12 113
12 114
12 115
12 116
12 117
12 118
12 119
12 120
12 121
12 124
12 125
12 126
12 127
12 128
12 129
12 130
12 133
12 134
12 138
12 139
12 141
12 142
12 143
12 144
12 146
12 147
12 148
12 149
12 150
12 151
12 152
12 154
12 155
12 157
12 158
12 159
12 163
12 164
12 166
12 167
12 170
12 172
12 173
12 174
12 180
12 181
12 182
12 183
12 185
12 188
12 189
12 193
12 197
12 199
12 200
12 201
12 202
12 203
12 204
12 206
12 208
12 212
12 216
12 219
12 224
12 228
12 230
12 234
12 235
12 238
12 239
12 241
12 245
12 247
12 250
12 251
12 254
12 255
12 260
12 261
12 264
12 267
12 269
12 272
12 275
12 276
12 278
12 280
12 287
12 289
12 294
12 300
12 301
12 304
12 305
12 306
12 319
12 323
12 324
12 329
12 331
12 333
12 338
12 345
12 346
12 349
12 350
12 363
12 368
12 378
12 382
12 383
12 384
12 400
12 402
12 403
12 405
12 418
12 423
12 426
12 427
12 429
12 453
12 455
12 464
12 486
12 495
12 511
12 527
12 528
12 538
12 539
12 553
12 554
12 576
12 599
12 621
12 625
12 632
12 677
12 680
12 707
12 870
12 921
12 928
13 14
13 15
13 17
13 18
13 19
13 20
13 21
13 22
13 24
13 25
13 26
13 27
13 30
13 31
13 32
13 34
13 35
13 36
13 37
13 40
13 41
13 42
13 43
13 44
13 46
13 47
13 49
13 50
13 51
13 52
13 53
13 54
13 55
13 56
13 57
13 58
13 59
13 62
13 63
13 64
13 65
13 66
13 68
13 69
13 70
13 71
13 72
13 75
13 77
13 79
13 80
13 81
13 83
13 86
13 87
13 88
13 89
13 90
13 92
13 93
13 94
13 95
13 97
13 100
13 103
13 106
13 108
13 109
13 110
13 111
13 112
13 113
13 114
13 115
13 117
13 118
13 119
13 121
13 125
13 126
13 127
13 128
13 130
13 132
13 134
13 139
13 140
13 142
13 144
13 145
13 147
13 148
13 150
13 153
13 156
13 157
13 158
13 160
13 164
13 167
13 171
13 172
13 173
13 176
13 182
13 185
13 186
13 187
13 189
13 192
13 199
13 200
13 202
13 203
13 208
13 211
13 215
13 216
13 217
13 220
13 225
13 227
13 228
13 234
13 236
13 239
13 241
13 247
13 254
13 255
13 259
13 263
13 268
13 277
13 278
13 280
13 282
13 284
13 288
13 296
13 305
13 309
13 324
13 325
13 329
13 331
13 334
13 340
13 341
13 350
13 362
13 365
13 369
13 392
13 394
13 395
13 406
13 436
13 454
13 481
13 494
13 506
13 528
13 541
13 579
13 581
13 585
13 628
13 675
13 686
13 705
13 710
13 767
13 770
13 812
13 826
13 828
13 842
13 845
13 867
13 892
13 904
14 16
14 20
14 21
14 22
14 25
14 30
14 31
14 34
14 35
14 36
14 37
14 40
14 41
14 45
14 46
14 50
14 52
14 53
14 56
14 57
14 58
14 59
14 62
14 63
14 64
14 66
14 67
14 68
14 70
14 73
14 78
14 83
14 84
14 85
14 88
14 89
14 91
14 96
14 101
14 103
14 107
14 113
14 116
14 119
14 121
14 122
14 123
14 125
14 129
14 131
14 139
14 142
14 144
14 145
14 147
14 149
14 150
14 158
14 159
14 168
14 178
14 179
14 187
14 188
14 189
14 190
14 191
14 203
14 204
14 208
14 212
14 216
14 219
14 221
14 222
14 226
14 228
14 229
14 230
14 232
14 235
14 236
14 240
14 242
14 247
14 250
14 264
14 273
14 277
14 278
14 286
14 289
14 294
14 297
14 300
14 304
14 306
14 307
14 322
14 326
14 334
14 345
14 364
14 369
14 388
14 389
14 416
14 463
14 473
14 489
14 495
14 545
14 550
14 563
14 577
14 586
14 594
14 611
14 617
14 673
14 774
14 798
14 806
14 856
14 994
15 18
15 20
15 21
15 22
15 24
15 26
15 28
15 29
15 30
15 31
15 34
15 35
15 36
15 37
15 38
15 40
15 41
15 44
15 47
15 51
15 52
15 53
15 54
15 58
15 59
15 62
15 64
15 66
15 68
15 74
15 77
15 78
15 84
15 89
15 90
15 93
15 96
15 97
15 99
15 100
15 104
15 105
15 110
15 117
15 118
15 121
15 122
15 135
15 137
15 147
15 150
15 152
15 153
15 155
15 156
15 157
15 161
15 164
15 170
15 171
15 172
15 178
15 181
15 182
15 184
15 186
15 193
15 203
15 205
15 206
15 211
15 214
15 216
15 217
15 220
15 222
15 231
15 233
15 236
15 238
15 239
15 242
15 250
15 254
15 258
15 259
15 261
15 266
15 269
15 271
15 275
15 285
15 289
15 292
15 295
15 296
15 303
15 304
15 310
15 315
15 320
15 333
15 339
15 342
15 347
15 355
15 356
15 366
15 373
15 381
15 391
15 405
15 418
15 428
15 434
15 435
15 442
15 444
15 459
15 477
15 494
15 518
15 533
15 561
15 573
15 598
15 622
15 629
15 633
15 722
15 820
15 829
15 840
15 848
15 852
15 876
15 897
16 17
16 19
16 21
16 25
16 27
16 28
16 30
16 31
16 34
16 35
16 37
16 40
16 41
16 46
16 48
16 51
16 52
16 56
16 58
16 59
16 62
16 63
16 64
16 68
16 71
16 73
16 78
16 81
16 82
16 86
16 87
16 89
16 90
16 91
16 95
16 96
16 97
16 98
16 103
16 104
16 105
16 106
16 107
16 110
16 116
16 117
16 118
16 119
16 120
16 123
16 124
16 128
16 135
16 140
16 143
16 149
16 150
16 151
16 157
16 162
16 163
16 164
16 166
16 168
16 169
16 179
16 182
16 183
16 186
16 190
16 192
16 193
16 196
16 197
16 199
16 202
16 203
16 213
16 216
16 218
16 221
16 229
16 232
16 233
16 239
16 240
16 248
16 250
16 255
16 268
16 274
16 283
16 293
16 302
16 314
16 321
16 327
16 328
16 331
16 340
16 363
16 380
16 383
16 399
16 404
16 418
16 420
16 424
16 431
16 441
16 463
16 474
16 484
16 491
16 492
16 514
16 525
16 526
16 572
16 582
16 603
16 641
16 644
16 691
16 726
16 879
16 959
17 20
17 21
17 22
17 25
17 29
17 31
17 34
17 35
17 37
17 40
17 41
17 45
17 46
17 48
17 50
17 52
17 53
17 58
17 61
17 62
17 63
17 64
17 65
17 67
17 68
17 78
17 81
17 83
17 84
17 85
17 88
17 89
17 90
17 94
17 96
17 98
17 101
17 108
17 114
17 120
17 122
17 129
17 130
17 131
17 136
17 142
17 145
17 149
17 150
17 157
17 158
17 159
17 162
17 168
17 174
17 175
17 180
17 188
17 197
17 199
17 214
17 215
17 227
17 237
17 243
17 245
17 246
17 247
17 248
17 255
17 263
17 283
17 292
17 302
17 304
17 310
17 313
17 322
17 325
17 336
17 337
17 338
17 355
17 359
17 365
17 375
17 380
17 389
17 424
17 435
17 451
17 453
17 485
17 501
17 508
17 517
17 521
17 551
17 555
17 620
17 652
17 685
17 716
17 775
17 778
17 821
17 835
17 849
17 890
17 893
17 900
18 20
18 21
18 27
18 28
18 30
18 33
18 38
18 39
18 42
18 46
18 49
18 50
18 51
18 55
18 57
18 58
18 59
18 63
18 65
18 66
18 71
18 74
18 78
18 81
18 84
18 85
18 87
18 88
18 90
18 92
18 93
18 96
18 97
18 99
18 101
18 105
18 106
18 110
18 111
18 121
18 127
18 128
18 142
18 149
18 158
18 172
18 175
18 185
18 187
18 190
18 200
18 211
18 215
18 217
18 218
18 224
18 231
18 241
18 247
18 250
18 252
18 259
18 260
18 261
18 266
18 270
18 276
18 280
18 281
18 284
18 285
18 287
18 289
18 293
18 299
18 305
18 306
18 307
18 309
18 310
18 311
18 312
18 316
18 317
18 318
18 320
18 321
18 322
18 323
18 324
18 326
18 330
18 332
18 339
18 350
18 369
18 379
18 384
18 400
18 410
18 441
18 443
18 445
18 477
18 490
18 495
18 498
18 506
18 509
18 515
18 540
18 554
18 571
18 668
18 700
18 785
18 853
18 975
19 21
19 22
19 25
19 28
19 30
19 31
19 34
19 35
19 36
19 37
19 38
19 40
19 45
19 46
19 48
19 50
19 51
19 52
19 53
19 54
19 56
19 57
19 58
19 59
19 61
19 62
19 63
19 64
19 65
19 67
19 70
19 71
19 73
19 75
19 76
19 77
19 78
19 81
19 86
19 87
19 89
19 90
19 91
19 92
19 94
19 95
19 97
19 98
19 104
19 105
19 106
19 108
19 110
19 111
19 113
19 116
19 117
19 119
19 120
19 121
19 122
19 123
19 127
19 129
19 130
19 131
19 135
19 136
19 139
19 141
19 144
19 149
19 150
19 159
19 163
19 169
19 171
19 175
19 178
19 179
19 183
19 187
19 190
19 191
19 192
19 194
19 196
19 197
19 201
19 203
19 205
19 213
19 214
19 218
19 222
19 229
19 233
19 240
19 244
19 251
19 273
19 274
19 276
19 289
19 290
19 301
19 323
19 331
19 343
19 363
19 366
19 368
19 383
19 396
19 399
19 422
19 432
19 434
19 438
19 439
19 445
19 451
19 463
19 496
19 503
19 530
19 532
19 555
19 581
19 602
19 611
19 645
19 682
19 708
19 733
19 888
19 889
19 929
19 941
19 972
19 982
20 23
20 25
20 26
20 27
20 28
20 29
20 30
20 34
20 35
20 36
20 38
20 39
20 40
20 43
20 44
20 45
20 47
20 52
20 54
20 56
20 57
20 58
20 59
20 62
20 64
20 66
20 68
20 70
20 74
20 77
20 78
20 79
20 81
20 87
20 88
20 89
20 93
20 100
20 101
20 104
20 105
20 109
20 110
20 113
20 114
20 117
20 118
20 122
20 127
20 128
20 132
20 137
20 141
20 142
20 147
20 152
20 156
20 161
20 163
20 170
20 172
20 177
20 179
20 180
20 183
20 187
20 188
20 194
20 198
20 209
20 211
20 215
20 225
20 227
20 229
20 230
20 238
20 242
20 243
20 262
20 263
20 264
20 269
20 275
20 282
20 284
20 285
20 299
20 311
20 313
20 324
20 330
20 332
20 337
20 338
20 343
20 351
20 358
20 377
20 379
20 391
20 418
20 426
20 451
20 476
20 502
20 559
20 643
20 688
20 779
20 847
20 869
20 871
20 943
21 22
21 23
21 26
21 27
21 28
21 29
21 30
21 31
21 32
21 34
21 35
21 36
21 38
21 40
21 41
21 42
21 43
21 44
21 45
21 46
21 47
21 51
21 52
21 53
21 54
21 55
21 56
21 57
21 58
21 59
21 61
21 62
21 63
21 64
21 67
21 68
21 69
21 70
21 71
21 74
21 77
21 78
21 79
21 83
21 85
21 87
21 90
21 91
21 93
21 94
21 96
21 97
21 98
21 99
21 100
21 104
21 106
21 107
21 108
21 110
21 111
21 113
21 115
21 116
21 120
21 122
21 123
21 124
21 125
21 126
21 128
21 131
21 134
21 137
21 139
21 146
21 152
21 153
21 156
21 159
21 167
21 172
21 175
21 178
21 190
21 192
21 193
21 199
21 200
21 204
21 208
21 210
21 211
21 217
21 225
21 227
21 228
21 229
21 233
21 235
21 245
21 247
21 248
21 270
21 279
21 280
21 285
21 287
21 294
21 303
21 306
21 314
21 320
21 326
21 331
21 332
21 338
21 346
21 358
21 374
21 379
21 384
21 385
21 393
21 405
21 407
21 426
21 451
21 471
21 516
21 577
21 589
21 624
21 735
21 794
21 893
22 25
22 27
22 28
22 30
22 31
22 35
22 36
22 37
22 38
22 40
22 44
22 47
22 50
22 51
22 52
22 53
22 54
22 55
22 56
22 58
22 59
22 62
22 63
22 66
22 68
22 69
22 70
22 71
22 72
22 73
22 74
22 77
22 83
22 86
22 87
22 88
22 90
22 94
22 95
22 96
22 99
22 101
22 106
22 108
22 113
22 118
22 120
22 121
22 124
22 125
22 126
22 127
22 129
22 130
22 137
22 138
22 139
22 150
22 156
22 157
22 161
22 167
22 173
22 174
22 182
22 187
22 194
22 197
22 200
22 203
22 204
22 206
22 208
22 210
22 214
22 227
22 230
22 231
22 233
22 234
22 249
22 269
22 271
22 272
22 273
22 316
22 318
22 328
22 352
22 366
22 372
22 381
22 395
22 433
22 449
22 462
22 497
22 517
22 570
22 588
22 664
22 699
22 703
22 732
22 781
22 792
22 891
23 25
23 28
23 30
23 31
23 33
23 34
23 35
23 36
23 39
23 40
23 42
23 46
23 50
23 51
23 55
23 57
23 59
23 63
23 64
23 65
23 66
23 68
23 70
23 74
23 77
23 78
23 81
23 83
23 88
23 90
23 93
23 94
23 97
23 99
23 104
23 106
23 113
23 117
23 127
23 128
23 130
23 134
23 139
23 141
23 144
23 149
23 153
23 156
23 157
23 159
23 171
23 181
23 184
23 185
23 186
23 187
23 190
23 192
23 196
23 198
23 200
23 203
23 204
23 210
23 211
23 215
23 216
23 217
23 230
23 231
23 233
23 236
23 238
23 239
23 247
23 249
23 250
23 251
23 252
23 254
23 258
23 259
23 260
23 261
23 263
23 266
23 280
23 281
23 282
23 287
23 293
23 307
23 308
23 309
23 315
23 321
23 323
23 342
23 350
23 360
23 386
23 409
23 477
23 478
23 480
23 481
23 497
23 507
23 515
23 580
23 585
23 593
23 630
23 708
23 737
23 751
23 783
23 815
23 816
23 822
23 846
23 858
24 25
24 26
24 38
24 49
24 488
24 490
24 491
24 495
24 496
24 497
24 498
24 499
24 500
24 501
24 502
24 503
24 504
24 505
24 506
24 507
24 509
24 510
24 511
24 512
24 513
24 514
24 515
24 518
24 519
24 537
24 538
24 548
24 556
24 559
24 561
24 564
24 575
25 26
25 28
25 29
25 30
25 35
25 37
25 38
25 40
25 45
25 46
25 48
25 53
25 55
25 58
25 62
25 63
25 66
25 69
25 70
25 71
25 74
25 77
25 78
25 83
25 84
25 91
25 92
25 94
25 95
25 96
25 98
25 99
25 101
25 103
25 107
25 114
25 115
25 118
25 120
25 125
25 127
25 129
25 130
25 131
25 136
25 141
25 145
25 156
25 157
25 162
25 166
25 167
25 171
25 175
25 178
25 186
25 187
25 189
25 198
25 208
25 210
25 214
25 223
25 227
25 230
25 234
25 235
25 244
25 257
25 259
25 282
25 297
25 304
25 310
25 315
25 316
25 333
25 341
25 343
25 352
25 361
25 371
25 390
25 409
25 460
25 468
25 470
25 523
25 538
25 541
25 613
25 615
25 642
25 771
25 903
25 909
25 911
26 28
26 30
26 31
26 32
26 35
26 36
26 38
26 40
26 41
26 42
26 50
26 57
26 58
26 59
26 60
26 62
26 63
26 64
26 75
26 84
26 85
26 90
26 94
26 96
26 97
26 100
26 101
26 104
26 106
26 117
26 118
26 120
26 121
26 130
26 132
26 137
26 140
26 149
26 152
26 153
26 155
26 156
26 170
26 171
26 187
26 193
26 196
26 197
26 199
26 201
26 202
26 204
26 206
26 210
26 215
26 216
26 226
26 239
26 242
26 244
26 251
26 254
26 262
26 270
26 279
26 356
26 359
26 365
26 368
26 385
26 396
26 402
26 405
26 411
26 462
26 468
26 560
26 561
26 567
26 597
26 818
27 28
27 30
27 31
27 33
27 34
27 35
27 36
27 37
27 40
27 43
27 44
27 48
27 51
27 53
27 59
27 62
27 64
27 66
27 68
27 78
27 79
27 84
27 88
27 93
27 96
27 100
27 104
27 105
27 111
27 115
27 118
27 131
27 137
27 138
27 151
27 152
27 153
27 155
27 156
27 157
27 168
27 170
27 172
27 173
27 181
27 184
27 192
27 193
27 196
27 198
27 203
27 204
27 206
27 209
27 211
27 217
27 220
27 231
27 233
27 238
27 242
27 243
27 249
27 259
27 261
27 271
27 272
27 275
27 285
27 292
27 295
27 304
27 308
27 315
27 319
27 339
27 347
27 360
27 379
27 392
27 428
27 439
27 462
27 520
27 584
27 748
28 31
28 34
28 35
28 36
28 37
28 40
28 41
28 42
28 43
28 44
28 45
28 46
28 47
28 51
28 52
28 53
28 56
28 57
28 58
28 60
28 62
28 63
28 64
28 65
28 66
28 68
28 69
28 71
28 74
28 76
28 77
28 79
28 80
28 81
28 87
28 88
28 90
28 92
28 93
28 94
28 95
28 96
28 99
28 100
28 102
28 110
28 111
28 112
28 116
28 119
28 120
28 124
28 126
28 127
28 128
28 129
28 134
28 135
28 137
28 138
28 145
28 152
28 153
28 164
28 171
28 175
28 182
28 189
28 192
28 194
28 200
28 205
28 206
28 221
28 224
28 233
28 238
28 243
28 244
28 252
28 254
28 260
28 266
28 267
28 268
28 274
28 276
28 279
28 282
28 287
28 291
28 311
28 316
28 331
28 372
28 456
28 494
28 590
28 761
29 30
29 31
29 36
29 37
29 40
29 41
29 43
29 44
29 47
29 50
29 51
29 53
29 54
29 56
29 58
29 63
29 65
29 66
29 68
29 71
29 75
29 77
29 78
29 81
29 86
29 94
29 101
29 102
29 105
29 108
29 110
29 115
29 116
29 128
29 129
29 139
29 144
29 145
29 147
29 152
29 156
29 157
29 159
29 161
29 167
29 173
29 182
29 197
29 199
29 204
29 205
29 207
29 210
29 217
29 219
29 227
29 253
29 259
29 289
29 308
29 342
29 345
29 352
29 355
29 382
29 387
29 400
29 430
29 439
29 513
29 571
29 615
29 637
29 897
30 31
30 34
30 35
30 36
30 37
30 38
30 40
30 41
30 42
30 45
30 46
30 52
30 53
30 54
30 61
30 62
30 64
30 67
30 68
30 71
30 73
30 81
30 86
30 87
30 89
30 90
30 91
30 92
30 94
30 101
30 103
30 104
30 105
30 113
30 117
30 120
30 122
30 123
30 124
30 129
30 130
30 131
30 133
30 134
30 135
30 138
30 139
30 145
30 147
30 157
30 166
30 171
30 175
30 179
30 200
30 214
30 220
30 244
30 276
30 290
30 305
30 314
30 354
30 450
30 466
30 487
30 543
30 546
30 556
30 737
30 777
31 34
31 35
31 40
31 43
31 45
31 46
31 49
31 50
31 51
31 52
31 55
31 69
31 73
31 75
31 83
31 84
31 85
31 88
31 95
31 99
31 100
31 105
31 110
31 111
31 121
31 126
31 127
31 131
31 134
31 137
31 139
31 141
31 162
31 167
31 168
31 170
31 181
31 182
31 185
31 198
31 218
31 223
31 233
31 242
31 251
31 253
31 258
31 262
31 275
31 299
31 316
31 327
31 347
31 359
31 364
31 376
31 380
31 396
31 400
31 407
31 444
31 499
31 558
31 586
31 616
31 697
32 34
32 37
32 41
32 53
32 58
32 66
32 83
32 85
32 88
32 100
32 112
32 114
32 122
32 125
32 129
32 130
32 174
32 188
32 210
32 227
32 232
32 237
32 246
32 273
32 278
32 286
32 294
32 364
32 369
32 380
32 394
32 501
32 508
32 522
32 552
32 620
32 850
32 973
33 47
33 54
33 65
33 85
33 432
33 435
33 436
33 438
33 439
33 440
33 441
33 442
33 443
33 444
33 446
33 448
33 449
33 451
33 453
33 454
33 455
33 456
33 457
33 458
33 461
33 466
33 481
33 482
34 35
34 37
34 38
34 40
34 44
34 51
34 52
34 53
34 54
34 55
34 56
34 58
34 61
34 63
34 64
34 65
34 68
34 69
34 71
34 73
34 75
34 77
34 78
34 86
34 87
34 90
34 91
34 92
34 96
34 103
34 105
34 107
34 109
34 110
34 111
34 113
34 116
34 117
34 120
34 122
34 123
34 124
34 125
34 128
34 129
34 130
34 133
34 139
34 144
34 145
34 148
34 150
34 158
34 159
34 162
34 163
34 167
34 169
34 170
34 177
34 185
34 189
34 199
34 205
34 213
34 214
34 220
34 247
34 256
34 265
34 267
34 323
34 333
34 336
34 420
34 430
34 512
34 514
34 556
34 574
34 575
34 582
34 732
35 36
35 37
35 38
35 40
35 42
35 43
35 44
35 45
35 46
35 52
35 54
35 55
35 59
35 62
35 64
35 65
35 67
35 68
35 76
35 84
35 86
35 87
35 88
35 89
35 90
35 94
35 96
35 101
35 104
35 105
35 107
35 109
35 113
35 116
35 119
35 120
35 123
35 128
35 131
35 135
35 140
35 141
35 142
35 146
35 163
35 168
35 183
35 195
35 214
35 218
35 223
35 226
35 229
35 241
35 248
35 256
35 290
35 321
35 323
35 336
35 338
35 391
35 401
35 438
35 455
35 474
35 685
35 790
35 896
36 38
36 39
36 40
36 42
36 47
36 51
36 52
36 53
36 57
36 58
36 62
36 64
36 66
36 67
36 71
36 74
36 75
36 90
36 99
36 107
36 110
36 116
36 118
36 121
36 124
36 128
36 141
36 144
36 154
36 155
36 162
36 173
36 181
36 182
36 183
36 188
36 192
36 221
36 249
36 257
36 267
36 274
36 306
36 313
36 316
36 348
36 363
36 382
36 401
36 522
36 577
36 899
37 38
37 40
37 41
37 45
37 46
37 54
37 58
37 60
37 61
37 62
37 65
37 73
37 78
37 85
37 88
37 89
37 95
37 96
37 97
37 100
37 105
37 108
37 115
37 117
37 120
37 128
37 131
37 135
37 138
37 140
37 147
37 152
37 157
37 159
37 175
37 182
37 200
37 214
37 218
37 219
37 223
37 255
37 262
37 282
37 299
37 300
37 323
37 338
37 361
37 407
37 433
37 437
37 442
37 491
37 529
37 537
37 635
37 718
37 739
38 40
38 41
38 42
38 44
38 46
38 47
38 50
38 51
38 52
38 55
38 56
38 57
38 58
38 62
38 63
38 64
38 65
38 66
38 68
38 69
38 70
38 71
38 74
38 77
38 79
38 87
38 88
38 89
38 90
38 92
38 95
38 108
38 112
38 113
38 115
38 116
38 119
38 127
38 128
38 133
38 134
38 137
38 138
38 149
38 151
38 152
38 153
38 171
38 185
38 186
38 193
38 200
38 231
38 241
38 243
38 252
38 254
38 258
38 265
38 268
38 275
38 339
38 357
38 372
38 416
38 488
38 600
38 609
38 626
38 711
38 801
38 811
38 894
39 44
39 47
39 49
39 55
39 74
39 154
39 392
39 393
39 396
39 397
39 398
39 399
39 400
39 402
39 403
39 405
39 406
39 407
39 408
39 409
39 410
39 411
39 412
39 413
39 414
39 417
39 422
39 424
39 426
39 428
39 429
39 431
39 450
39 835
40 44
40 45
40 46
40 47
40 48
40 50
40 51
40 52
40 54
40 55
40 57
40 58
40 59
40 61
40 62
40 63
40 64
40 70
40 72
40 74
40 80
40 81
40 83
40 86
40 89
40 92
40 96
40 97
40 103
40 104
40 105
40 109
40 110
40 115
40 116
40 117
40 119
40 120
40 122
40 124
40 127
40 142
40 150
40 158
40 160
40 166
40 167
40 168
40 169
40 175
40 179
40 182
40 187
40 192
40 197
40 206
40 209
40 213
40 222
40 223
40 229
40 248
40 255
40 256
40 283
40 290
40 291
40 321
40 336
40 354
40 363
40 374
40 388
40 404
40 414
40 476
41 44
41 47
41 48
41 52
41 53
41 54
41 55
41 58
41 59
41 66
41 73
41 75
41 79
41 81
41 87
41 99
41 108
41 111
41 115
41 118
41 119
41 120
41 122
41 123
41 127
41 130
41 131
41 132
41 140
41 148
41 167
41 173
41 178
41 180
41 194
41 199
41 213
41 218
41 224
41 229
41 259
41 336
41 363
41 367
41 399
41 416
41 610
41 618
41 862
41 864
42 52
42 53
42 54
42 57
42 58
42 59
42 64
42 65
42 66
42 74
42 78
42 81
42 88
42 89
42 90
42 93
42 100
42 105
42 128
42 132
42 137
42 142
42 144
42 147
42 153
42 183
42 188
42 193
42 198
42 199
42 206
42 209
42 217
42 225
42 270
42 276
42 284
42 332
42 337
42 348
42 473
42 500
42 524
42 861
42 894
42 963
43 48
43 59
43 66
43 81
43 85
43 86
43 87
43 89
43 100
43 106
43 118
43 144
43 151
43 170
43 183
43 194
43 195
43 198
43 201
43 206
43 216
43 239
43 240
43 264
43 265
43 275
43 284
43 292
43 325
43 412
43 446
43 468
43 517
43 560
43 607
43 610
43 727
43 758
43 799
44 46
44 48
44 51
44 53
44 57
44 58
44 64
44 66
44 68
44 74
44 77
44 85
44 86
44 92
44 93
44 99
44 101
44 103
44 121
44 128
44 130
44 131
44 132
44 134
44 138
44 140
44 144
44 154
44 181
44 186
44 195
44 198
44 205
44 206
44 211
44 217
44 231
44 233
44 249
44 259
44 261
44 269
44 285
44 296
44 301
44 310
44 316
44 320
44 373
44 424
44 482
44 619
45 46
45 48
45 52
45 62
45 63
45 68
45 73
45 75
45 82
45 87
45 89
45 91
45 92
45 95
45 96
45 98
45 99
45 103
45 108
45 120
45 126
45 151
45 168
45 169
45 174
45 175
45 179
45 183
45 244
45 274
45 303
45 305
45 336
45 340
45 343
45 345
45 409
45 414
45 439
45 441
45 724
45 857
45 885
46 47
46 50
46 51
46 53
46 54
46 55
46 56
46 57
46 59
46 60
46 63
46 64
46 65
46 68
46 69
46 70
46 71
46 74
46 75
46 83
46 86
46 97
46 99
46 105
46 106
46 108
46 110
46 111
46 113
46 123
46 124
46 128
46 131
46 142
46 149
46 167
46 168
46 172
46 183
46 187
46 189
46 190
46 191
46 196
46 215
46 229
46 230
46 256
46 291
46 293
46 305
46 309
46 314
46 323
46 327
46 333
46 343
46 350
46 358
46 363
46 370
46 378
46 388
46 411
46 426
46 427
46 447
46 458
46 466
46 472
46 489
46 496
46 512
46 519
46 525
46 551
46 554
46 557
46 572
46 576
46 578
46 646
46 661
46 718
46 788
46 793
46 877
46 905
46 955
47 51
47 57
47 66
47 68
47 74
47 93
47 99
47 108
47 114
47 115
47 121
47 128
47 132
47 142
47 150
47 157
47 163
47 189
47 202
47 222
47 231
47 250
47 252
47 256
47 258
47 259
47 277
47 280
47 281
47 285
47 323
47 355
47 475
47 580
48 51
48 56
48 57
48 60
48 61
48 62
48 63
48 64
48 65
48 68
48 75
48 76
48 90
48 99
48 113
48 121
48 122
48 135
48 138
48 139
48 141
48 142
48 171
48 185
48 204
48 221
48 245
48 246
48 253
48 254
48 258
48 260
48 262
48 264
48 265
48 274
48 275
48 279
48 295
48 320
48 348
48 368
48 406
48 423
48 481
48 499
48 527
48 887
49 82
49 93
49 207
49 258
49 376
49 377
49 378
49 382
49 384
49 386
49 387
49 388
49 389
49 390
49 391
49 394
49 395
49 401
49 404
50 52
50 54
50 55
50 60
50 73
50 84
50 85
50 97
50 105
50 123
50 196
50 218
50 283
50 343
50 345
50 346
50 348
50 349
50 350
50 351
50 352
50 362
50 364
50 373
50 381
50 383
50 458
50 477
51 56
51 57
51 58
51 59
51 64
51 68
51 73
51 84
51 86
51 91
51 93
51 96
51 99
51 104
51 107
51 111
51 113
51 115
51 124
51 135
51 146
51 154
51 162
51 163
51 167
51 170
51 186
51 187
51 190
51 236
51 260
51 267
51 271
51 291
51 316
51 319
51 335
51 370
51 383
51 510
51 714
52 54
52 55
52 58
52 60
52 61
52 62
52 63
52 64
52 68
52 70
52 73
52 78
52 84
52 86
52 89
52 90
52 91
52 97
52 99
52 104
52 105
52 108
52 113
52 120
52 123
52 140
52 142
52 145
52 146
52 148
52 167
52 172
52 185
52 231
52 256
52 258
52 314
52 324
52 374
52 423
52 432
52 625
53 54
53 57
53 59
53 65
53 72
53 78
53 87
53 88
53 89
53 90
53 94
53 101
53 103
53 106
53 121
53 122
53 130
53 133
53 135
53 141
53 145
53 147
53 157
53 159
53 170
53 173
53 176
53 178
53 184
53 188
53 190
53 210
53 264
53 270
53 279
53 352
53 449
53 507
53 512
53 544
53 870
54 55
54 56
54 58
54 62
54 63
54 64
54 68
54 70
54 77
54 83
54 85
54 89
54 90
54 111
54 115
54 118
54 126
54 142
54 146
54 148
54 152
54 153
54 156
54 158
54 172
54 181
54 185
54 189
54 195
54 215
54 241
54 259
54 263
54 265
54 290
54 349
54 354
54 377
54 878
55 56
55 64
55 70
55 74
55 81
55 84
55 88
55 89
55 97
55 113
55 130
55 132
55 147
55 155
55 181
55 190
55 202
55 218
55 222
55 243
55 257
55 260
55 266
55 283
55 384
55 404
55 415
55 435
55 440
55 442
55 449
55 475
55 483
55 519
55 535
56 58
56 59
56 60
56 61
56 63
56 64
56 68
56 70
56 76
56 81
56 83
56 84
56 86
56 89
56 91
56 94
56 97
56 104
56 113
56 115
56 121
56 137
56 141
56 145
56 149
56 162
56 175
56 183
56 209
56 214
56 222
56 225
56 240
56 244
56 283
56 293
56 326
56 354
56 414
56 480
57 59
57 62
57 63
57 69
57 70
57 71
57 74
57 78
57 83
57 102
57 105
57 120
57 127
57 176
57 183
57 200
57 205
57 206
57 235
57 260
57 298
57 396
57 469
57 634
58 62
58 65
58 68
58 71
58 73
58 75
58 84
58 89
58 91
58 97
58 100
58 102
58 106
58 111
58 113
58 119
58 132
58 135
58 159
58 171
58 191
58 209
58 212
58 215
58 218
58 223
58 244
58 268
58 292
58 312
58 333
58 372
58 458
58 729
59 60
59 63
59 65
59 68
59 70
59 79
59 80
59 81
59 84
59 90
59 92
59 106
59 108
59 112
59 121
59 122
59 127
59 135
59 136
59 138
59 150
59 156
59 182
59 187
59 252
59 264
59 289
59 291
59 318
59 360
59 435
59 497
59 519
59 800
60 63
60 66
60 73
60 74
60 83
60 86
60 89
60 97
60 98
60 106
60 107
60 110
60 120
60 123
60 140
60 148
60 149
60 150
60 162
60 163
60 192
60 204
60 220
60 236
60 256
60 307
60 312
60 409
60 492
60 601
60 967
61 62
61 81
61 89
61 91
61 95
61 98
61 103
61 110
61 118
61 120
61 131
61 139
61 144
61 162
61 164
61 172
61 175
61 183
61 202
61 244
61 285
61 336
61 504
61 819
61 923
62 63
62 69
62 76
62 80
62 84
62 88
62 92
62 96
62 102
62 104
62 110
62 112
62 117
62 120
62 123
62 129
62 130
62 131
62 144
62 153
62 166
62 167
62 173
62 185
62 194
62 213
62 225
62 242
62 248
62 292
62 343
62 422
62 526
63 64
63 67
63 68
63 72
63 73
63 75
63 84
63 85
63 89
63 96
63 97
63 99
63 105
63 112
63 113
63 114
63 116
63 117
63 132
63 143
63 145
63 146
63 149
63 162
63 191
63 213
63 218
63 220
63 223
63 224
63 305
63 378
64 68
64 69
64 70
64 79
64 84
64 85
64 87
64 96
64 99
64 104
64 110
64 116
64 119
64 122
64 124
64 139
64 140
64 142
64 144
64 145
64 167
64 218
64 222
64 228
64 274
64 314
64 562
65 70
65 95
65 96
65 99
65 106
65 117
65 125
65 138
65 149
65 157
65 221
65 237
65 238
65 240
65 241
65 247
65 248
65 259
65 263
65 266
65 267
65 270
65 283
65 332
65 334
65 352
65 406
65 414
65 478
65 506
66 101
66 102
66 123
66 126
66 131
66 149
66 171
66 206
66 229
66 264
66 291
66 295
66 297
66 299
66 300
66 301
66 308
66 312
66 319
66 326
66 338
66 420
67 77
67 87
67 89
67 129
67 130
67 141
67 145
67 150
67 154
67 158
67 174
67 197
67 201
67 230
67 289
67 303
67 353
67 374
67 627
67 764
68 71
68 85
68 86
68 88
68 89
68 92
68 109
68 111
68 112
68 116
68 119
68 123
68 126
68 135
68 140
68 146
68 169
68 175
68 197
68 291
68 301
68 310
68 367
68 396
68 419
68 701
68 722
69 73
69 76
69 90
69 96
69 100
69 104
69 107
69 118
69 130
69 135
69 140
69 162
69 166
69 168
69 237
69 260
69 303
69 393
69 518
69 520
69 728
70 86
70 94
70 97
70 106
70 112
70 113
70 116
70 123
70 132
70 142
70 158
70 172
70 191
70 220
70 222
70 236
70 258
70 266
70 283
70 293
70 342
71 75
71 101
71 103
71 104
71 106
71 117
71 118
71 121
71 129
71 138
71 149
71 151
71 152
71 164
71 175
71 193
71 196
71 201
71 216
71 234
71 253
71 312
71 387
71 430
71 446
71 468
71 503
71 511
71 567
71 568
71 575
72 83
72 85
72 114
72 122
72 174
72 232
72 278
72 286
72 294
72 380
72 403
72 431
72 734
73 85
73 87
73 89
73 95
73 108
73 116
73 121
73 138
73 141
73 142
73 157
73 158
73 171
73 185
73 189
73 203
73 213
73 220
73 264
73 270
73 348
73 368
73 377
73 447
73 527
73 649
74 77
74 82
74 84
74 92
74 93
74 96
74 105
74 126
74 131
74 154
74 155
74 163
74 172
74 177
74 181
74 185
74 198
74 222
74 258
74 352
74 373
74 417
75 94
75 98
75 118
75 121
75 151
75 166
75 170
75 171
75 174
75 201
75 205
75 216
75 223
75 234
75 239
75 359
75 362
75 399
76 83
76 87
76 90
76 94
76 98
76 105
76 107
76 119
76 123
76 147
76 216
76 221
76 246
76 250
76 307
76 312
76 340
76 420
76 456
76 476
76 552
76 886
76 932
76 965
77 84
77 96
77 101
77 106
77 115
77 126
77 128
77 157
77 164
77 177
77 186
77 210
77 257
77 281
77 309
77 311
77 425
77 479
78 83
78 109
78 110
78 125
78 143
78 181
78 186
78 188
78 205
78 220
78 221
78 235
78 278
78 286
78 306
78 501
78 563
78 833
79 100
79 137
79 151
79 174
79 200
79 206
79 222
79 243
79 304
79 366
79 412
79 421
79 446
79 458
79 610
80 93
80 99
80 100
80 138
80 153
80 157
80 184
80 198
80 206
80 233
80 242
80 261
80 271
80 272
80 296
80 304
80 315
80 343
80 347
80 360
80 428
80 444
80 455
80 471
80 500
80 510
80 520
81 83
81 89
81 90
81 97
81 104
81 106
81 115
81 117
81 123
81 159
81 169
81 194
81 199
81 263
81 307
81 310
81 404
82 353
82 354
82 356
82 357
82 358
82 359
82 360
82 361
82 365
82 366
82 367
82 368
82 369
82 370
82 371
82 372
82 374
82 375
82 379
82 380
82 385
83 84
83 94
83 98
83 104
83 109
83 118
83 135
83 145
83 146
83 215
83 247
83 248
83 283
83 300
83 307
83 309
83 403
83 480
83 550
83 557
83 694
83 706
84 88
84 97
84 101
84 124
84 128
84 142
84 148
84 154
84 156
84 167
84 178
84 196
84 236
84 276
84 279
84 349
84 364
84 381
84 448
84 666
84 855
85 87
85 90
85 97
85 109
85 116
85 125
85 128
85 175
85 176
85 202
85 208
85 238
85 276
85 593
86 87
86 89
86 92
86 104
86 108
86 110
86 116
86 155
86 162
86 181
86 190
86 216
86 236
86 758
86 966
86 976
87 90
87 91
87 94
87 96
87 101
87 103
87 120
87 124
87 129
87 131
87 138
87 140
87 161
87 166
87 168
87 175
87 204
87 327
87 432
87 452
87 524
87 547
87 731
87 810
88 89
88 91
88 99
88 119
88 140
88 157
88 163
88 173
88 214
88 216
88 219
88 269
88 271
88 312
88 344
88 367
88 370
88 414
88 557
89 96
89 98
89 104
89 105
89 111
89 117
89 120
89 123
89 132
89 144
89 148
89 150
89 167
89 185
89 214
89 226
89 333
89 400
89 419
89 523
90 94
90 101
90 104
90 107
90 140
90 147
90 168
90 183
90 256
90 305
90 313
90 391
90 786
91 118
91 119
91 121
91 122
91 124
91 135
91 138
91 141
91 142
91 157
91 171
91 264
91 270
91 295
91 354
91 401
91 406
91 500
91 969
92 98
92 121
92 122
92 151
92 231
92 242
92 250
92 335
92 479
92 506
92 573
93 99
93 120
93 128
93 154
93 155
93 163
93 181
93 184
93 203
93 249
93 269
93 298
93 308
93 310
93 315
93 348
93 408
93 565
94 95
94 100
94 103
94 107
94 108
94 125
94 143
94 160
94 168
94 214
94 276
94 317
94 343
94 389
94 489
94 832
95 104
95 118
95 129
95 130
95 151
95 156
95 168
95 182
95 209
95 214
95 224
95 230
95 231
95 250
95 286
95 340
95 352
95 359
95 484
95 596
96 112
96 128
96 133
96 136
96 142
96 152
96 153
96 182
96 187
96 217
96 238
96 281
97 108
97 111
97 114
97 115
97 116
97 124
97 127
97 134
97 158
97 160
97 167
97 189
97 203
97 220
97 236
97 353
98 121
98 124
98 139
98 141
98 171
98 185
98 242
98 245
98 264
98 270
98 274
98 346
98 368
98 455
98 481
98 502
98 544
98 563
98 887
99 231
99 232
99 239
99 249
99 363
100 104
100 118
100 152
100 155
100 170
100 243
100 253
100 279
100 392
100 462
100 684
100 729
100 986
101 103
101 107
101 121
101 143
101 162
101 173
101 178
101 234
101 252
101 269
101 291
101 316
101 371
102 107
102 112
102 121
102 141
102 142
102 171
102 175
102 177
102 178
102 185
102 264
102 344
102 346
102 481
102 499
103 116
103 129
103 130
103 144
103 161
103 204
103 207
103 261
103 272
103 273
103 276
103 277
103 278
103 280
104 110
104 126
104 137
104 152
104 153
104 164
104 252
104 264
104 267
104 275
104 291
104 445
104 592
105 111
105 116
105 121
105 122
105 124
105 138
105 145
105 146
105 261
105 274
105 372
106 146
106 150
106 160
106 161
106 165
106 174
106 202
106 220
107 129
107 157
107 200
107 210
107 395
107 657
108 117
108 122
108 142
108 200
108 206
108 209
108 218
108 243
109 159
109 184
109 186
109 195
109 277
109 286
109 345
109 591
109 717
110 123
110 140
110 313
110 364
110 504
110 860
111 117
111 140
111 168
111 193
111 218
111 222
111 225
111 312
111 655
112 151
112 156
112 166
112 253
112 347
112 360
112 407
112 494
112 518
113 119
113 122
113 127
113 134
113 157
113 167
113 189
113 199
113 222
113 228
113 298
113 336
113 376
113 389
113 422
113 832
114 123
114 143
114 188
114 218
114 340
114 452
115 130
115 181
115 209
115 213
115 223
115 225
115 377
115 391
115 415
116 117
116 162
116 222
116 225
116 265
116 659
117 124
117 133
117 137
117 138
117 141
117 161
117 181
117 182
117 185
117 201
117 215
117 445
118 120
118 159
118 164
118 169
118 292
119 123
119 132
119 174
119 185
119 218
119 229
119 305
119 428
120 122
120 126
120 136
120 142
120 152
120 174
120 203
120 276
120 311
120 351
121 131
121 155
121 169
121 179
121 181
121 191
121 318
121 553
122 123
122 141
122 150
122 167
122 179
122 453
122 948
123 127
123 135
123 144
123 153
123 199
123 304
124 138
124 140
124 145
124 175
124 208
124 256
124 291
124 317
124 449
124 542
124 809
125 235
125 248
125 286
125 389
125 422
125 530
126 184
126 231
126 250
126 303
126 330
126 512
127 192
127 222
127 355
127 425
127 475
127 517
128 258
128 284
129 134
129 136
129 168
129 220
129 244
129 268
129 341
129 437
129 714
130 138
130 150
130 160
130 170
130 178
130 185
130 219
130 371
130 389
130 459
130 499
131 138
131 141
131 171
131 180
131 187
131 238
131 264
131 346
131 499
132 151
132 180
132 185
132 195
132 215
132 377
132 402
132 467
133 147
133 179
133 181
133 183
133 186
133 236
133 270
133 814
133 821
133 866
134 149
134 162
134 175
134 180
134 214
134 345
134 346
134 400
134 414
134 947
135 136
135 144
135 169
135 223
135 306
136 138
136 150
136 175
136 237
136 253
136 278
136 283
136 299
136 330
136 340
136 614
137 151
137 152
137 226
137 243
137 253
137 392
137 922
138 160
138 169
138 179
138 191
138 256
139 155
139 193
139 354
139 409
140 142
140 197
140 290
140 301
140 362
140 377
141 169
141 179
141 191
141 279
141 370
142 169
142 190
142 191
142 238
142 292
142 378
143 384
143 394
143 467
143 750
143 768
144 185
144 190
144 257
144 335
144 402
144 461
145 167
145 209
145 230
145 514
146 288
146 293
146 329
146 705
146 906
147 158
147 174
147 210
147 237
147 576
148 158
148 176
148 186
148 265
148 359
148 375
148 633
149 158
149 159
149 174
149 188
149 354
150 212
150 287
150 310
150 548
151 237
151 256
151 471
151 601
152 165
152 662
153 154
153 191
153 196
153 255
153 268
153 415
153 801
153 858
154 181
154 203
154 211
154 231
154 271
154 303
154 335
155 195
155 376
156 161
156 189
157 164
157 220
158 255
158 263
158 464
159 160
159 277
160 171
160 322
160 325
160 460
160 521
160 920
161 223
161 319
161 547
162 184
162 212
163 221
163 646
164 182
164 269
164 320
164 342
164 434
165 206
165 337
165 364
165 533
165 674
166 212
166 253
166 254
166 269
166 344
166 353
166 744
166 774
168 177
168 231
168 454
169 295
169 401
169 500
170 193
171 179
171 191
171 234
171 249
172 258
172 548
172 802
173 177
173 181
173 210
173 757
174 176
174 245
174 710
174 855
175 404
176 227
176 471
176 498
177 196
177 259
177 272
177 382
177 397
178 387
179 213
179 455
179 562
180 473
182 205
182 221
182 255
182 300
182 372
183 261
183 330
184 212
184 292
184 312
184 313
184 551
185 217
186 237
186 773
188 210
188 246
188 460
189 195
189 389
190 200
190 250
190 341
191 295
191 447
192 208
192 253
193 262
194 196
194 210
194 251
194 270
194 755
195 259
195 266
195 665
197 215
197 346
198 233
199 229
199 283
200 229
201 241
201 412
201 421
201 446
202 257
204 450
205 390
205 404
206 457
207 251
207 252
207 255
207 256
207 257
207 269
207 271
209 237
210 227
210 240
211 917
212 250
212 275
213 223
213 317
213 450
213 453
213 461
213 645
214 220
214 476
215 325
216 543
217 224
217 968
218 220
219 222
219 302
219 377
219 501
219 533
219 649
220 240
221 256
223 236
224 448
224 878
225 391
226 248
226 403
227 840
228 292
228 321
229 551
233 871
234 372
237 504
243 288
244 386
245 302
245 706
246 276
246 355
246 440
247 326
247 350
248 306
249 283
249 300
249 313
249 487
251 267
251 281
251 304
252 285
252 335
252 679
255 303
255 426
256 448
258 287
261 374
263 328
263 349
263 568
264 413
265 305
266 353
267 367
267 406
268 575
269 290
270 332
270 474
273 297
278 321
279 327
280 795
281 299
281 353
281 611
282 910
284 334
284 408
288 742
289 461
289 543
301 328
301 762
310 436
311 935
314 319
314 632
315 379
317 387
319 473
320 424
322 803
323 817
324 502
325 521
327 689
330 566
330 605
332 987
334 507
339 459
342 353
343 673
345 371
346 397
349 505
352 614
356 429
357 557
357 756
362 393
364 366
365 375
368 553
370 744
372 433
373 915
375 460
379 565
380 424
390 569
391 487
398 787
419 618
423 628
431 791
436 605
438 524
448 570
452 698
453 485
456 619
456 981
463 591
465 730
484 731
485 609
507 509
530 607
540 925
570 859
578 678
585 789
594 707
595 916
606 683
636 637
639 640
696 898
788 789
805 954
