0 1
0 2
0 3
0 4
0 6
0 7
0 9
0 10
0 11
0 16
0 20
0 22
0 25
0 27
0 29
0 31
0 32
0 34
0 39
0 40
0 42
0 43
0 45
0 54
0 56
0 57
0 61
0 62
0 63
0 64
0 68
0 76
0 79
0 81
0 83
0 87
0 88
0 91
0 97
0 99
0 101
0 102
0 104
0 108
0 109
0 112
0 116
0 118
0 123
0 134
0 135
0 140
0 142
0 150
0 151
0 166
0 168
0 170
0 173
0 180
0 185
0 189
0 196
0 201
0 202
0 206
0 210
0 212
0 215
0 219
0 222
0 223
0 225
0 230
0 243
0 247
0 250
0 254
0 255
0 257
0 261
0 270
0 271
0 274
0 277
0 290
0 293
0 299
0 301
0 311
0 313
0 315
0 322
0 323
0 325
0 329
0 330
0 335
0 352
0 355
0 368
0 370
0 373
0 375
0 380
0 382
0 385
0 389
0 395
0 402
0 424
0 434
0 445
0 448
0 455
0 457
0 464
0 467
0 473
0 474
0 480
0 485
0 488
0 494
0 522
0 524
0 526
0 527
0 528
0 541
0 545
0 554
0 558
0 559
0 561
0 565
0 574
0 580
0 584
0 587
0 597
0 602
0 604
0 615
0 619
0 631
0 637
0 640
0 654
0 664
0 665
0 668
0 679
0 693
0 694
0 695
0 702
0 716
0 723
0 726
0 732
0 742
0 749
0 751
0 791
0 794
0 797
0 799
0 818
0 828
0 836
0 838
0 839
0 841
0 844
0 849
0 854
0 866
0 867
0 874
0 876
0 886
0 888
0 903
0 912
0 918
0 922
0 941
0 942
0 961
0 964
0 965
0 967
0 972
1 2
1 3
1 4
1 5
1 6
1 8
1 12
1 15
1 16
1 17
1 18
1 21
1 24
1 26
1 27
1 31
1 34
1 38
1 41
1 46
1 47
1 49
1 51
1 53
1 54
1 59
1 69
1 70
1 71
1 76
1 77
1 80
1 83
1 86
1 88
1 89
1 95
1 96
1 105
1 116
1 117
1 120
1 121
1 125
1 131
1 133
1 135
1 147
1 152
1 154
1 155
1 158
1 174
1 175
1 180
1 186
1 197
1 198
1 206
1 215
1 221
1 224
1 228
1 230
1 233
1 238
1 246
1 251
1 256
1 258
1 261
1 263
1 266
1 272
1 276
1 278
1 283
1 289
1 292
1 304
1 310
1 319
1 329
1 334
1 336
1 344
1 346
1 350
1 354
1 359
1 368
1 379
1 384
1 411
1 413
1 419
1 426
1 429
1 434
1 438
1 443
1 444
1 446
1 454
1 456
1 457
1 458
1 477
1 484
1 497
1 498
1 499
1 500
1 512
1 525
1 535
1 543
1 546
1 550
1 551
1 554
1 557
1 562
1 563
1 569
1 578
1 583
1 590
1 592
1 596
1 598
1 614
1 616
1 617
1 618
1 635
1 638
1 646
1 648
1 650
1 655
1 659
1 660
1 662
1 669
1 676
1 688
1 696
1 698
1 700
1 713
1 717
1 754
1 755
1 758
1 762
1 763
1 765
1 777
1 779
1 786
1 792
1 801
1 803
1 806
1 808
1 811
1 812
1 819
1 820
1 827
1 837
1 838
1 845
1 859
1 861
1 863
1 877
1 892
1 900
1 906
1 911
1 919
1 923
1 929
1 939
1 944
1 948
1 949
1 954
1 960
1 971
1 975
1 995
1 999
2 5
2 10
2 11
2 13
2 18
2 20
2 21
2 28
2 29
2 33
2 35
2 42
2 43
2 44
2 56
2 59
2 60
2 67
2 85
2 87
2 92
2 107
2 110
2 111
2 115
2 117
2 118
2 129
2 156
2 157
2 160
2 165
2 167
2 171
2 172
2 176
2 184
2 198
2 199
2 205
2 207
2 225
2 231
2 248
2 258
2 262
2 267
2 274
2 280
2 281
2 292
2 300
2 323
2 340
2 344
2 348
2 351
2 354
2 372
2 381
2 404
2 414
2 422
2 433
2 459
2 489
2 491
2 494
2 497
2 504
2 505
2 511
2 548
2 551
2 559
2 562
2 567
2 572
2 575
2 608
2 613
2 618
2 622
2 655
2 682
2 697
2 703
2 717
2 738
2 739
2 747
2 753
2 758
2 771
2 795
2 798
2 818
2 833
2 849
2 879
2 913
2 925
2 953
2 964
2 978
2 996
3 7
3 39
3 91
3 100
3 111
3 203
3 222
3 235
3 257
3 264
3 293
3 309
3 312
3 429
3 511
3 530
3 547
3 553
3 654
3 759
3 840
3 870
3 873
3 907
3 934
3 955
3 977
4 55
5 13
5 17
5 19
5 23
5 28
5 48
5 61
5 66
5 70
5 177
5 210
5 342
5 396
5 442
5 478
5 493
5 523
5 532
5 572
5 592
5 685
5 730
5 752
5 753
5 883
5 926
5 927
5 937
5 939
5 969
5 979
6 8
6 9
6 12
6 14
6 30
6 40
6 45
6 50
6 69
6 82
6 96
6 122
6 185
6 196
6 240
6 249
6 264
6 287
6 376
6 389
6 398
6 477
6 493
6 502
6 503
6 513
6 539
6 542
6 547
6 557
6 591
6 607
6 675
6 687
6 750
6 830
7 60
7 358
7 410
7 711
7 743
8 72
8 104
8 228
8 318
8 430
8 463
8 465
8 568
8 626
8 629
8 809
8 861
8 875
8 887
9 24
9 50
9 62
9 114
9 119
9 153
9 200
9 239
9 295
9 357
9 358
9 362
9 431
9 460
9 555
9 690
9 703
9 720
9 724
9 816
9 904
9 973
9 993
10 15
10 22
10 23
10 55
10 217
10 312
10 326
10 390
10 465
10 553
10 567
10 623
10 806
10 943
11 38
11 58
11 259
11 532
11 635
11 799
11 933
11 976
12 14
12 37
12 93
12 102
12 107
12 132
12 161
12 205
12 241
12 276
12 302
12 310
12 339
12 349
12 398
12 621
12 670
12 718
12 757
12 776
12 821
12 835
12 837
12 857
12 863
12 893
12 902
12 958
13 295
13 661
14 33
14 74
14 95
14 137
14 208
14 277
14 455
14 950
15 189
15 395
15 533
15 612
15 729
15 754
16 19
16 35
16 98
16 124
16 133
16 179
16 182
16 193
16 360
16 479
16 533
16 542
16 589
16 607
16 711
16 822
16 825
16 894
16 930
16 982
17 120
17 594
17 797
17 956
18 25
18 32
18 36
18 44
18 63
18 65
18 66
18 71
18 73
18 101
18 114
18 138
18 141
18 147
18 149
18 154
18 168
18 179
18 212
18 232
18 304
18 327
18 342
18 372
18 392
18 412
18 424
18 470
18 472
18 517
18 678
18 691
18 705
18 706
18 715
18 834
18 844
18 848
18 894
18 962
18 968
18 979
19 103
19 194
19 306
19 374
19 571
19 674
19 928
20 30
20 314
20 332
20 341
20 443
20 447
20 590
20 775
20 778
20 817
20 947
21 37
21 86
21 209
21 244
21 367
21 461
21 598
21 637
21 644
21 722
21 763
21 795
21 807
21 835
21 926
22 46
22 131
22 134
22 203
22 220
22 366
22 460
22 586
22 811
22 885
22 927
23 26
23 41
23 49
23 53
23 112
23 140
23 181
23 191
23 266
23 305
23 322
23 406
23 427
23 440
23 450
23 461
23 487
23 552
23 574
23 599
23 661
23 700
23 773
23 776
23 789
23 846
23 876
23 890
23 900
23 909
23 945
23 980
23 987
24 365
24 402
24 452
24 676
24 677
24 708
24 785
24 802
24 839
24 969
25 90
25 177
25 336
25 393
26 105
26 110
26 143
26 173
26 175
26 207
26 213
26 218
26 379
26 385
26 558
26 649
26 748
26 760
26 785
26 865
26 958
27 163
27 613
28 183
28 780
28 914
30 48
30 78
30 119
30 137
30 150
30 218
30 279
30 507
30 566
30 603
30 612
30 732
30 898
31 57
31 67
31 161
31 371
31 428
31 478
31 516
31 608
31 691
31 710
31 731
31 802
31 832
31 871
32 52
32 109
32 318
32 435
32 681
32 688
32 725
32 965
32 995
33 129
34 84
34 143
34 145
34 170
34 246
34 265
34 378
34 500
34 530
34 706
34 870
35 36
35 47
35 58
35 79
35 100
35 122
35 138
35 178
35 286
35 299
35 339
35 422
35 423
35 531
35 560
35 601
35 680
35 780
35 804
35 921
35 923
35 935
36 390
36 514
36 556
36 882
37 68
37 214
37 779
38 94
38 103
38 273
38 297
39 64
39 98
39 126
39 144
39 200
39 232
39 255
39 283
39 328
39 470
39 527
39 544
39 611
39 673
39 687
39 709
39 736
39 767
40 160
40 227
40 296
40 347
40 560
40 611
40 685
41 80
41 125
41 184
41 253
41 275
41 290
41 298
41 307
41 365
41 386
41 651
41 757
43 113
43 128
43 145
43 187
43 273
43 275
43 302
43 307
43 311
43 377
43 421
43 501
43 510
43 620
43 657
43 752
43 872
43 998
44 89
44 151
44 319
44 337
44 381
44 458
44 482
44 588
44 593
44 770
45 72
45 97
45 149
45 211
45 313
45 363
45 439
45 577
45 848
46 52
46 136
46 183
46 226
46 321
46 338
46 362
46 383
46 430
46 442
46 474
46 537
46 578
46 604
46 606
46 709
46 721
46 773
46 786
46 846
46 910
46 916
47 416
48 121
48 159
48 724
49 75
49 400
49 905
50 51
50 531
50 633
50 947
51 73
51 81
51 483
51 496
51 585
51 857
54 480
54 988
55 74
55 199
55 330
55 425
55 451
55 595
55 856
56 518
57 77
57 78
57 82
57 123
57 132
57 387
57 453
57 459
57 515
57 813
58 65
58 148
58 241
58 269
58 374
58 399
58 508
58 518
58 571
58 585
58 653
58 952
59 214
59 235
59 334
60 409
60 625
60 801
61 540
62 148
62 735
62 805
63 93
63 106
63 169
63 380
63 740
63 836
63 941
64 158
64 169
64 303
64 308
64 315
64 316
64 561
64 583
64 651
64 660
64 768
64 769
64 852
64 984
65 162
65 187
65 217
65 224
65 348
65 438
65 652
65 875
65 901
65 972
66 94
66 267
66 364
66 609
66 731
66 903
67 808
68 75
68 471
68 566
69 115
69 242
69 294
69 387
69 829
70 84
70 90
70 92
70 127
70 155
70 157
70 223
70 357
70 375
70 407
70 409
70 504
70 519
70 548
70 550
70 579
70 665
70 678
70 805
70 909
70 946
71 397
72 823
72 967
73 596
74 605
74 855
75 192
75 243
75 815
75 922
75 937
75 948
76 113
76 124
76 226
76 351
76 405
76 406
76 617
76 627
76 728
76 862
76 956
76 990
77 126
77 139
77 193
77 269
77 280
77 298
77 405
77 423
77 439
77 448
77 549
77 620
77 679
77 727
77 904
77 910
78 99
78 341
78 420
78 781
78 988
79 146
79 166
79 263
79 282
79 284
79 346
79 355
79 411
79 584
79 606
79 850
79 878
79 936
80 141
80 783
81 85
82 331
83 182
83 216
83 248
83 286
83 356
83 437
83 468
83 692
83 824
84 127
84 815
85 106
85 245
85 418
85 912
87 345
87 361
90 142
90 382
91 152
91 582
91 950
93 249
93 634
93 656
95 108
95 128
95 167
95 192
95 268
95 272
95 282
95 300
95 337
95 417
95 506
95 671
95 749
95 966
97 211
97 880
98 237
98 436
99 575
100 911
101 751
101 792
101 842
101 879
102 265
102 403
102 579
104 153
104 195
104 234
104 317
104 484
105 570
107 627
107 656
107 720
107 916
108 164
108 194
109 436
110 764
111 181
111 772
112 431
112 514
112 881
113 701
113 842
114 352
114 981
115 159
115 569
116 130
116 174
116 186
116 262
116 278
116 456
116 619
116 760
116 767
116 798
116 858
117 556
117 940
118 136
118 219
118 285
118 369
118 388
118 549
118 733
118 915
120 229
120 683
120 833
120 893
121 335
121 633
121 856
122 130
122 146
122 327
122 669
123 204
123 305
123 391
124 163
124 165
124 191
124 256
124 328
124 638
124 755
124 791
124 888
124 959
124 989
125 156
125 178
125 236
125 251
125 254
125 446
125 581
125 646
125 858
125 862
125 925
125 985
126 188
126 316
126 463
126 487
126 666
128 202
128 270
128 361
128 407
129 696
129 710
129 745
129 869
129 952
130 260
130 483
130 534
132 240
132 736
134 383
135 408
136 639
136 886
137 139
137 188
137 433
137 766
137 920
137 955
138 503
139 227
139 537
140 388
140 704
141 164
141 314
141 479
141 519
141 520
142 144
142 216
142 320
142 373
142 386
142 413
142 416
142 418
142 482
142 491
142 650
146 162
146 250
146 268
146 281
146 285
146 502
146 887
148 260
148 425
148 447
148 509
149 401
149 636
149 693
149 713
150 171
150 377
150 529
150 793
151 296
151 331
151 515
151 581
151 777
152 209
152 245
152 378
152 624
152 868
152 986
153 190
153 343
153 517
153 673
153 746
153 951
154 591
156 176
157 921
158 525
158 573
158 576
158 625
158 989
159 476
161 396
161 667
164 404
164 869
164 929
167 790
168 201
168 506
168 623
168 864
168 999
170 172
170 252
170 288
170 320
170 508
171 738
171 985
172 744
173 221
173 414
174 563
174 830
175 403
175 441
175 505
175 600
175 737
175 874
176 370
176 392
176 895
177 475
177 636
177 906
178 213
178 236
178 471
180 859
181 220
181 783
182 195
182 324
182 350
182 417
182 529
182 992
183 432
183 486
183 524
184 244
185 231
185 761
185 768
185 781
187 190
187 197
187 208
187 242
187 252
187 326
187 397
187 466
187 507
187 589
187 632
187 658
187 705
187 787
187 820
187 997
188 367
188 716
188 968
189 420
190 204
190 338
190 376
190 432
190 467
190 501
190 540
190 680
194 333
195 410
195 449
195 588
195 788
195 936
197 621
197 885
199 628
199 684
199 877
201 454
201 601
201 647
201 708
202 509
203 369
203 564
203 726
205 325
205 866
205 940
206 229
206 233
206 238
206 271
206 321
206 353
206 697
206 769
206 847
206 889
206 919
206 978
207 750
208 992
209 895
210 279
210 990
211 234
211 444
212 437
212 845
215 394
215 593
215 917
216 317
216 340
216 364
217 259
217 466
219 645
219 670
219 853
220 239
220 306
220 356
220 451
220 582
222 576
227 289
227 472
227 522
227 960
228 291
228 689
228 998
231 287
231 288
231 294
231 301
231 674
231 771
231 778
231 794
232 237
232 309
232 394
232 761
235 247
235 602
235 756
237 359
237 666
237 814
238 419
238 812
238 899
239 415
240 440
240 526
240 552
240 741
242 538
242 841
245 253
246 324
246 462
252 626
253 284
253 535
253 896
255 663
255 756
257 360
257 462
257 719
257 961
257 981
258 343
258 371
261 867
262 850
263 291
263 490
263 740
263 746
263 980
264 718
265 303
265 647
266 667
266 743
267 353
267 469
267 744
272 782
272 854
273 642
274 628
274 641
275 699
275 938
276 615
276 642
278 401
278 452
279 729
280 897
282 427
283 495
284 297
284 486
286 970
287 610
287 853
287 984
288 347
288 622
288 745
289 349
289 672
290 333
290 796
290 971
294 630
294 764
298 308
302 644
302 770
304 959
304 983
305 345
305 464
306 539
306 878
307 332
307 843
311 843
312 605
316 450
316 624
316 645
316 908
318 630
318 915
319 536
319 701
320 528
320 543
321 366
321 821
322 408
322 896
323 643
324 469
326 664
326 668
329 449
329 884
330 734
333 481
333 931
333 997
334 412
334 520
334 699
334 702
334 722
334 890
334 913
334 920
336 924
339 974
340 393
341 573
342 421
342 973
345 492
348 473
348 727
348 796
348 889
351 441
351 445
356 851
357 435
358 363
360 384
361 521
362 399
362 748
365 426
365 704
365 712
367 868
368 800
372 481
372 523
372 712
372 739
373 391
373 826
375 595
376 415
376 580
376 882
378 400
378 428
378 695
383 641
383 819
384 765
384 784
387 541
387 772
389 614
391 908
392 490
393 496
393 510
393 954
396 826
402 489
402 546
405 787
405 963
405 994
406 707
411 570
411 684
417 597
417 774
419 568
419 963
420 809
421 677
421 935
424 453
424 516
428 600
430 804
434 662
435 587
435 855
437 476
437 577
437 914
438 468
439 475
445 891
446 499
446 536
446 555
446 599
446 658
446 831
449 924
454 931
455 694
455 733
455 840
455 852
455 991
459 816
463 492
464 498
464 851
465 513
467 686
469 649
472 488
474 485
475 813
481 534
481 807
483 521
483 538
483 610
483 634
483 834
485 810
487 564
487 945
490 495
490 639
492 741
493 545
493 698
497 512
497 544
497 586
497 824
500 629
507 616
513 565
513 594
513 719
513 789
518 949
520 860
521 762
529 832
531 742
531 974
537 891
537 930
540 603
540 672
542 631
546 648
547 872
548 793
548 991
552 643
560 657
561 881
564 790
564 918
566 822
566 905
568 689
570 975
572 714
575 714
576 683
576 725
576 766
576 938
580 609
583 932
587 917
591 884
592 871
593 681
594 653
597 735
598 723
603 659
603 721
604 632
610 675
610 686
610 692
610 928
618 728
618 970
622 730
622 747
622 932
622 957
625 942
626 907
627 775
629 690
631 640
635 652
637 803
637 957
640 825
646 814
647 774
647 892
651 671
658 663
659 860
663 734
663 810
664 902
670 682
670 759
670 987
674 996
679 946
682 707
682 986
686 817
692 982
694 847
697 715
699 951
705 788
705 800
705 873
705 994
713 823
723 737
727 993
750 898
757 953
758 899
759 943
766 865
768 782
768 784
772 983
780 831
781 827
781 828
784 829
791 976
808 880
816 864
828 962
866 966
871 883
878 901
886 934
891 897
905 933
923 944
959 977
