0 11
0 17
0 30
0 31
0 35
0 36
0 43
0 55
0 60
0 63
0 64
0 66
0 71
0 81
0 83
0 87
0 92
0 100
0 103
0 115
0 116
0 118
0 124
0 125
0 126
0 128
0 133
0 135
0 138
0 140
0 141
0 144
0 156
0 162
0 174
0 186
0 190
0 192
0 197
0 206
0 211
0 213
0 215
0 217
0 219
0 222
0 223
0 224
0 226
0 232
0 244
0 247
0 248
0 269
0 278
0 287
0 290
0 297
0 312
0 332
0 340
0 350
0 351
0 361
0 365
0 370
0 374
0 377
0 384
0 388
0 394
0 397
0 403
0 409
0 412
0 413
0 437
0 443
0 497
0 502
0 592
0 624
0 652
0 693
0 724
0 761
0 933
0 941
1 8
1 17
1 21
1 35
1 40
1 47
1 53
1 55
1 62
1 75
1 77
1 79
1 81
1 106
1 111
1 137
1 138
1 141
1 147
1 149
1 161
1 181
1 182
1 185
1 187
1 193
1 240
1 245
1 247
1 265
1 309
1 320
1 328
1 350
1 365
1 370
1 379
1 401
1 407
1 408
1 422
1 424
1 432
1 439
1 445
1 470
1 481
1 536
1 587
1 588
1 636
1 675
1 718
1 754
1 814
1 828
1 883
1 916
1 924
1 961
1 988
2 17
2 21
2 31
2 35
2 36
2 53
2 60
2 62
2 63
2 64
2 66
2 69
2 77
2 81
2 83
2 87
2 88
2 100
2 113
2 114
2 118
2 124
2 125
2 128
2 133
2 140
2 144
2 149
2 158
2 165
2 166
2 192
2 193
2 197
2 199
2 200
2 207
2 222
2 229
2 230
2 232
2 236
2 242
2 249
2 269
2 280
2 282
2 287
2 303
2 328
2 332
2 351
2 365
2 385
2 391
2 394
2 402
2 412
2 413
2 443
2 465
2 540
2 616
2 646
2 671
2 708
2 796
3 17
3 18
3 31
3 35
3 36
3 41
3 43
3 48
3 53
3 60
3 62
3 64
3 66
3 83
3 96
3 103
3 111
3 114
3 115
3 128
3 135
3 138
3 144
3 145
3 147
3 166
3 169
3 186
3 199
3 214
3 225
3 229
3 236
3 246
3 249
3 252
3 266
3 267
3 273
3 280
3 282
3 283
3 293
3 303
3 328
3 333
3 355
3 361
3 387
3 391
3 455
3 458
3 490
3 496
3 500
3 502
3 522
3 552
3 670
3 699
3 704
3 730
3 757
3 955
4 31
4 34
4 35
4 36
4 40
4 46
4 48
4 53
4 55
4 63
4 66
4 81
4 83
4 96
4 116
4 118
4 125
4 127
4 128
4 138
4 141
4 144
4 148
4 149
4 156
4 186
4 192
4 193
4 200
4 207
4 217
4 223
4 226
4 228
4 232
4 236
4 277
4 278
4 312
4 320
4 327
4 345
4 350
4 360
4 362
4 379
4 384
4 390
4 394
4 403
4 433
4 465
4 497
4 540
4 619
4 623
4 683
4 689
4 853
5 17
5 21
5 30
5 40
5 48
5 49
5 62
5 63
5 66
5 67
5 76
5 92
5 112
5 113
5 116
5 131
5 135
5 138
5 141
5 147
5 152
5 153
5 156
5 160
5 161
5 162
5 174
5 182
5 185
5 187
5 202
5 216
5 219
5 238
5 245
5 247
5 253
5 256
5 267
5 279
5 306
5 341
5 347
5 415
5 424
5 427
5 501
5 525
5 528
5 575
5 578
5 624
5 659
5 707
5 726
5 896
5 942
6 17
6 31
6 34
6 35
6 36
6 48
6 53
6 63
6 64
6 66
6 81
6 100
6 103
6 111
6 114
6 115
6 125
6 128
6 135
6 144
6 153
6 156
6 169
6 181
6 185
6 190
6 217
6 229
6 232
6 238
6 249
6 273
6 278
6 283
6 284
6 287
6 290
6 316
6 323
6 324
6 343
6 364
6 454
6 536
6 550
6 557
6 578
6 621
6 670
6 753
6 782
6 788
6 908
6 937
6 949
7 12
7 17
7 35
7 40
7 45
7 48
7 52
7 62
7 66
7 67
7 79
7 93
7 103
7 105
7 109
7 111
7 112
7 117
7 124
7 129
7 135
7 169
7 199
7 219
7 228
7 230
7 251
7 258
7 267
7 315
7 319
7 343
7 361
7 385
7 396
7 425
7 451
7 494
7 566
7 568
7 573
7 580
7 747
7 801
7 889
7 906
7 946
8 17
8 21
8 27
8 62
8 75
8 96
8 112
8 120
8 126
8 141
8 147
8 201
8 235
8 243
8 246
8 250
8 263
8 266
8 268
8 271
8 274
8 294
8 306
8 316
8 338
8 341
8 346
8 354
8 375
8 464
8 483
8 485
8 491
8 503
8 528
8 563
8 638
8 650
8 658
8 666
8 676
8 693
8 695
8 712
8 713
8 738
8 772
8 791
8 830
8 943
8 981
9 17
9 31
9 35
9 36
9 43
9 53
9 63
9 64
9 66
9 77
9 79
9 103
9 104
9 113
9 115
9 117
9 118
9 129
9 148
9 158
9 160
9 162
9 165
9 174
9 185
9 200
9 202
9 203
9 208
9 222
9 225
9 230
9 238
9 251
9 263
9 270
9 296
9 332
9 348
9 351
9 384
9 418
9 427
9 463
9 589
9 915
10 17
10 31
10 34
10 36
10 53
10 64
10 66
10 74
10 79
10 83
10 87
10 103
10 112
10 117
10 118
10 124
10 125
10 127
10 140
10 144
10 156
10 158
10 160
10 162
10 165
10 174
10 200
10 201
10 202
10 208
10 216
10 222
10 223
10 224
10 225
10 226
10 238
10 270
10 312
10 332
10 351
10 362
10 384
10 391
10 457
10 493
10 498
10 654
10 793
10 808
11 61
11 96
11 120
11 141
11 201
11 234
11 235
11 243
11 246
11 250
11 263
11 268
11 274
11 294
11 306
11 317
11 318
11 338
11 341
11 346
11 366
11 375
11 380
11 381
11 442
11 454
11 458
11 464
11 483
11 491
11 503
11 525
11 633
11 658
11 676
11 695
11 786
11 827
11 871
11 952
11 957
12 17
12 23
12 31
12 35
12 36
12 43
12 48
12 60
12 63
12 71
12 76
12 81
12 92
12 114
12 115
12 126
12 133
12 135
12 137
12 185
12 187
12 196
12 206
12 226
12 232
12 249
12 251
12 256
12 270
12 296
12 346
12 374
12 408
12 427
12 497
12 560
12 577
12 633
12 998
13 17
13 31
13 35
13 36
13 40
13 48
13 53
13 64
13 66
13 81
13 83
13 87
13 88
13 100
13 103
13 109
13 113
13 114
13 124
13 125
13 133
13 138
13 139
13 140
13 144
13 190
13 192
13 197
13 200
13 206
13 215
13 236
13 242
13 244
13 282
13 307
13 377
13 390
13 402
13 446
13 474
13 978
14 17
14 40
14 48
14 62
14 66
14 67
14 74
14 79
14 103
14 105
14 111
14 112
14 117
14 124
14 138
14 139
14 169
14 182
14 199
14 219
14 224
14 228
14 230
14 247
14 251
14 267
14 271
14 319
14 343
14 349
14 361
14 362
14 381
14 463
14 494
14 573
14 583
14 849
14 862
14 869
15 17
15 31
15 35
15 36
15 53
15 60
15 63
15 64
15 66
15 79
15 83
15 88
15 100
15 103
15 109
15 114
15 115
15 125
15 128
15 140
15 144
15 156
15 169
15 206
15 215
15 225
15 232
15 267
15 278
15 324
15 346
15 350
15 415
15 439
15 443
15 650
15 689
15 696
16 35
16 50
16 66
16 78
16 79
16 92
16 105
16 135
16 139
16 161
16 182
16 190
16 199
16 212
16 214
16 321
16 336
16 372
16 414
16 416
16 435
16 436
16 459
16 477
16 481
16 599
16 639
16 647
16 648
16 667
16 697
16 764
16 817
16 868
16 950
16 975
16 979
16 991
16 992
17 20
17 21
17 22
17 24
17 32
17 33
17 44
17 55
17 57
17 61
17 89
17 118
17 134
17 158
17 210
17 264
17 399
17 432
17 513
17 529
17 597
17 598
17 977
18 27
18 72
18 110
18 112
18 139
18 161
18 190
18 252
18 287
18 290
18 422
18 438
18 460
18 466
18 539
18 545
18 546
18 557
18 572
18 644
18 646
18 653
18 656
18 671
18 688
18 733
18 771
18 776
18 795
18 922
18 934
18 935
19 31
19 35
19 66
19 80
19 109
19 113
19 116
19 121
19 133
19 146
19 156
19 208
19 229
19 349
19 365
19 410
19 455
19 500
19 543
19 569
19 576
19 612
19 619
19 794
19 863
20 31
20 35
20 36
20 43
20 48
20 51
20 53
20 64
20 83
20 87
20 88
20 100
20 111
20 115
20 140
20 156
20 166
20 169
20 181
20 185
20 212
20 238
20 249
20 277
20 283
20 287
20 290
20 309
20 345
20 449
20 515
20 580
20 837
21 74
21 79
21 104
21 139
21 153
21 162
21 174
21 182
21 202
21 216
21 221
21 245
21 274
21 275
21 279
21 293
21 304
21 309
21 390
21 434
21 531
21 629
21 635
21 715
21 965
22 31
22 35
22 36
22 48
22 53
22 63
22 64
22 69
22 83
22 88
22 100
22 113
22 114
22 118
22 133
22 140
22 141
22 186
22 192
22 197
22 200
22 222
22 238
22 263
22 269
22 318
22 362
22 391
22 498
22 654
22 758
23 27
23 41
23 55
23 68
23 107
23 129
23 134
23 153
23 166
23 184
23 188
23 260
23 261
23 310
23 322
23 357
23 359
23 406
23 468
23 472
23 493
23 523
23 548
23 625
23 750
23 787
23 816
23 834
23 898
23 958
24 40
24 44
24 48
24 62
24 63
24 66
24 103
24 109
24 116
24 117
24 121
24 126
24 128
24 131
24 148
24 186
24 193
24 219
24 277
24 280
24 284
24 345
24 368
24 379
24 397
24 475
25 31
25 35
25 36
25 53
25 71
25 83
25 87
25 114
25 133
25 138
25 141
25 144
25 158
25 165
25 192
25 206
25 211
25 217
25 242
25 244
25 328
25 388
25 402
25 502
25 736
26 31
26 36
26 55
26 115
26 213
26 217
26 295
26 308
26 356
26 404
26 479
26 529
26 609
26 679
26 690
26 707
26 813
26 838
26 894
26 895
27 92
27 105
27 112
27 131
27 139
27 147
27 166
27 190
27 212
27 214
27 243
27 247
27 307
27 327
27 336
27 449
27 458
27 477
27 490
27 517
27 526
27 553
27 648
27 684
27 873
28 31
28 41
28 54
28 128
28 142
28 176
28 205
28 321
28 378
28 387
28 430
28 596
28 729
28 731
28 829
28 897
28 921
28 928
28 987
29 63
29 203
29 214
29 259
29 265
29 322
29 330
29 343
29 417
29 426
29 527
29 549
29 583
29 664
29 702
29 749
29 809
29 956
29 968
29 974
30 41
30 54
30 111
30 120
30 134
30 165
30 195
30 279
30 441
30 512
30 516
30 537
30 568
30 705
30 803
30 901
30 948
30 986
31 32
31 33
31 45
31 57
31 89
31 102
31 122
31 258
31 281
32 35
32 36
32 80
32 81
32 109
32 118
32 121
32 127
32 140
32 211
32 215
32 246
32 291
32 297
32 467
32 481
32 496
32 500
32 612
32 818
32 832
32 911
33 35
33 36
33 48
33 53
33 64
33 77
33 83
33 88
33 100
33 113
33 145
33 166
33 186
33 211
33 215
33 230
33 240
33 253
33 296
33 327
33 433
33 920
34 76
34 96
34 176
34 237
34 440
34 511
34 630
34 677
34 701
34 875
35 45
35 57
35 102
35 122
35 175
35 473
36 57
36 65
36 89
36 102
36 122
36 258
36 281
37 95
37 109
37 121
37 139
37 167
37 196
37 212
37 229
37 316
37 317
37 323
37 337
37 377
37 416
37 477
37 487
37 558
37 601
37 777
37 819
37 858
37 902
37 938
37 959
38 174
38 195
38 234
38 451
38 469
38 488
38 591
39 49
39 57
39 82
39 87
39 234
39 284
39 373
39 740
39 804
39 805
39 815
39 881
39 900
39 944
39 945
39 971
39 983
40 80
40 143
40 308
40 532
40 562
40 672
40 678
40 835
40 846
40 864
40 918
40 951
41 47
41 49
41 101
41 111
41 126
41 131
41 137
41 187
41 213
41 254
41 293
41 405
41 452
41 508
41 574
41 595
41 621
41 767
42 62
42 96
42 112
42 147
42 161
42 212
42 240
42 333
42 414
42 454
42 533
42 576
42 579
42 588
42 636
42 639
42 653
42 831
42 851
42 887
42 966
43 62
43 276
43 281
43 354
43 388
43 430
43 602
43 626
43 781
43 967
44 64
44 66
44 83
44 95
44 100
44 113
44 118
44 133
44 140
44 141
44 145
44 190
44 192
44 211
44 215
44 269
44 280
45 62
45 74
45 81
45 111
45 125
45 236
45 243
45 318
45 319
45 360
45 382
45 432
45 466
45 539
45 640
45 662
45 905
46 62
46 80
46 109
46 121
46 139
46 152
46 195
46 271
46 336
46 338
46 360
46 372
46 462
46 547
46 645
46 660
46 675
47 170
47 177
47 184
47 251
47 353
47 510
47 555
47 559
47 637
47 742
47 842
47 890
47 893
48 57
48 65
48 97
48 295
48 488
48 521
49 68
49 143
49 234
49 236
49 244
49 261
49 308
49 334
49 579
49 631
49 734
50 99
50 276
50 585
50 620
50 674
50 845
51 155
51 164
51 234
51 400
51 490
51 550
51 572
51 604
51 622
51 722
51 751
51 766
51 806
51 882
51 888
51 912
51 969
51 989
52 130
52 132
52 272
52 400
52 456
52 606
52 641
52 691
52 732
52 852
52 861
53 65
53 89
53 102
53 122
54 86
54 92
54 109
54 116
54 121
54 135
54 147
54 169
54 176
54 185
54 243
54 274
54 336
54 435
54 483
55 57
55 63
55 78
55 92
55 122
55 216
55 352
55 415
55 768
55 769
55 807
56 73
56 466
56 542
56 584
56 589
56 644
56 910
57 62
57 63
57 64
57 77
57 80
57 81
57 120
57 198
57 366
57 369
58 108
58 202
58 233
58 268
59 92
59 105
59 115
59 116
59 135
59 137
59 160
59 240
59 279
59 324
59 416
59 435
59 439
59 501
59 683
59 874
60 333
60 395
60 457
60 511
60 632
60 651
61 105
61 109
61 176
61 199
61 230
61 318
61 372
61 407
61 436
61 547
61 645
61 647
61 903
62 65
62 231
63 102
63 146
63 331
64 102
64 423
64 473
65 69
65 74
65 77
65 81
65 124
65 197
65 203
65 240
65 242
65 385
65 422
67 96
67 123
67 151
67 239
67 453
67 471
67 725
67 855
67 927
68 76
68 101
68 107
68 126
68 131
68 137
68 187
68 213
68 254
68 538
68 574
68 595
68 616
69 305
69 356
69 377
69 471
69 562
69 564
69 617
69 630
70 74
70 146
70 158
70 159
70 165
70 446
70 514
71 87
71 109
71 110
71 268
71 594
71 810
72 96
72 105
72 112
72 147
72 212
72 214
72 240
72 253
72 274
72 307
72 327
72 623
72 643
73 129
73 198
73 227
73 285
73 363
73 392
73 456
73 472
73 507
73 544
73 756
74 127
74 218
74 229
74 518
74 561
74 598
75 170
75 177
75 353
75 499
75 559
75 667
75 714
75 746
75 836
75 847
76 143
76 177
76 271
76 469
76 823
77 102
77 134
77 143
77 160
77 220
77 399
78 111
78 123
78 166
78 260
78 344
78 460
78 521
78 620
78 923
78 931
78 990
79 495
79 615
79 892
79 993
80 255
80 482
81 102
81 122
82 94
82 96
82 398
82 506
82 565
82 701
82 770
83 102
84 349
84 375
84 465
84 596
84 622
84 762
84 980
85 107
85 123
85 151
85 201
85 571
85 877
86 90
86 127
86 171
86 218
86 471
86 507
86 545
86 634
86 720
86 798
86 947
87 108
87 469
87 655
87 856
87 907
88 168
88 285
88 376
88 799
89 118
89 158
89 160
89 162
89 174
89 208
89 225
89 728
90 99
90 114
90 191
90 260
90 292
90 311
90 383
90 555
90 592
90 608
90 909
91 291
91 330
91 373
91 582
91 600
91 857
92 120
92 441
92 735
92 765
93 201
93 314
93 382
93 716
93 763
93 866
93 876
94 172
94 175
94 188
94 189
94 326
94 516
94 727
94 789
94 879
95 97
95 170
95 288
95 484
95 519
95 982
95 985
96 117
96 171
96 286
97 99
97 159
97 241
97 376
97 433
97 554
97 962
98 129
98 198
98 209
98 268
98 353
98 363
98 392
98 507
99 355
99 396
99 414
99 509
99 513
99 825
100 213
100 423
101 359
101 600
101 604
101 925
102 116
103 723
104 239
104 556
105 171
105 605
105 680
105 854
106 223
106 224
106 225
106 301
106 355
106 426
106 431
107 307
107 419
107 601
107 634
107 790
107 820
107 953
108 168
108 178
108 187
108 316
108 383
108 663
108 711
110 253
110 308
110 450
110 569
110 611
110 702
112 258
113 264
113 281
114 189
115 281
116 475
116 614
117 358
117 668
119 204
119 371
119 486
119 565
119 682
119 914
119 940
120 150
120 389
121 123
121 255
121 369
122 203
122 246
122 296
123 252
123 300
123 448
123 778
124 220
124 628
125 155
126 188
126 371
126 468
127 172
128 380
129 130
129 534
130 198
130 218
130 227
130 353
130 392
130 456
131 188
131 523
131 640
131 785
132 196
132 298
132 774
134 194
134 211
134 216
134 368
134 385
136 161
136 340
136 437
136 591
136 602
136 717
137 188
137 453
137 520
139 872
142 162
142 329
142 390
143 286
143 352
145 209
145 368
145 522
145 544
146 219
146 347
146 560
146 590
146 696
148 395
148 487
148 812
149 669
149 995
150 242
150 272
150 546
150 581
150 926
151 265
151 440
151 597
152 403
152 706
152 739
152 954
153 157
153 176
153 228
154 276
154 939
155 319
155 482
155 542
157 163
157 196
157 209
157 420
159 231
159 434
159 460
161 299
163 302
163 486
163 706
164 984
165 593
167 566
167 745
167 844
168 205
168 506
168 649
168 779
168 780
170 314
170 436
170 885
171 383
171 590
171 607
171 709
172 571
172 626
173 205
173 235
173 313
173 611
173 929
173 994
175 245
175 279
175 312
175 380
175 822
176 510
176 997
177 254
177 373
177 587
178 259
178 586
178 661
179 239
179 252
179 480
179 607
179 674
179 850
180 193
180 194
180 207
180 428
181 431
181 447
181 681
181 748
182 264
182 615
183 395
183 496
183 665
184 334
184 420
184 449
184 821
184 996
187 188
188 374
189 195
189 269
189 323
189 558
191 259
191 480
191 515
191 661
193 603
194 499
194 556
194 613
194 627
194 963
195 286
195 930
196 533
197 220
201 335
202 264
204 227
204 259
204 276
206 282
207 237
207 603
207 960
208 277
208 345
209 368
210 295
210 420
213 932
214 783
216 321
217 703
218 657
220 405
220 412
221 295
221 609
221 737
221 859
221 904
222 255
223 237
223 570
224 651
226 656
227 438
228 245
228 511
231 532
231 577
231 594
233 697
235 265
235 291
235 310
237 301
237 467
239 474
241 297
248 476
248 972
252 253
254 411
254 520
255 410
256 359
256 398
257 400
258 382
259 386
261 342
262 423
262 518
264 305
266 501
266 575
271 899
272 685
272 964
273 581
273 826
275 288
275 298
275 657
276 668
277 721
278 335
280 411
282 567
284 393
285 339
285 618
285 775
286 672
288 304
289 406
289 408
289 445
289 524
289 704
290 393
291 299
291 349
292 421
292 505
293 425
293 629
294 407
297 570
298 304
298 582
299 324
299 638
300 867
300 936
302 543
303 534
305 976
306 386
309 605
311 792
311 870
313 334
313 665
313 919
314 322
315 320
315 379
317 323
317 487
320 811
321 329
322 461
325 524
325 527
325 530
325 563
326 419
329 330
331 495
331 535
331 839
333 413
334 442
335 848
337 375
337 486
337 682
339 567
340 355
340 405
342 417
342 773
344 489
344 710
344 719
347 508
348 759
348 880
352 398
352 655
356 760
357 476
357 698
358 462
358 478
359 378
360 686
367 404
367 429
369 617
369 999
370 519
370 833
371 681
372 441
374 468
376 618
376 860
378 700
380 492
382 425
386 586
388 687
389 482
389 824
389 884
399 686
401 445
406 744
409 505
409 663
418 840
419 642
421 643
424 878
426 462
428 554
428 627
429 552
430 448
431 688
437 485
442 970
444 553
444 755
444 843
447 530
450 479
452 917
453 593
459 743
461 495
472 677
473 610
478 613
479 637
491 614
498 797
504 673
504 700
505 891
506 692
510 752
514 585
517 541
526 541
531 913
537 694
549 690
551 660
599 680
606 841
608 678
610 784
625 886
632 659
635 800
641 684
662 741
666 802
673 694
698 973
703 865
