0 309
0 486
0 566
0 904
1 243
1 475
1 623
1 633
1 684
1 978
2 108
2 309
2 525
2 615
2 856
3 378
3 774
3 873
3 950
4 177
4 202
4 388
4 393
4 729
4 751
4 957
5 140
5 277
5 354
5 436
5 566
5 736
6 352
6 416
6 760
7 121
7 251
7 480
7 574
7 605
7 675
7 870
8 533
8 637
9 139
10 23
10 192
10 332
10 373
10 453
10 527
10 661
11 350
11 368
11 501
11 545
11 973
12 206
12 553
12 653
12 873
13 144
13 301
13 413
13 507
13 555
13 681
13 848
13 940
14 68
14 315
14 356
14 860
15 85
15 309
15 494
15 718
15 766
16 173
16 179
16 411
16 670
16 813
17 43
17 88
17 647
17 859
18 189
19 37
19 518
19 763
19 798
19 822
20 145
20 673
20 938
21 140
21 961
22 99
22 438
22 565
22 669
23 105
23 413
23 596
23 968
24 26
24 420
24 466
24 495
24 992
25 158
25 613
25 766
26 110
26 170
26 311
26 657
27 43
27 67
27 297
27 402
27 412
28 105
28 169
28 561
28 602
28 608
28 623
28 769
28 884
29 95
29 450
30 320
30 333
30 653
30 720
31 330
31 402
31 552
31 630
31 756
31 974
32 675
32 802
32 984
33 471
33 640
33 922
34 382
34 881
35 210
35 662
35 736
35 857
36 135
36 209
36 651
37 276
37 666
38 78
38 377
38 410
38 899
38 906
38 933
39 135
39 283
39 392
39 442
39 526
39 628
39 702
39 837
39 940
40 176
40 251
40 265
40 357
40 369
40 571
40 612
41 211
41 531
41 581
42 178
42 347
42 800
42 897
43 477
43 552
44 454
45 153
45 219
45 337
45 466
45 646
45 647
46 300
47 173
47 348
47 585
47 605
48 118
48 290
48 946
48 957
49 258
49 402
49 507
49 668
49 839
49 854
50 289
50 752
50 757
51 677
51 938
52 669
52 915
55 445
55 608
56 402
58 561
58 701
58 856
59 116
59 556
59 812
59 884
60 198
60 368
60 407
60 827
60 832
61 154
61 737
61 896
62 558
62 602
62 717
63 261
63 279
63 323
63 708
63 783
63 798
63 830
63 844
64 96
64 157
64 690
64 838
65 131
65 476
65 845
65 907
66 540
66 578
67 966
68 290
68 486
68 510
68 713
69 134
69 283
69 509
69 581
70 727
71 587
71 757
71 931
72 536
72 685
73 366
73 412
73 700
74 124
74 194
74 354
74 564
74 673
74 739
75 172
75 603
75 628
76 487
76 920
77 605
77 696
77 948
78 268
78 525
78 752
78 808
78 956
79 312
79 442
80 243
80 273
80 349
80 454
80 702
80 920
81 498
81 873
82 167
82 177
82 352
83 416
83 509
83 640
84 488
84 501
84 747
84 764
84 940
85 118
85 431
85 710
85 987
86 317
86 506
86 682
87 342
87 364
87 533
87 605
87 966
87 967
88 441
88 583
88 592
88 964
89 384
89 614
89 811
90 751
91 108
91 302
91 331
91 354
91 447
91 566
91 592
91 825
91 889
91 894
92 245
92 695
92 926
92 936
93 753
93 766
93 957
93 977
94 260
94 318
95 339
95 442
95 539
95 804
96 448
96 537
96 696
97 309
98 318
98 471
98 714
98 985
98 995
99 378
100 195
100 469
100 506
100 592
100 643
100 887
100 966
101 109
101 997
102 158
102 384
102 685
102 916
102 940
103 133
103 514
103 633
104 782
105 318
105 338
105 448
105 518
105 646
105 718
106 566
106 969
107 141
107 556
107 699
108 503
108 528
108 578
108 989
109 821
110 397
110 554
110 708
110 718
110 765
110 957
111 347
111 956
112 565
112 591
112 596
112 816
112 943
113 370
113 372
113 418
113 511
113 540
114 552
114 830
114 892
115 235
115 795
116 660
117 402
117 731
118 288
118 515
119 296
119 441
119 600
119 927
120 315
120 408
120 779
120 889
121 487
121 641
121 819
121 984
123 439
123 537
124 207
124 394
124 525
125 620
125 634
125 710
125 822
125 877
126 455
126 810
127 512
127 787
128 265
128 312
128 359
128 478
128 554
128 611
128 622
128 929
128 932
129 180
129 650
129 871
130 832
130 887
131 245
131 569
131 679
131 995
132 175
132 347
132 351
132 601
132 653
133 225
133 514
133 521
133 750
133 949
134 237
134 299
134 376
134 401
134 584
134 649
134 944
135 167
135 328
135 772
136 549
136 954
136 966
137 308
138 158
138 491
139 140
140 195
140 229
140 241
141 192
141 373
141 508
142 680
143 175
143 214
143 291
143 331
143 391
143 833
143 933
143 972
144 303
144 368
144 861
145 373
145 533
145 715
145 742
146 221
146 242
146 374
147 214
147 508
147 612
147 755
147 779
147 830
147 900
148 213
148 437
148 445
148 715
149 582
150 204
150 231
150 267
150 632
150 685
150 702
151 156
151 486
151 824
151 839
151 851
152 225
152 266
152 757
152 887
152 960
153 263
153 433
153 708
153 761
153 823
154 215
154 267
154 318
154 439
154 719
155 260
155 645
155 858
157 199
157 263
157 317
157 368
157 803
157 895
158 365
158 497
158 625
158 913
159 379
159 539
159 895
160 285
160 658
160 786
161 389
161 587
161 818
161 935
162 376
162 610
163 212
163 599
164 165
164 195
164 712
164 867
164 893
165 460
165 500
165 598
165 837
166 287
166 493
166 833
167 332
167 670
168 188
168 410
168 508
168 514
169 589
169 756
169 760
170 673
170 984
171 296
171 361
171 409
171 842
171 967
172 374
172 537
172 925
173 482
173 617
173 644
173 909
174 873
175 204
175 308
175 562
176 475
176 851
176 894
176 925
176 932
177 334
177 422
178 244
179 216
179 894
180 221
180 331
180 380
180 543
181 546
182 301
182 324
182 332
182 435
182 522
182 756
182 779
183 210
184 419
184 780
185 531
185 751
185 852
185 859
186 364
186 597
186 788
186 971
186 996
187 380
187 465
187 650
188 621
188 631
188 996
189 203
189 425
189 519
189 834
190 341
190 448
190 762
190 797
190 816
190 825
190 897
190 915
192 318
192 494
192 503
192 680
192 732
192 747
192 750
192 912
192 966
193 224
193 332
193 544
193 596
193 691
193 716
193 807
194 242
194 453
194 547
194 658
195 249
196 496
196 516
196 677
196 920
197 234
197 573
197 656
198 230
198 361
198 498
198 809
198 871
199 455
199 798
200 323
200 657
200 825
200 884
200 952
201 322
201 460
201 940
202 609
202 765
202 798
202 946
204 417
204 630
204 659
204 891
205 735
205 948
206 756
207 564
207 662
207 863
208 494
208 520
208 560
208 637
208 845
208 940
208 982
209 397
209 414
209 938
209 956
209 991
210 213
210 442
210 631
210 875
211 351
211 519
211 778
211 954
212 326
213 229
213 301
213 447
213 583
213 726
213 825
213 962
213 995
214 938
215 346
215 547
215 854
215 973
216 590
216 688
216 724
217 664
217 686
217 688
217 881
217 884
218 421
218 622
218 691
218 794
219 340
219 469
219 734
219 906
219 938
220 398
220 407
220 572
220 754
220 776
220 857
220 970
220 982
221 399
221 557
221 669
221 910
222 330
222 623
222 802
222 945
223 271
223 656
224 263
224 385
224 466
224 710
225 248
225 345
225 366
225 851
226 422
226 456
226 723
227 413
227 873
227 935
228 736
229 286
229 330
229 509
229 723
229 847
229 928
230 568
230 976
231 349
231 392
231 535
231 757
232 282
232 383
232 676
233 476
233 486
233 518
233 643
233 954
235 459
235 556
235 601
235 854
235 870
236 558
237 535
237 620
237 833
237 961
238 322
238 792
239 287
239 523
240 540
240 603
240 649
240 760
240 998
241 338
241 377
241 803
241 938
242 403
242 884
243 631
243 648
243 671
244 415
244 444
244 653
244 659
245 349
245 383
245 753
245 792
245 968
246 382
246 507
247 476
247 604
247 607
247 766
247 862
248 472
248 627
248 671
248 807
248 960
249 354
249 488
249 921
250 253
250 267
250 291
250 711
251 270
251 455
251 680
252 319
252 686
252 728
253 640
254 373
254 475
254 521
254 611
254 708
254 761
255 383
255 387
255 531
255 660
256 901
257 333
257 675
258 333
258 376
258 397
258 439
258 539
258 817
258 966
259 616
259 685
260 717
260 818
261 493
261 694
262 275
262 346
262 666
262 682
262 706
262 961
263 380
263 931
264 332
264 406
264 765
264 999
265 723
265 737
265 884
265 919
266 794
266 879
267 576
267 583
267 976
268 982
269 536
269 676
269 865
270 624
270 642
270 961
271 640
271 691
271 718
272 481
272 658
273 414
273 562
274 428
274 828
274 876
275 450
275 817
276 280
276 699
276 880
277 476
277 477
277 543
277 642
277 848
278 741
279 867
280 418
280 900
282 286
282 348
282 513
282 679
282 842
283 393
283 521
283 881
283 907
283 966
284 526
285 324
285 497
285 628
285 771
286 669
286 980
287 392
288 339
288 670
288 800
290 585
290 636
290 717
290 753
291 449
291 473
291 828
291 884
291 891
292 515
292 636
292 785
292 916
293 422
293 516
293 849
294 394
294 665
294 689
294 776
294 911
295 528
295 747
295 859
297 737
297 805
297 866
298 307
298 370
298 585
299 324
299 627
299 700
299 890
299 922
300 763
300 866
301 857
303 418
303 725
303 728
303 981
305 708
305 751
306 486
306 560
306 561
306 566
307 389
307 441
307 600
307 912
307 941
308 332
308 536
308 661
308 855
309 376
311 335
311 713
312 330
312 386
313 635
313 693
313 703
314 661
314 970
315 474
315 612
316 530
316 689
317 578
317 725
318 605
319 376
319 501
319 678
320 433
320 756
320 800
321 366
321 548
321 871
322 945
323 348
323 568
323 575
324 439
324 629
324 636
324 871
325 552
326 631
326 910
327 622
327 773
327 845
327 962
328 564
328 865
328 874
328 875
329 352
330 422
330 538
330 752
331 614
331 934
332 678
333 387
333 775
333 891
333 947
333 958
335 482
336 736
336 990
337 752
337 825
338 633
339 552
339 580
339 831
339 895
339 946
340 483
340 827
340 978
341 360
341 753
341 757
342 428
342 447
342 665
342 722
342 946
342 951
343 461
343 860
344 432
344 873
345 506
345 527
345 818
345 905
346 688
346 704
347 396
348 454
348 566
348 577
348 719
348 953
349 412
349 845
349 967
350 568
350 713
351 424
351 569
351 842
351 898
352 429
352 685
352 762
352 977
352 990
353 581
353 960
354 467
354 490
354 724
354 913
355 375
355 449
355 466
355 496
355 646
355 922
355 959
357 372
358 787
358 941
358 985
359 627
359 838
359 844
360 366
360 987
361 405
362 372
362 432
362 662
362 750
363 806
363 883
363 915
363 917
364 561
364 646
364 870
365 502
365 768
366 456
366 734
366 747
367 669
368 418
368 635
368 747
368 877
369 674
370 538
371 443
371 709
371 715
371 830
372 636
372 836
372 964
374 451
374 517
375 419
375 440
375 851
375 896
376 421
376 515
376 537
376 695
376 841
377 641
377 663
377 964
378 461
378 890
379 656
379 755
380 461
380 885
381 446
381 552
381 753
382 615
382 842
382 899
383 658
383 974
384 919
384 921
385 566
385 618
385 695
386 422
386 601
386 673
386 950
387 394
388 428
389 461
389 764
389 920
389 998
390 654
390 725
390 833
390 973
391 484
391 817
392 506
392 652
392 755
392 808
392 829
393 469
393 687
394 597
394 853
395 652
395 696
395 767
395 833
395 980
395 997
396 450
396 451
396 533
396 807
396 829
397 421
397 599
397 626
397 793
398 699
398 729
399 658
399 752
399 762
400 433
400 630
400 769
400 987
401 413
401 530
401 967
402 508
402 531
404 406
404 807
405 458
405 471
405 494
406 674
408 607
409 482
409 614
409 921
409 971
410 612
410 761
411 521
411 961
412 597
413 749
415 750
415 764
415 905
416 729
416 888
416 960
417 460
417 748
417 871
418 784
418 993
418 994
419 829
420 779
420 916
420 976
421 741
422 568
422 752
422 864
422 980
422 984
423 675
423 922
424 457
424 986
425 472
425 665
425 816
425 835
425 963
426 749
427 504
427 556
427 691
427 836
428 790
429 518
429 520
430 619
430 749
430 875
431 548
431 701
432 563
433 750
434 685
435 887
435 960
436 534
436 941
437 693
438 448
438 487
438 497
438 665
438 829
439 451
439 748
440 636
440 693
441 521
441 847
441 976
443 611
443 887
444 555
445 476
445 740
446 741
447 699
447 901
448 832
448 911
449 469
449 692
449 727
449 829
450 873
450 906
450 963
451 558
451 768
451 837
451 977
452 482
452 914
453 841
454 969
455 665
455 778
456 700
456 732
456 776
457 933
458 527
458 577
458 619
458 655
458 852
459 915
460 658
460 809
460 946
461 966
462 469
462 696
462 908
462 936
463 535
463 839
464 644
464 916
464 951
465 661
466 774
466 952
467 902
467 938
469 763
469 953
470 595
470 783
470 808
470 908
470 939
471 664
472 595
472 946
472 981
473 526
473 678
473 853
474 994
475 795
476 588
476 684
476 892
477 489
477 648
477 760
479 497
479 918
479 944
480 589
480 667
480 767
480 875
482 556
483 554
483 752
484 857
484 904
485 574
487 614
487 843
487 890
488 564
488 689
488 890
489 961
490 604
490 647
490 774
490 858
492 663
492 774
493 655
493 905
494 981
496 850
498 829
498 872
499 646
500 572
500 632
500 904
501 734
502 751
502 799
502 936
503 792
504 532
504 552
504 702
504 729
504 905
505 544
505 547
505 574
505 699
506 523
507 559
508 836
509 857
511 514
511 681
512 594
512 748
513 707
514 926
516 792
517 744
517 804
517 828
518 843
518 979
518 994
519 572
520 533
520 632
520 796
520 993
521 672
521 851
521 996
522 686
522 875
522 929
524 768
524 802
525 539
525 683
525 819
525 972
526 821
526 995
527 579
527 711
527 889
528 540
528 638
528 976
529 767
530 836
531 911
532 755
532 798
532 940
532 942
533 746
533 781
534 568
534 752
535 702
536 745
536 755
536 860
536 941
536 990
536 999
537 562
537 566
538 956
540 723
540 910
540 911
540 944
541 700
542 587
542 622
542 637
542 953
543 657
545 561
546 842
547 624
547 996
548 909
548 955
548 980
549 979
550 854
551 680
551 968
552 683
554 588
554 699
556 729
556 950
557 706
557 756
558 928
559 566
560 959
561 954
561 975
562 747
563 714
563 969
565 623
565 630
566 623
566 640
567 741
568 700
569 653
569 869
570 652
570 824
570 834
570 871
571 718
571 864
571 899
572 638
572 770
572 835
573 998
574 991
575 991
576 586
576 611
577 608
578 653
578 958
579 698
579 975
580 610
580 921
580 994
582 744
582 853
583 845
586 818
586 881
586 944
586 955
587 678
588 948
590 656
590 876
590 963
591 730
591 796
592 792
592 793
592 867
592 934
592 936
592 963
593 637
593 837
594 662
595 798
595 931
596 875
596 923
597 652
597 791
597 856
597 872
599 887
599 909
601 727
601 787
601 815
601 886
601 978
602 761
603 614
603 780
605 825
606 785
607 719
609 620
609 774
610 612
610 858
611 962
613 664
613 985
617 794
618 841
619 639
620 790
620 865
620 995
621 655
621 868
621 872
621 986
622 743
622 899
623 887
624 643
624 656
624 824
624 891
625 844
627 824
628 741
629 831
629 914
630 762
631 815
632 764
633 903
634 726
634 860
635 637
635 769
636 932
636 957
639 900
640 787
640 952
642 802
643 871
643 972
645 775
645 971
646 906
647 678
647 809
648 967
649 658
649 855
649 912
650 726
650 890
651 775
651 929
652 663
652 877
653 748
653 873
654 775
655 716
655 756
656 745
656 759
657 767
657 851
659 835
659 859
660 860
660 865
660 915
660 920
662 666
663 752
663 920
665 980
667 811
668 812
668 934
670 686
671 767
671 845
671 968
672 935
673 816
674 811
674 965
675 837
676 712
676 851
676 887
678 872
678 969
679 685
679 781
681 767
681 775
682 806
682 885
682 963
682 995
683 820
683 936
684 719
684 823
686 828
686 990
687 700
687 877
687 902
687 971
689 865
689 874
690 716
690 767
691 808
692 763
693 953
694 718
694 824
696 892
699 956
700 839
700 864
700 920
701 707
701 776
702 849
702 879
702 939
704 917
705 739
705 880
706 860
706 970
707 740
707 906
708 866
708 883
709 778
709 826
709 882
709 998
710 937
713 850
714 899
715 842
715 952
720 792
721 750
721 886
721 993
722 938
724 821
724 825
725 750
726 730
727 855
731 772
732 781
732 885
733 758
733 785
734 837
734 963
735 804
735 950
736 758
736 866
739 993
744 908
745 799
750 812
751 838
753 833
755 914
756 762
756 791
757 781
757 868
757 886
757 900
757 907
758 934
759 861
763 878
764 907
766 928
767 798
767 860
769 986
772 942
773 918
773 997
776 806
776 914
776 929
777 831
779 981
780 821
783 865
784 882
784 981
785 875
786 803
787 842
788 827
789 851
789 912
789 917
789 926
790 833
792 929
792 983
793 980
794 890
796 922
797 960
797 999
798 893
798 926
798 934
799 983
801 822
801 888
801 967
803 832
803 844
806 935
807 921
810 864
810 969
812 988
814 834
816 916
816 997
819 962
820 948
821 829
821 886
823 889
824 885
828 923
828 966
829 985
832 872
833 988
835 879
836 851
840 934
842 995
843 970
844 870
847 894
848 989
849 961
849 984
850 902
852 943
852 998
857 920
858 897
865 982
868 960
868 967
869 997
871 878
873 897
873 901
873 986
874 894
876 929
877 946
878 958
878 986
879 958
880 980
882 940
883 904
883 940
888 953
892 902
897 978
898 909
901 926
903 911
904 978
905 977
906 939
911 997
912 935
925 975
927 941
928 949
939 944
944 994
945 968
949 964
971 979
