0 62
0 101
0 141
0 154
0 157
0 201
0 247
0 319
0 320
0 403
0 427
0 435
0 436
0 439
0 495
0 513
0 595
0 600
0 689
0 739
0 755
0 765
0 789
0 844
0 850
0 851
0 874
0 926
0 928
0 933
0 934
0 949
1 6
1 10
1 22
1 43
1 47
1 58
1 67
1 70
1 72
1 82
1 83
1 95
1 98
1 110
1 132
1 145
1 155
1 167
1 215
1 219
1 231
1 248
1 274
1 282
1 283
1 332
1 393
1 445
1 478
1 532
1 599
2 9
2 18
2 21
2 22
2 25
2 41
2 49
2 71
2 85
2 117
2 131
2 133
2 137
2 138
2 139
2 195
2 214
2 223
2 230
2 233
2 288
2 301
2 511
2 614
2 636
2 680
2 681
2 740
2 785
2 871
2 872
3 9
3 14
3 15
3 17
3 21
3 38
3 41
3 59
3 117
3 158
3 159
3 194
3 195
3 222
3 230
3 300
3 340
3 407
3 446
3 520
3 577
3 578
3 632
3 675
3 746
3 780
4 12
4 19
4 77
4 84
4 86
4 127
4 128
4 135
4 165
4 223
4 236
4 238
4 293
4 315
4 404
4 431
4 433
4 445
4 503
4 744
4 751
4 776
4 781
4 788
4 821
4 836
5 53
5 56
5 67
5 91
5 111
5 137
5 147
5 211
5 258
5 266
5 294
5 295
5 303
5 338
5 344
5 356
5 360
5 442
5 582
5 593
5 698
5 734
5 758
5 769
5 879
6 14
6 19
6 31
6 59
6 72
6 86
6 95
6 98
6 132
6 158
6 183
6 262
6 289
6 293
6 318
6 378
6 394
6 422
6 430
6 532
6 576
6 831
6 916
7 12
7 13
7 22
7 26
7 36
7 56
7 78
7 86
7 91
7 178
7 182
7 211
7 266
7 284
7 303
7 338
7 354
7 360
7 372
7 542
7 661
7 881
7 927
8 50
8 60
8 81
8 93
8 100
8 148
8 160
8 331
8 389
8 439
8 513
8 548
8 673
8 682
8 720
8 753
8 814
8 982
9 14
9 15
9 21
9 41
9 117
9 206
9 235
9 291
9 330
9 417
9 423
9 430
9 598
9 699
9 728
9 743
9 788
9 824
10 29
10 58
10 86
10 110
10 118
10 131
10 161
10 200
10 246
10 339
10 383
10 408
10 421
10 551
10 608
10 654
10 764
10 839
10 993
11 32
11 79
11 104
11 105
11 140
11 151
11 178
11 217
11 308
11 359
11 372
11 385
11 458
11 637
11 638
11 795
11 881
11 897
11 901
12 17
12 22
12 52
12 56
12 91
12 112
12 169
12 192
12 233
12 266
12 345
12 412
12 432
12 448
12 488
12 571
12 783
13 26
13 34
13 43
13 44
13 47
13 57
13 65
13 72
13 88
13 91
13 98
13 133
13 217
13 363
13 484
13 523
13 640
13 842
14 15
14 19
14 21
14 31
14 59
14 68
14 94
14 159
14 184
14 216
14 289
14 451
14 455
14 664
14 981
15 21
15 25
15 52
15 71
15 159
15 162
15 228
15 230
15 292
15 293
15 318
15 345
15 517
15 639
15 691
16 37
16 60
16 74
16 96
16 107
16 116
16 141
16 148
16 173
16 456
16 537
16 615
16 626
16 773
16 820
16 858
17 25
17 31
17 39
17 41
17 48
17 61
17 123
17 131
17 169
17 195
17 545
17 663
17 671
17 693
17 829
18 24
18 69
18 358
18 497
18 500
18 603
18 649
18 804
18 944
18 958
18 971
18 972
18 983
18 984
18 985
18 987
19 31
19 39
19 95
19 110
19 128
19 183
19 216
19 222
19 262
19 273
19 302
19 596
19 671
19 812
20 64
20 69
20 171
20 179
20 242
20 281
20 518
20 519
20 533
20 848
20 990
21 52
21 58
21 133
21 145
21 230
21 277
21 289
21 345
21 357
21 521
21 635
21 837
22 78
22 108
22 117
22 161
22 211
22 290
22 356
22 357
22 417
22 481
22 557
22 632
22 635
23 214
23 267
23 416
23 522
23 552
23 554
23 622
23 866
23 867
23 868
23 873
23 895
24 87
24 92
24 139
24 218
24 260
24 281
24 312
24 519
24 629
24 825
24 900
24 909
25 31
25 108
25 131
25 192
25 211
25 258
25 292
25 405
25 432
25 488
25 582
25 586
25 614
26 27
26 44
26 56
26 155
26 174
26 196
26 218
26 282
26 284
26 386
26 484
26 486
26 750
27 38
27 43
27 44
27 58
27 88
27 136
27 190
27 484
27 512
27 523
27 589
27 659
27 738
27 916
28 37
28 388
28 531
28 602
28 731
28 802
28 899
28 913
28 919
28 991
28 998
29 63
29 83
29 138
29 172
29 187
29 248
29 250
29 275
29 287
29 536
29 549
29 592
29 924
30 63
30 168
30 203
30 463
30 641
30 695
30 815
30 833
31 41
31 51
31 131
31 176
31 184
31 220
31 772
31 950
31 980
32 34
32 44
32 54
32 65
32 79
32 82
32 113
32 233
32 261
32 383
32 517
32 813
32 989
33 45
33 74
33 107
33 173
33 246
33 296
33 306
33 336
33 546
33 917
34 47
34 65
34 66
34 175
34 272
34 275
34 284
34 286
34 457
34 822
34 894
35 55
35 99
35 115
35 152
35 185
35 188
35 205
35 207
35 280
35 326
35 474
35 610
35 633
36 111
36 136
36 140
36 182
36 196
36 212
36 218
36 377
36 415
36 490
36 707
36 806
37 45
37 55
37 96
37 99
37 101
37 116
37 255
37 331
37 393
37 706
38 112
38 119
38 132
38 155
38 176
38 219
38 297
38 336
38 371
38 379
38 476
39 57
39 108
39 170
39 269
39 365
39 407
39 508
39 509
39 596
39 606
39 678
40 89
40 115
40 243
40 377
40 389
40 479
40 561
40 562
40 563
40 708
40 709
40 820
41 365
41 545
41 586
41 663
41 699
41 797
41 824
42 121
42 166
42 197
42 203
42 234
42 252
42 313
42 450
42 800
43 70
43 77
43 94
43 127
43 135
43 165
43 190
43 362
43 864
44 47
44 73
44 88
44 136
44 275
44 280
44 297
44 651
45 166
45 226
45 285
45 352
45 539
45 670
45 708
45 764
45 913
46 48
46 67
46 222
46 239
46 274
46 341
46 351
46 745
46 746
46 779
46 787
46 826
47 65
47 66
47 175
47 184
47 249
47 282
47 286
47 543
48 67
48 85
48 100
48 330
48 365
48 379
48 471
48 818
48 819
48 992
49 137
49 154
49 245
49 247
49 294
49 354
49 466
49 619
49 698
49 719
49 752
50 81
50 101
50 141
50 157
50 172
50 380
50 456
50 720
50 725
50 858
50 920
51 110
51 135
51 184
51 269
51 315
51 381
51 631
51 744
52 71
52 108
52 192
52 211
52 277
52 288
52 345
52 691
53 78
53 202
53 221
53 294
53 470
53 512
53 706
53 714
53 736
53 775
54 84
54 113
54 215
54 282
54 284
54 382
54 393
54 424
54 611
54 724
55 188
55 255
55 391
55 426
55 441
55 899
56 68
56 86
56 111
56 386
56 646
56 647
56 965
57 66
57 77
57 127
57 165
57 190
57 216
57 362
57 410
57 581
58 66
58 68
58 72
58 83
58 273
58 445
58 544
59 136
59 524
59 675
59 805
59 886
59 922
59 957
59 959
60 62
60 107
60 243
60 331
60 390
60 697
60 889
61 108
61 162
61 170
61 192
61 327
61 365
61 419
61 460
61 487
61 841
62 102
62 191
62 227
62 296
62 495
62 498
62 686
62 850
63 197
63 309
63 444
63 501
63 790
64 134
64 179
64 538
64 616
64 652
64 740
64 810
64 860
65 66
65 272
65 286
65 335
65 534
65 743
65 930
66 77
66 132
66 143
66 265
66 817
66 922
67 239
67 529
67 601
67 779
67 828
67 870
67 897
68 78
68 79
68 194
68 223
68 264
68 628
68 637
68 770
69 139
69 179
69 255
69 558
69 641
69 654
69 679
69 860
69 918
70 77
70 82
70 95
70 145
70 158
70 250
70 330
70 387
71 90
71 112
71 398
71 465
71 587
71 674
71 718
72 77
72 145
72 165
72 273
72 362
72 547
73 88
73 90
73 136
73 175
73 185
73 212
73 286
73 297
73 371
74 75
74 96
74 101
74 146
74 515
74 843
74 893
75 144
75 146
75 221
75 290
75 337
75 442
75 477
75 808
76 99
76 100
76 142
76 168
76 204
76 447
76 548
76 759
76 767
76 872
77 94
77 135
77 254
77 904
78 126
78 174
78 178
78 324
78 326
78 905
79 86
79 90
79 102
79 359
79 542
79 777
79 791
80 114
80 120
80 154
80 328
80 329
80 374
80 492
80 569
80 597
80 752
81 156
81 247
81 435
81 479
81 677
81 718
81 852
81 853
82 83
82 97
82 99
82 215
82 250
82 287
82 334
83 167
83 187
83 215
83 322
83 618
84 95
84 113
84 118
84 125
84 231
84 238
84 311
84 376
85 88
85 90
85 118
85 212
85 230
85 291
85 299
85 488
86 158
86 289
86 293
86 520
87 92
87 134
87 367
87 499
87 527
88 90
88 136
88 175
88 286
89 152
89 188
89 326
89 336
89 559
89 615
89 911
90 153
90 178
90 349
90 359
91 205
91 354
91 542
91 574
91 575
92 210
92 367
92 395
92 527
92 869
93 155
93 201
93 278
93 373
93 439
93 513
93 548
93 903
94 165
94 190
94 289
94 362
94 410
94 581
95 97
95 110
95 183
95 238
96 115
96 116
96 226
96 352
96 421
96 648
97 216
97 332
97 473
97 688
97 840
97 886
97 907
98 132
98 143
98 274
98 394
98 696
98 805
99 107
99 116
99 122
99 125
99 251
100 104
100 144
100 149
100 214
100 258
100 412
101 106
101 109
101 225
101 789
101 851
102 149
102 194
102 263
102 471
102 525
102 526
102 735
103 179
103 778
103 909
103 988
104 105
104 112
104 140
104 277
104 288
104 372
104 465
105 261
105 349
105 414
105 415
105 418
105 434
105 845
106 204
106 229
106 253
106 314
106 364
106 402
106 428
106 735
107 243
107 252
107 464
107 605
107 773
108 211
108 598
108 943
108 999
109 160
109 204
109 227
109 252
109 428
109 450
109 617
110 128
110 143
110 262
110 302
111 178
111 196
111 386
111 490
111 732
111 734
112 181
112 356
112 360
112 432
112 448
113 175
113 284
113 382
113 536
113 668
114 492
114 515
114 612
114 677
114 757
114 843
114 874
115 384
115 388
115 479
115 687
115 786
116 285
116 537
116 551
117 159
117 235
117 430
117 545
118 125
118 150
118 384
118 391
118 440
119 297
119 300
119 308
119 493
119 793
119 840
119 931
120 153
120 294
120 308
120 434
120 480
120 620
120 700
121 122
121 185
121 203
121 285
121 333
121 670
121 880
122 152
122 198
122 351
122 768
122 802
123 151
123 162
123 170
123 405
123 604
123 644
123 667
124 237
125 172
125 333
125 335
125 426
125 478
126 140
126 299
126 415
126 440
126 729
126 888
126 945
127 224
127 259
127 857
127 864
127 955
128 183
128 220
128 269
128 433
128 776
129 177
129 179
129 276
129 900
129 978
130 411
130 502
130 579
130 580
130 726
130 796
131 222
131 521
131 966
132 143
132 183
132 194
133 219
133 341
133 710
133 785
133 813
134 846
134 847
135 145
135 236
135 254
135 433
136 640
136 969
137 138
137 147
137 310
137 741
137 856
138 218
138 301
138 303
138 335
138 409
139 164
139 179
139 276
139 358
139 483
140 196
140 458
140 490
140 862
141 193
141 296
141 456
141 782
141 871
142 160
142 168
142 204
142 469
142 887
142 928
142 995
143 181
143 238
143 476
144 337
144 442
144 511
144 705
144 714
145 158
145 570
146 172
146 221
146 477
146 530
146 540
147 202
147 354
147 477
147 705
147 878
148 166
148 447
148 701
148 703
149 308
149 341
149 348
149 613
149 661
150 187
150 189
150 304
150 361
150 399
150 400
151 240
151 396
151 482
151 565
151 567
152 191
152 295
152 344
152 413
153 247
153 298
153 506
153 623
153 832
154 298
154 522
154 737
154 827
155 208
155 471
155 936
156 157
156 317
156 325
156 525
156 560
156 748
157 227
157 243
157 686
157 709
158 547
158 577
159 222
159 756
159 975
160 204
160 331
160 347
161 271
161 326
161 540
161 911
161 927
162 329
162 460
162 639
162 856
163 212
163 265
163 397
163 449
163 541
163 625
163 784
164 218
164 260
164 603
164 649
164 804
165 809
165 817
166 370
166 546
167 199
167 408
167 461
167 618
167 669
168 370
168 665
168 695
168 799
169 302
169 381
169 404
169 797
169 838
170 292
170 569
170 607
170 859
171 177
171 279
171 483
171 533
172 481
172 572
172 861
173 290
173 630
173 727
173 730
173 794
174 257
174 348
174 512
174 609
174 775
175 349
175 822
176 194
176 222
176 339
176 441
176 837
177 180
177 260
177 778
177 825
178 493
178 672
179 483
180 186
180 260
180 276
180 507
180 652
181 219
181 238
181 283
181 516
181 831
182 196
182 199
182 265
182 376
182 669
183 394
183 601
184 220
184 494
184 829
185 265
185 535
185 760
185 935
186 499
186 538
187 322
187 733
187 854
187 938
188 280
188 553
188 892
189 207
189 213
189 226
189 322
190 410
190 738
191 197
191 248
191 256
191 643
192 418
192 908
193 350
193 390
193 531
193 910
194 781
195 220
195 381
195 455
196 212
197 463
197 875
198 339
198 351
198 534
198 687
198 715
199 275
199 382
199 907
200 272
200 287
200 536
200 826
200 996
201 278
201 389
201 595
202 295
202 337
202 620
203 307
203 474
203 711
204 229
205 324
205 553
205 593
205 707
206 228
206 374
206 419
206 443
206 979
207 304
207 361
207 399
207 400
208 416
208 464
208 467
208 703
208 747
209 227
209 253
209 317
209 369
209 748
209 798
210 462
210 463
210 704
210 884
212 457
213 304
213 343
213 361
213 399
213 400
214 464
214 887
214 906
215 668
215 904
216 836
216 921
217 356
217 360
217 409
217 791
218 414
219 301
219 660
220 446
220 766
221 310
221 650
221 758
223 259
223 664
223 811
224 315
224 406
224 431
224 485
225 251
225 313
225 333
225 723
226 361
226 399
227 321
228 305
228 327
228 374
229 263
229 627
229 763
231 282
231 634
231 845
232 322
232 352
232 610
232 854
233 448
233 636
234 271
234 306
234 882
234 896
235 264
235 291
235 417
236 273
236 503
236 694
237 799
239 244
239 274
239 642
240 301
240 327
240 443
240 460
241 366
241 437
241 585
241 680
241 834
242 281
242 312
242 358
242 925
243 397
244 509
244 514
244 587
244 589
245 606
245 710
245 712
245 722
246 421
246 727
246 794
247 320
248 489
249 300
249 468
249 662
249 715
250 401
250 501
251 368
251 391
251 790
252 253
252 450
253 762
253 792
254 273
254 547
254 742
255 389
255 393
256 309
256 343
256 800
257 469
257 472
257 511
257 878
258 434
258 941
259 315
259 406
259 485
260 353
261 458
261 472
261 476
262 355
262 811
263 314
263 364
263 573
264 268
264 280
264 379
265 280
266 385
266 480
267 467
267 761
268 371
268 480
268 774
268 930
269 503
269 694
270 275
270 376
270 528
270 702
270 733
271 344
271 551
271 650
272 311
272 349
274 915
276 507
276 830
277 291
277 357
278 347
278 373
279 342
279 353
279 507
279 629
281 358
281 558
283 300
283 516
283 921
285 313
287 343
287 796
288 908
288 973
290 388
290 939
291 728
292 405
295 413
296 584
298 325
298 597
299 449
299 861
302 381
303 475
305 396
305 566
305 568
306 373
306 917
307 462
307 704
307 883
309 721
310 420
310 541
311 383
311 894
312 395
312 846
314 526
314 657
316 689
316 739
316 952
316 954
317 321
317 498
318 355
318 451
319 329
319 436
319 942
320 683
320 808
321 369
321 798
323 390
323 495
323 890
324 672
324 784
325 436
325 725
327 453
328 443
328 658
328 832
329 852
330 803
332 335
332 470
333 937
334 549
334 645
334 994
336 648
337 413
338 470
338 713
339 426
340 455
340 487
340 693
341 557
342 986
344 741
346 498
346 560
346 762
346 792
347 765
348 757
348 885
350 584
351 768
353 518
355 521
355 771
357 398
359 414
363 454
363 588
363 659
364 621
364 964
366 500
366 962
366 968
367 847
368 449
368 468
368 931
369 617
370 546
370 814
371 956
372 385
373 882
374 719
375 849
375 876
375 906
376 424
377 588
377 624
378 394
378 523
378 529
379 493
380 590
380 692
380 801
382 461
383 461
384 530
384 924
385 769
386 819
387 520
387 599
387 745
388 753
390 630
391 441
392 591
392 839
395 810
396 482
396 607
397 624
397 932
398 674
398 678
401 645
401 723
401 914
402 526
402 974
403 435
403 712
404 571
406 742
407 604
408 473
409 806
411 459
412 465
416 665
418 816
419 466
420 540
420 541
422 667
422 841
423 535
423 951
424 716
425 567
425 656
425 685
427 891
428 865
429 600
429 844
431 451
437 500
438 444
440 935
446 724
447 947
452 646
452 647
452 967
453 475
453 482
454 750
454 777
457 923
466 700
467 690
468 688
469 491
472 496
473 653
474 713
475 644
478 929
481 877
485 544
486 638
486 795
487 508
489 726
491 556
491 717
492 506
494 631
494 812
496 755
496 934
497 550
497 834
501 502
502 662
504 573
504 583
504 627
505 583
506 722
508 509
510 653
510 823
510 929
514 578
514 642
515 749
516 543
517 835
518 918
519 533
522 622
524 529
524 902
525 754
528 611
528 702
531 676
532 771
534 774
535 870
537 731
539 579
539 676
543 655
544 821
549 914
554 555
555 827
559 563
561 633
562 729
564 786
564 939
565 684
566 948
568 970
570 940
572 893
574 835
575 736
576 915
580 910
590 763
592 938
594 701
605 682
608 634
609 613
612 658
619 879
623 628
625 892
626 697
643 976
651 923
655 902
656 657
660 696
666 891
673 936
679 884
681 960
683 885
684 946
685 963
690 863
716 780
717 926
721 940
730 896
732 807
737 815
747 866
749 889
751 838
754 865
756 772
759 883
760 875
766 961
770 898
782 890
783 953
787 823
793 818
801 898
803 912
807 842
809 857
816 859
828 901
849 867
853 920
855 873
862 905
863 895
877 932
880 997
912 977
