0 46
0 147
0 501
0 502
0 738
0 739
0 770
0 780
0 785
0 985
1 90
1 216
1 300
1 301
1 583
1 585
1 691
1 692
2 61
2 164
2 269
2 314
2 322
2 323
2 426
2 602
3 19
3 21
3 99
3 100
3 331
3 401
3 404
3 599
4 82
4 83
4 104
4 129
4 267
4 479
4 874
4 875
5 25
5 39
5 40
5 44
5 72
5 347
5 471
5 886
6 8
6 12
6 18
6 313
6 603
6 693
6 694
7 48
7 132
7 133
7 154
7 188
7 213
7 577
8 18
8 90
8 301
8 302
8 398
8 825
9 38
9 93
9 97
9 313
9 826
9 840
9 841
10 39
10 44
10 64
10 67
10 178
10 262
10 872
11 48
11 85
11 91
11 135
11 293
11 949
12 95
12 195
12 456
12 597
12 598
13 78
13 115
13 210
13 249
13 572
13 573
14 124
14 148
14 149
14 263
14 291
14 292
15 35
15 87
15 247
15 297
15 667
15 792
16 53
16 159
16 447
16 801
16 816
16 941
17 33
17 95
17 162
17 311
17 312
17 669
18 74
18 260
18 313
18 923
19 58
19 59
19 116
19 387
19 695
20 330
20 402
20 696
20 697
20 698
20 850
21 60
21 96
21 469
21 714
21 715
22 34
22 111
22 242
22 459
22 861
22 862
23 24
23 224
23 261
23 265
23 476
23 867
24 28
24 175
24 266
24 734
24 970
25 112
25 113
25 346
25 376
25 910
26 119
26 149
26 390
26 393
26 467
27 359
27 446
27 553
27 554
27 890
28 61
28 200
28 428
28 934
29 170
29 201
29 510
29 518
29 646
30 50
30 212
30 361
30 568
30 660
31 71
31 72
31 180
31 182
31 237
32 87
32 240
32 570
32 667
32 956
33 95
33 110
33 217
33 670
34 63
34 339
34 671
34 903
35 238
35 560
35 688
35 689
36 87
36 88
36 247
36 690
36 918
37 90
37 122
37 216
37 259
37 713
38 97
38 220
38 600
38 714
39 81
39 82
39 84
40 81
40 118
40 256
40 716
41 123
41 193
41 676
41 677
41 720
42 56
42 133
42 154
42 588
42 729
43 102
43 224
43 265
43 474
43 734
44 176
44 267
44 735
45 277
46 293
46 505
46 746
46 781
47 48
47 76
47 131
47 490
47 799
48 76
48 800
49 159
49 294
49 567
49 801
49 802
50 51
50 54
50 240
50 298
51 73
51 668
51 669
51 805
52 127
52 154
52 302
52 405
52 727
53 353
53 815
53 816
53 988
54 55
54 160
54 307
54 362
55 185
55 307
55 308
55 309
56 488
56 730
56 829
56 830
57 166
57 274
57 503
57 975
57 992
58 195
58 457
58 596
58 839
59 80
59 116
59 694
59 840
60 100
60 101
60 224
60 851
61 169
61 223
61 853
62 134
62 176
62 416
62 743
62 869
63 111
63 177
63 454
63 870
64 112
64 178
64 462
64 871
65 66
65 253
65 338
65 341
65 470
66 254
66 342
66 471
66 922
67 82
67 83
67 197
67 873
68 104
68 189
68 343
68 489
68 875
69 272
69 348
69 630
69 745
70 109
70 180
70 181
70 345
70 350
71 72
71 113
71 182
71 187
72 118
72 704
73 368
73 372
73 373
74 93
74 302
74 405
75 135
75 423
75 424
75 931
76 417
76 425
77 184
77 194
77 231
77 367
78 89
78 241
78 300
79 152
79 392
79 467
79 914
80 116
80 401
80 468
81 196
81 347
82 475
83 129
83 478
84 479
84 480
84 925
85 425
85 502
85 933
86 246
86 390
86 560
86 561
87 88
88 89
88 565
89 571
89 572
90 575
91 214
91 417
91 418
92 185
92 380
92 579
92 580
93 163
93 586
94 157
94 202
94 525
94 589
95 597
96 219
96 473
96 947
97 221
97 406
98 219
98 222
98 264
98 605
99 100
99 250
99 470
100 101
101 174
101 610
102 175
102 270
102 332
103 178
103 179
103 340
103 461
104 198
104 255
105 171
105 229
105 629
105 644
106 107
106 449
106 548
106 655
107 236
107 360
107 977
108 159
108 357
108 447
108 833
109 231
109 650
109 661
110 161
110 321
110 670
111 177
111 242
112 375
112 671
113 633
113 971
114 123
114 680
114 761
115 248
115 566
115 917
116 218
117 250
117 696
117 697
117 699
118 256
118 634
119 709
119 710
119 913
120 263
120 391
120 710
120 711
121 122
121 125
121 211
121 712
122 399
122 713
123 193
123 721
124 125
124 263
124 410
125 188
125 725
126 127
126 213
126 413
126 726
127 213
127 576
128 264
128 601
128 602
128 731
129 266
129 924
130 198
130 347
130 409
130 735
131 132
131 419
131 739
132 706
132 716
133 164
133 303
134 176
134 190
134 742
135 420
135 746
136 170
136 273
136 508
136 509
137 640
137 749
137 750
137 973
138 717
138 753
138 982
139 141
139 753
139 754
139 938
140 191
140 718
140 755
141 276
141 280
141 756
142 276
142 496
142 736
142 754
143 192
143 277
143 278
143 719
144 145
144 286
144 723
144 767
145 282
145 485
145 486
146 288
146 683
146 684
146 774
147 290
147 486
147 487
148 724
148 779
148 780
149 466
149 562
150 151
150 209
150 791
150 898
151 239
151 295
151 899
152 211
152 793
152 794
153 711
153 712
153 795
153 796
154 806
155 303
155 492
155 577
155 578
156 507
156 525
156 807
156 950
157 304
157 590
157 808
158 637
158 783
158 812
158 813
159 817
160 298
160 804
160 821
161 310
161 311
161 374
162 312
162 585
162 822
163 406
163 826
163 827
164 830
164 831
165 264
165 322
165 730
165 841
166 844
166 980
166 994
167 836
167 837
167 846
167 847
168 173
168 242
168 320
168 848
169 270
169 740
169 852
170 747
170 857
171 205
171 858
171 859
172 177
172 318
172 334
172 894
173 334
173 335
173 847
174 338
174 472
174 867
175 489
175 868
176 200
177 237
178 179
179 254
179 341
180 881
180 882
181 366
181 648
181 885
182 243
182 350
183 327
183 328
183 364
184 895
185 373
186 380
186 381
186 901
187 389
187 911
188 410
189 416
189 928
190 200
190 429
191 673
192 277
195 386
196 647
196 927
197 262
197 474
198 926
199 268
199 498
199 499
201 432
201 511
202 526
202 527
203 305
203 528
203 532
204 228
204 275
204 533
205 533
205 534
206 503
206 535
206 536
207 465
207 466
207 547
208 232
208 450
208 555
209 238
209 559
210 211
210 566
212 563
212 569
214 491
214 578
215 379
215 581
215 582
216 574
217 386
217 596
218 598
218 909
219 601
220 603
220 920
221 473
221 604
222 269
222 407
223 323
223 606
225 524
225 621
225 963
226 431
226 622
226 623
227 638
227 639
227 958
228 641
228 642
229 430
229 645
230 389
230 647
230 912
231 651
232 294
232 554
233 234
233 316
233 834
234 363
234 978
235 236
235 548
235 658
236 659
237 455
238 239
239 666
240 241
241 668
243 365
243 672
244 245
244 377
244 686
245 544
245 687
246 297
246 689
247 916
248 565
248 690
249 400
249 691
250 251
251 609
251 700
252 253
252 610
252 700
253 337
254 701
255 702
255 703
256 257
257 463
257 705
258 464
258 707
258 708
259 260
259 411
260 919
261 262
261 715
265 733
266 414
267 415
268 281
268 282
269 740
270 741
271 272
271 495
273 534
273 535
274 537
274 747
275 532
275 748
276 436
278 279
278 718
279 280
279 482
280 757
281 736
281 760
282 737
283 284
283 442
283 983
284 681
284 768
285 286
285 289
285 768
286 287
287 724
287 769
288 444
288 773
289 707
289 777
290 546
290 547
291 487
291 784
292 293
292 419
294 787
295 296
295 564
296 666
296 792
297 793
298 361
299 300
299 379
299 805
301 396
303 806
304 305
304 527
305 809
306 595
306 809
306 810
307 368
308 309
308 362
309 310
310 584
311 584
312 908
314 315
314 831
315 494
315 832
316 317
316 834
317 318
317 364
318 835
319 451
319 835
319 836
320 321
320 837
321 838
322 488
323 504
324 842
324 843
324 960
325 326
325 891
325 995
326 327
326 363
327 328
328 845
329 458
329 849
329 850
330 331
330 388
331 695
332 851
332 852
333 611
333 856
333 996
334 453
335 861
335 968
336 607
336 864
336 865
337 865
337 866
338 921
339 340
339 870
340 871
341 866
342 472
342 872
343 876
343 969
344 358
344 877
344 885
345 879
345 880
346 375
346 883
348 349
348 516
349 352
349 884
350 661
351 495
351 887
352 887
352 999
353 354
354 355
355 888
356 357
358 889
359 360
365 635
366 896
367 897
369 370
369 900
370 371
371 372
374 902
376 904
377 905
378 688
378 906
381 382
382 383
383 384
384 385
385 907
387 388
391 392
393 394
394 395
395 915
396 397
397 398
399 400
402 403
403 404
407 408
408 409
411 412
412 413
414 415
418 800
420 929
421 422
421 930
422 423
424 932
426 427
427 504
428 935
429 936
430 431
432 433
433 434
434 435
435 937
436 437
438 439
438 538
439 440
440 441
441 442
443 444
443 939
445 446
445 940
448 449
448 942
450 943
451 452
452 944
453 945
454 455
456 946
457 458
459 460
460 461
462 463
464 465
468 469
475 886
476 477
477 478
480 481
481 948
482 483
483 484
484 485
490 491
492 493
493 494
496 497
497 498
499 500
500 501
505 506
506 507
508 951
509 510
511 512
512 513
513 514
514 515
515 613
516 517
518 519
519 520
520 521
521 522
522 523
523 524
526 589
528 529
529 530
530 531
531 952
536 537
538 539
539 540
540 541
541 542
542 543
543 953
544 545
545 546
549 550
549 954
550 551
551 552
552 553
555 556
556 557
557 558
558 559
561 562
563 564
567 568
569 955
570 571
573 574
575 576
579 957
580 581
582 583
586 587
587 588
590 591
591 592
592 593
593 594
594 595
599 600
604 605
606 959
607 608
608 609
611 612
612 961
613 614
614 615
615 616
616 617
617 618
618 619
619 620
620 962
621 964
622 965
623 966
624 625
624 967
625 626
626 627
627 628
628 629
630 631
631 632
633 634
635 636
636 972
637 638
639 640
641 974
642 643
643 644
645 646
648 649
649 650
651 652
652 672
653 654
653 976
654 655
656 657
656 979
657 658
659 660
662 663
662 687
663 664
664 665
665 786
673 674
675 676
677 678
678 679
679 680
681 682
682 683
684 685
685 686
692 693
698 699
701 702
703 704
705 706
708 709
721 722
722 723
725 726
727 728
728 729
731 732
732 733
737 738
741 742
743 744
744 876
748 749
750 751
751 752
752 981
757 758
758 759
759 760
761 762
762 763
763 764
764 765
765 766
766 767
769 770
771 772
771 984
772 773
774 775
775 776
776 777
778 779
778 986
781 782
782 783
784 785
786 987
787 788
788 789
789 790
790 791
794 795
796 797
797 798
798 799
802 803
803 804
807 808
810 811
811 812
813 989
814 815
814 990
817 818
818 819
819 820
820 821
822 823
823 824
824 825
827 828
828 829
832 991
838 839
842 993
843 844
845 846
848 849
853 854
854 855
855 856
857 858
859 860
860 997
862 863
863 864
868 869
873 874
877 878
878 879
880 881
882 883
884 998
892 893
