0 92
0 199
0 346
0 351
0 528
0 712
0 748
0 787
0 817
0 836
0 928
0 974
1 3
1 18
1 58
1 63
1 73
1 87
1 92
1 102
1 106
1 124
1 139
1 158
1 193
1 238
1 244
1 269
1 323
1 340
1 382
1 390
1 446
1 477
1 504
1 537
1 546
1 770
1 782
1 866
1 868
1 870
1 885
1 939
1 945
1 960
1 976
2 25
2 40
2 103
2 110
2 159
2 165
2 183
2 187
2 193
2 203
2 222
2 236
2 259
2 323
2 330
2 373
2 380
2 383
2 397
2 408
2 420
2 453
2 471
2 566
2 609
2 610
2 611
2 612
2 613
2 614
3 19
3 67
3 103
3 105
3 123
3 134
3 137
3 138
3 148
3 150
3 158
3 202
3 220
3 262
3 295
3 329
3 334
3 340
3 398
3 467
3 517
3 564
3 569
3 606
3 838
3 863
3 876
4 132
4 137
4 151
4 155
4 202
4 203
4 268
4 354
4 427
4 447
4 448
4 463
4 508
4 532
4 571
4 726
4 781
4 783
4 793
4 805
4 809
4 822
4 889
4 913
4 964
4 985
4 994
5 44
5 60
5 73
5 77
5 107
5 112
5 119
5 134
5 224
5 247
5 297
5 304
5 365
5 375
5 469
5 507
5 522
5 565
5 714
5 763
5 853
5 877
5 904
5 938
5 992
6 81
6 105
6 235
6 277
6 383
6 401
6 415
6 480
6 581
6 621
6 622
6 623
6 624
6 625
6 626
6 827
7 27
7 123
7 148
7 231
7 236
7 264
7 274
7 284
7 295
7 298
7 377
7 437
7 476
7 486
7 656
7 657
7 658
7 659
7 660
7 661
7 680
8 21
8 98
8 152
8 183
8 202
8 243
8 276
8 277
8 283
8 344
8 362
8 367
8 406
8 407
8 408
8 475
8 570
8 674
8 675
8 676
9 54
9 123
9 178
9 287
9 289
9 353
9 441
9 488
9 517
9 708
9 769
9 789
9 801
9 884
9 915
9 920
9 953
9 977
10 21
10 32
10 46
10 68
10 80
10 109
10 196
10 232
10 270
10 318
10 322
10 374
10 508
10 551
10 558
10 864
10 998
11 115
11 118
11 151
11 163
11 172
11 204
11 241
11 321
11 386
11 443
11 480
11 741
11 764
11 855
11 941
11 983
11 999
12 17
12 24
12 112
12 230
12 246
12 306
12 373
12 427
12 524
12 826
12 918
12 936
12 943
12 948
12 984
12 986
13 25
13 39
13 40
13 83
13 95
13 104
13 124
13 168
13 171
13 183
13 189
13 511
13 695
13 696
13 760
13 818
13 854
13 908
14 209
14 403
14 422
14 482
14 505
14 510
14 640
14 641
14 642
14 643
14 644
14 645
14 646
14 647
14 648
15 64
15 140
15 251
15 256
15 281
15 286
15 301
15 416
15 433
15 456
15 502
15 513
15 530
15 560
15 688
15 806
15 815
15 846
16 25
16 27
16 29
16 40
16 68
16 171
16 212
16 351
16 369
16 388
16 406
16 452
16 576
16 601
17 24
17 112
17 268
17 439
17 443
17 723
17 785
17 933
18 128
18 197
18 203
18 214
18 217
18 302
18 337
18 461
18 730
18 744
18 777
18 790
18 808
18 909
19 85
19 86
19 120
19 192
19 321
19 439
19 447
19 678
19 679
19 810
19 821
19 988
20 141
20 223
20 296
20 344
20 436
20 470
20 496
20 543
20 548
20 550
20 573
20 728
20 872
20 961
20 996
21 46
21 48
21 159
21 176
21 196
21 491
21 567
21 572
21 627
21 628
22 30
22 31
22 53
22 164
22 311
22 316
22 531
22 740
22 786
22 798
22 804
22 813
22 840
22 947
23 84
23 151
23 432
23 487
23 568
23 842
23 844
23 857
23 925
23 956
24 112
24 321
24 445
24 509
24 743
24 944
25 27
25 29
25 39
25 40
25 83
25 153
25 161
25 212
25 328
25 409
26 41
26 51
26 72
26 99
26 117
26 181
26 198
26 241
27 40
27 75
27 174
27 294
27 315
27 359
27 892
27 919
27 935
27 950
28 132
28 184
28 281
28 294
28 301
28 341
28 413
28 423
28 550
28 552
28 683
28 684
29 39
29 40
29 88
29 101
29 153
29 157
29 196
29 351
29 483
29 697
30 134
30 139
30 305
30 320
30 329
30 340
30 404
30 570
30 663
30 664
30 665
31 43
31 53
31 64
31 286
31 456
31 531
31 555
31 686
31 811
31 812
31 899
32 45
32 46
32 93
32 285
32 336
32 388
32 419
32 420
32 509
32 558
32 698
33 166
33 418
33 500
33 630
33 631
33 632
33 633
33 634
33 635
33 636
34 114
34 123
34 138
34 256
34 502
34 562
34 720
34 874
34 900
34 907
34 955
35 47
35 79
35 96
35 114
35 115
35 172
35 213
35 260
35 465
35 520
35 880
36 59
36 60
36 75
36 106
36 218
36 227
36 239
36 250
36 729
37 87
37 123
37 138
37 169
37 220
37 263
37 295
37 313
37 367
37 431
37 852
38 39
38 118
38 185
38 386
38 474
38 775
38 794
38 829
38 856
38 865
38 886
39 40
39 171
39 282
39 736
40 83
40 161
40 212
40 409
41 51
41 117
41 181
41 198
41 259
41 724
41 867
42 264
42 298
42 342
42 441
42 962
43 94
43 369
43 742
43 750
43 835
43 849
43 895
43 912
43 965
43 967
44 77
44 94
44 119
44 224
44 247
44 297
44 338
44 365
44 375
44 468
45 83
45 108
45 136
45 285
45 336
45 417
45 511
45 689
45 690
45 691
46 98
46 214
46 322
46 337
46 347
46 551
46 668
47 56
47 173
47 487
47 516
47 555
47 843
47 894
47 897
47 914
48 52
48 157
48 215
48 273
48 285
48 316
48 385
48 580
48 765
49 265
49 479
49 545
49 565
49 792
49 833
49 901
49 990
50 91
50 368
50 372
50 491
50 518
50 975
51 72
51 73
51 99
51 198
51 241
51 356
51 559
52 106
52 145
52 202
52 348
52 478
52 616
52 617
53 313
53 341
53 500
53 705
53 706
53 871
53 873
54 86
54 306
54 341
54 451
54 713
54 931
55 57
55 74
55 78
55 120
55 130
55 180
55 516
56 71
56 88
56 132
56 158
56 190
56 521
56 523
56 940
57 74
57 78
57 120
57 130
57 180
57 255
58 66
58 92
58 102
58 254
58 292
58 389
59 218
59 227
59 239
59 279
59 414
59 514
60 77
60 119
60 224
60 297
60 338
60 375
60 469
61 95
61 120
61 183
61 715
61 906
62 105
62 110
62 279
62 284
62 449
62 478
62 602
62 603
62 604
63 125
63 300
63 310
63 430
63 579
64 173
64 336
64 412
64 416
64 474
64 761
64 932
65 89
65 113
65 258
65 277
65 343
65 402
65 403
65 650
66 126
66 309
66 464
67 307
67 460
67 529
68 83
68 104
68 109
68 168
68 318
69 92
69 124
69 148
69 215
69 310
69 339
69 666
69 667
70 93
70 150
70 165
70 186
70 242
70 251
70 266
70 405
71 173
71 309
71 711
71 739
71 845
71 848
71 980
72 245
72 345
72 357
73 253
73 312
73 710
73 732
74 78
74 120
74 130
74 180
75 127
75 202
75 203
75 278
75 662
76 140
76 225
76 373
76 507
76 534
76 543
76 751
77 94
77 119
77 190
77 304
78 130
78 180
79 454
79 538
79 771
79 832
79 968
79 973
80 109
80 196
80 232
80 615
81 110
81 121
81 217
81 542
81 749
82 127
82 486
82 497
82 581
82 788
83 381
83 388
84 151
84 432
84 568
84 797
85 88
85 106
85 163
85 191
85 194
85 717
86 139
86 160
86 434
86 547
86 778
87 97
87 117
87 206
87 342
87 360
88 173
88 223
88 559
88 721
89 132
89 139
89 257
89 258
89 276
89 649
90 195
90 290
90 371
90 535
90 746
90 924
90 949
91 158
91 368
91 372
91 452
91 518
91 599
92 111
92 170
92 485
93 108
93 136
93 143
93 165
93 266
94 134
94 156
94 358
94 489
95 135
96 495
96 527
96 869
96 878
96 946
97 252
97 483
97 669
97 780
98 283
98 337
98 362
99 356
100 261
100 296
101 284
101 418
101 419
101 694
101 733
102 159
102 503
102 888
102 903
103 468
103 546
103 735
103 745
104 153
104 381
104 545
106 353
106 493
107 116
107 515
107 522
107 862
108 136
108 331
108 600
108 858
109 157
109 499
110 128
110 182
110 429
111 170
111 260
111 292
111 552
111 737
112 163
112 185
113 147
113 164
113 272
113 308
113 608
114 149
114 219
114 704
114 916
115 426
115 482
115 753
115 756
116 151
116 532
116 571
117 139
117 181
117 245
118 160
118 278
118 681
118 682
119 987
120 130
121 182
121 376
121 839
121 882
122 139
122 252
122 454
122 767
123 138
124 127
124 271
124 995
125 300
125 457
125 577
125 702
125 703
126 370
127 146
127 255
127 971
128 145
128 175
128 519
128 553
129 257
129 325
129 952
130 180
131 184
131 246
131 253
131 330
131 524
131 891
132 134
132 229
133 258
133 361
133 364
133 440
133 481
133 638
134 304
135 172
135 263
135 268
136 331
136 592
136 954
137 149
137 200
137 255
137 951
140 205
140 513
140 535
140 560
141 296
141 436
141 470
141 859
141 922
142 169
142 204
142 382
142 453
142 588
142 589
143 150
143 165
143 186
143 251
143 266
144 204
144 332
145 302
145 392
145 584
146 399
146 417
146 629
147 528
147 651
147 652
147 654
149 207
149 280
149 333
150 186
150 242
152 157
152 171
152 196
152 308
153 847
153 881
154 169
154 766
154 837
155 260
155 301
155 461
155 752
156 314
156 358
156 573
156 582
157 243
158 774
159 221
159 236
160 177
160 308
160 434
161 893
161 917
162 257
163 184
163 828
164 699
164 700
164 701
165 166
166 266
166 288
166 438
167 299
167 424
168 303
168 381
168 499
169 718
169 883
170 389
171 189
172 378
172 981
173 442
174 503
174 586
174 587
175 197
175 214
175 302
176 362
177 294
177 472
177 512
177 557
178 533
179 188
179 391
179 425
179 457
179 727
181 228
181 245
182 197
182 214
182 816
183 255
184 326
184 548
185 372
185 755
186 242
186 875
188 192
188 262
188 435
188 716
190 219
190 368
190 387
191 325
191 506
191 561
192 562
192 564
192 607
193 445
193 473
194 385
194 455
194 525
194 905
195 757
195 887
195 927
195 942
197 267
197 421
198 245
199 395
200 463
200 471
200 754
201 437
201 773
203 820
204 394
204 424
205 585
206 254
206 360
206 850
207 618
207 619
207 620
208 407
209 270
209 449
210 411
210 554
210 670
210 671
211 279
211 280
211 415
211 685
213 448
213 556
213 707
215 639
215 722
216 339
216 768
216 802
216 966
217 795
217 814
218 227
218 239
219 350
219 465
220 799
220 803
221 466
221 525
221 910
222 252
222 253
222 312
223 578
223 970
224 365
225 776
225 923
225 934
226 319
226 324
226 401
226 687
227 239
228 243
228 252
229 254
229 459
229 462
230 539
230 747
231 307
231 460
231 529
232 322
233 234
233 247
233 390
233 979
234 238
234 346
235 978
237 325
237 346
237 796
238 800
240 349
240 831
242 396
244 378
244 819
246 293
246 444
247 957
248 299
248 367
249 326
249 544
249 719
249 982
250 861
251 791
253 312
254 342
256 339
256 807
257 784
258 655
260 490
261 314
261 561
262 860
263 596
263 598
264 335
265 898
267 352
267 379
267 423
268 533
271 541
272 402
273 329
275 276
280 637
281 414
283 328
286 327
288 355
288 494
290 451
290 653
291 371
291 458
291 762
292 505
293 444
298 450
300 577
305 333
305 498
306 455
309 350
310 430
311 435
311 824
313 574
315 590
315 731
316 411
317 343
317 896
318 911
319 324
326 544
327 692
327 693
328 347
330 421
331 597
332 410
333 498
343 440
345 779
347 392
348 595
348 834
349 428
349 879
350 489
352 538
352 758
353 377
354 356
354 929
355 501
358 582
360 389
363 512
363 930
364 492
366 377
366 426
366 841
369 963
370 823
371 458
374 575
374 594
376 398
378 591
380 969
380 989
384 496
385 672
386 492
387 902
387 972
390 429
391 425
391 542
393 428
393 534
394 396
397 583
399 400
404 593
405 481
412 677
413 605
431 937
433 466
438 494
442 890
446 536
459 851
467 734
473 959
475 501
477 484
479 759
485 830
488 526
490 772
510 549
514 993
515 738
519 553
520 563
521 523
527 825
530 709
537 563
540 566
547 926
549 997
554 958
557 725
567 572
574 673
578 991
580 921
