0 62
0 101
0 140
0 154
0 157
0 201
0 248
0 320
0 321
0 403
0 436
0 437
0 440
0 499
0 516
0 596
0 601
0 684
0 737
0 757
0 766
0 789
0 845
0 853
0 854
0 877
0 928
0 930
0 935
0 936
1 6
1 10
1 22
1 43
1 47
1 58
1 67
1 70
1 72
1 82
1 83
1 95
1 98
1 110
1 131
1 144
1 155
1 167
1 216
1 220
1 232
1 249
1 276
1 284
1 285
1 331
1 394
1 446
1 479
1 533
1 600
2 9
2 18
2 21
2 22
2 25
2 41
2 49
2 71
2 85
2 117
2 130
2 132
2 136
2 137
2 138
2 195
2 215
2 224
2 231
2 234
2 290
2 304
2 514
2 615
2 632
2 676
2 677
2 738
2 785
2 875
2 876
3 9
3 14
3 15
3 17
3 21
3 38
3 41
3 59
3 117
3 158
3 159
3 194
3 195
3 223
3 231
3 303
3 339
3 407
3 447
3 523
3 580
3 581
3 629
3 672
3 747
3 780
4 12
4 19
4 77
4 84
4 86
4 127
4 128
4 134
4 165
4 224
4 237
4 238
4 296
4 317
4 404
4 432
4 434
4 446
4 507
4 745
4 753
4 777
4 781
4 788
4 821
4 835
5 53
5 56
5 67
5 91
5 111
5 136
5 146
5 212
5 261
5 269
5 297
5 298
5 306
5 337
5 343
5 357
5 363
5 443
5 585
5 594
5 692
5 732
5 760
5 769
5 882
6 14
6 19
6 31
6 59
6 72
6 86
6 95
6 98
6 131
6 158
6 183
6 265
6 291
6 296
6 319
6 380
6 395
6 422
6 431
6 533
6 579
6 830
6 919
7 12
7 13
7 22
7 26
7 36
7 56
7 78
7 86
7 91
7 178
7 182
7 212
7 269
7 286
7 306
7 337
7 355
7 363
7 374
7 544
7 657
7 884
7 929
8 50
8 60
8 81
8 93
8 100
8 147
8 160
8 330
8 391
8 440
8 516
8 552
8 670
8 678
8 755
8 815
8 826
9 14
9 15
9 21
9 41
9 117
9 207
9 236
9 293
9 329
9 417
9 423
9 431
9 599
9 694
9 724
9 744
9 788
9 824
10 29
10 58
10 86
10 110
10 118
10 130
10 161
10 200
10 247
10 338
10 385
10 408
10 421
10 555
10 609
10 651
10 765
10 839
10 993
11 32
11 79
11 104
11 105
11 139
11 151
11 178
11 218
11 311
11 362
11 374
11 387
11 459
11 634
11 635
11 796
11 884
11 901
11 905
12 17
12 22
12 52
12 56
12 91
12 112
12 169
12 192
12 234
12 269
12 344
12 412
12 433
12 449
12 492
12 574
12 783
13 26
13 34
13 43
13 44
13 47
13 57
13 65
13 72
13 88
13 91
13 98
13 132
13 218
13 366
13 488
13 526
13 637
13 842
14 15
14 19
14 21
14 31
14 59
14 68
14 94
14 159
14 184
14 217
14 291
14 452
14 456
14 661
14 983
15 21
15 25
15 52
15 71
15 159
15 162
15 229
15 231
15 295
15 296
15 319
15 344
15 520
15 636
15 685
16 37
16 60
16 74
16 96
16 107
16 116
16 140
16 147
16 173
16 457
16 539
16 548
16 616
16 773
16 820
17 25
17 31
17 39
17 41
17 48
17 61
17 123
17 130
17 169
17 195
17 547
17 660
17 667
17 687
17 829
18 24
18 69
18 359
18 503
18 504
18 604
18 646
18 803
18 946
18 959
18 971
18 972
18 984
18 985
18 987
19 31
19 39
19 95
19 110
19 128
19 183
19 217
19 223
19 265
19 275
19 305
19 597
19 667
19 812
20 64
20 69
20 171
20 179
20 243
20 283
20 521
20 522
20 535
20 849
20 850
20 851
20 852
21 52
21 58
21 132
21 144
21 231
21 279
21 291
21 344
21 358
21 524
21 631
21 836
22 78
22 108
22 117
22 161
22 212
22 292
22 357
22 358
22 417
22 482
22 560
22 629
22 631
23 215
23 376
23 416
23 525
23 559
23 872
23 873
23 898
24 87
24 92
24 138
24 148
24 219
24 263
24 283
24 522
24 880
24 912
25 31
25 108
25 130
25 192
25 212
25 261
25 295
25 405
25 433
25 492
25 585
25 588
25 615
26 27
26 44
26 56
26 155
26 174
26 196
26 219
26 284
26 286
26 388
26 488
26 490
26 752
27 38
27 43
27 44
27 58
27 88
27 135
27 190
27 488
27 515
27 526
27 591
27 655
27 736
27 919
28 37
28 390
28 484
28 550
28 603
28 669
28 728
28 800
28 847
28 903
28 916
28 991
28 998
29 63
29 83
29 137
29 172
29 187
29 249
29 251
29 277
29 289
29 538
29 553
29 593
29 926
30 63
30 168
30 203
30 260
30 376
30 463
30 486
30 638
30 689
30 704
30 725
30 832
31 41
31 51
31 130
31 176
31 184
31 221
31 772
31 951
31 982
32 34
32 44
32 54
32 65
32 79
32 82
32 113
32 234
32 264
32 385
32 520
32 813
32 989
33 45
33 74
33 107
33 173
33 204
33 247
33 299
33 309
33 335
33 471
33 502
33 549
33 735
33 920
34 47
34 65
34 66
34 175
34 274
34 277
34 286
34 288
34 458
34 822
34 897
35 55
35 99
35 115
35 152
35 185
35 188
35 206
35 208
35 282
35 325
35 474
35 611
36 111
36 135
36 139
36 182
36 196
36 213
36 219
36 379
36 415
36 494
36 702
36 806
37 45
37 55
37 96
37 99
37 101
37 116
37 257
37 330
37 394
37 550
37 701
38 112
38 119
38 131
38 155
38 176
38 220
38 300
38 335
38 373
38 381
38 476
39 57
39 108
39 170
39 271
39 368
39 407
39 511
39 512
39 597
39 607
39 674
40 89
40 115
40 244
40 379
40 391
40 480
40 565
40 566
40 705
40 820
41 368
41 547
41 588
41 660
41 694
41 798
41 824
42 121
42 166
42 197
42 203
42 210
42 235
42 254
42 315
42 361
42 451
42 844
43 70
43 77
43 94
43 127
43 134
43 165
43 190
43 365
43 870
44 47
44 73
44 88
44 135
44 277
44 282
44 300
44 648
45 166
45 227
45 287
45 353
45 541
45 665
45 705
45 765
45 916
46 48
46 67
46 223
46 239
46 276
46 340
46 352
46 746
46 747
46 779
46 787
46 825
47 65
47 66
47 175
47 184
47 250
47 284
47 288
47 545
48 67
48 85
48 100
48 329
48 368
48 381
48 470
48 818
48 819
48 992
49 136
49 154
49 246
49 248
49 297
49 355
49 466
49 620
49 692
49 715
49 754
50 81
50 101
50 140
50 157
50 172
50 382
50 457
50 721
50 922
51 110
51 134
51 184
51 271
51 317
51 383
51 628
51 745
52 71
52 108
52 192
52 212
52 279
52 290
52 344
52 685
53 78
53 202
53 222
53 297
53 469
53 515
53 701
53 709
53 734
53 775
54 84
54 113
54 216
54 284
54 286
54 384
54 394
54 424
54 612
54 720
55 188
55 257
55 392
55 427
55 442
55 550
55 727
55 847
55 903
56 68
56 86
56 111
56 388
56 643
56 644
56 964
57 66
57 77
57 127
57 165
57 190
57 217
57 365
57 410
57 584
58 66
58 68
58 72
58 83
58 275
58 446
58 546
59 135
59 527
59 672
59 805
59 890
59 924
59 958
59 960
60 62
60 107
60 244
60 330
60 691
60 751
61 108
61 162
61 170
61 192
61 326
61 368
61 419
61 460
61 491
61 841
62 102
62 191
62 228
62 299
62 499
62 681
62 735
62 853
63 197
63 260
63 312
63 445
63 487
63 505
63 659
63 790
63 791
64 133
64 179
64 540
64 617
64 649
64 738
64 739
64 740
64 810
64 864
65 66
65 274
65 288
65 334
65 536
65 744
65 932
66 77
66 131
66 142
66 268
66 817
66 924
67 239
67 531
67 602
67 779
67 828
67 874
67 901
68 78
68 79
68 194
68 224
68 267
68 627
68 634
68 770
69 138
69 179
69 257
69 561
69 638
69 651
69 675
69 864
69 921
70 77
70 82
70 95
70 144
70 158
70 251
70 329
70 389
71 90
71 112
71 398
71 465
71 589
71 671
71 714
72 77
72 144
72 165
72 275
72 365
72 551
73 88
73 90
73 135
73 175
73 185
73 213
73 288
73 300
73 373
74 75
74 96
74 101
74 145
74 471
74 518
74 843
74 896
75 143
75 145
75 222
75 292
75 336
75 443
75 471
75 478
75 808
76 99
76 100
76 141
76 168
76 205
76 448
76 552
76 761
76 876
77 94
77 134
77 256
77 908
78 126
78 174
78 178
78 323
78 325
78 909
79 86
79 90
79 102
79 362
79 544
79 778
79 792
80 114
80 120
80 154
80 327
80 328
80 377
80 496
80 572
80 598
80 754
81 156
81 248
81 436
81 480
81 673
81 714
81 855
81 856
82 83
82 97
82 99
82 216
82 251
82 289
82 333
83 167
83 187
83 216
83 322
83 619
83 986
84 95
84 113
84 118
84 125
84 232
84 238
84 314
84 378
85 88
85 90
85 118
85 213
85 231
85 293
85 302
85 492
86 158
86 291
86 296
86 523
87 92
87 133
87 370
87 500
88 90
88 135
88 175
88 288
89 152
89 188
89 204
89 325
89 335
89 562
89 616
89 914
90 153
90 178
90 350
90 362
91 206
91 355
91 544
91 577
91 578
92 148
92 211
92 370
92 428
93 155
93 201
93 280
93 375
93 440
93 516
93 552
93 907
94 165
94 190
94 291
94 365
94 410
94 584
95 97
95 110
95 183
95 238
96 115
96 116
96 227
96 353
96 421
96 645
97 217
97 331
97 473
97 683
97 840
97 890
97 910
98 131
98 142
98 276
98 395
98 690
98 805
99 107
99 116
99 122
99 125
99 253
100 104
100 143
100 149
100 215
100 261
100 412
101 106
101 109
101 226
101 789
101 854
102 149
102 194
102 266
102 470
102 528
102 529
102 733
103 179
103 912
103 977
103 979
103 980
103 988
104 105
104 112
104 139
104 279
104 290
104 374
104 465
105 264
105 350
105 414
105 415
105 418
105 435
105 848
106 205
106 230
106 255
106 316
106 367
106 402
106 429
106 733
107 244
107 254
107 464
107 606
107 773
108 212
108 599
108 945
108 999
109 160
109 205
109 228
109 254
109 429
109 451
109 618
110 128
110 142
110 265
110 305
111 178
111 196
111 388
111 494
111 730
111 732
112 181
112 357
112 363
112 433
112 449
113 175
113 286
113 384
113 538
113 663
114 496
114 518
114 613
114 673
114 759
114 843
114 877
115 386
115 390
115 480
115 682
115 786
116 287
116 539
116 548
116 555
117 159
117 236
117 431
117 547
118 125
118 150
118 386
118 392
118 441
119 300
119 303
119 311
119 497
119 794
119 840
119 933
120 153
120 297
120 311
120 435
120 481
120 621
120 695
121 122
121 185
121 203
121 287
121 332
121 665
122 152
122 198
122 352
122 725
122 768
122 800
123 151
123 162
123 170
123 405
123 605
123 641
123 662
124 210
124 347
124 360
124 557
124 846
124 861
125 172
125 332
125 334
125 427
125 479
126 139
126 302
126 415
126 441
126 726
126 892
126 947
127 225
127 262
127 860
127 870
127 956
128 183
128 221
128 271
128 434
128 777
129 411
129 484
129 506
129 582
129 583
129 722
129 729
129 797
130 223
130 524
130 965
131 142
131 183
131 194
132 220
132 340
132 706
132 785
132 813
134 144
134 237
134 256
134 434
135 637
135 968
136 137
136 146
136 313
136 742
136 859
137 219
137 304
137 306
137 334
137 409
138 164
138 179
138 278
138 359
138 485
139 196
139 459
139 494
139 868
140 193
140 299
140 457
140 782
140 875
141 160
141 168
141 205
141 468
141 891
141 930
141 996
142 181
142 238
142 476
143 336
143 443
143 514
143 700
143 709
144 158
144 573
145 172
145 222
145 478
145 532
145 542
146 202
146 355
146 478
146 700
146 881
147 166
147 448
147 477
147 696
147 698
148 500
149 311
149 340
149 348
149 614
149 657
150 187
150 189
150 307
150 364
150 399
150 400
151 240
151 396
151 483
151 568
151 570
152 191
152 298
152 343
152 413
153 248
153 301
153 509
153 623
153 831
154 301
154 525
155 209
155 470
155 938
156 157
156 324
156 528
156 564
156 749
157 228
157 244
157 681
158 551
158 580
159 223
159 758
159 975
160 205
160 330
160 346
161 273
161 325
161 542
161 914
161 929
162 328
162 460
162 636
162 859
163 213
163 268
163 397
163 450
163 543
163 625
163 784
164 219
164 263
164 604
164 646
164 803
164 880
165 809
165 817
166 372
166 549
167 199
167 408
167 461
167 619
167 664
168 372
168 689
169 305
169 383
169 404
169 798
169 838
170 295
170 572
170 608
170 862
171 177
171 281
171 485
171 535
172 482
172 575
172 866
173 292
173 723
173 795
174 259
174 348
174 515
174 610
174 775
175 350
175 822
176 194
176 223
176 338
176 442
176 836
177 180
177 263
178 497
178 668
179 485
180 186
180 263
180 278
180 510
180 563
180 649
181 220
181 238
181 285
181 519
181 830
182 196
182 199
182 268
182 378
182 664
183 395
183 602
184 221
184 498
184 829
185 268
185 537
185 762
185 937
186 500
186 540
187 322
187 731
187 857
187 940
188 282
188 558
188 895
189 208
189 214
189 227
189 322
189 349
190 410
190 736
191 197
191 249
191 258
191 640
192 418
192 911
193 351
193 900
193 913
194 781
195 221
195 383
195 456
196 213
197 463
197 878
197 883
198 338
198 352
198 536
198 682
198 710
199 277
199 384
199 837
199 910
200 274
200 289
200 538
200 825
200 997
201 280
201 391
201 596
202 298
202 336
202 621
202 837
203 310
203 474
204 294
204 595
205 230
206 323
206 558
206 594
206 702
207 229
207 377
207 419
207 444
207 981
208 307
208 364
208 399
208 400
209 416
209 464
209 698
209 748
210 712
210 750
210 861
211 462
211 463
211 534
211 699
211 888
213 458
214 307
214 342
214 364
214 399
214 400
215 464
215 891
216 663
216 908
217 835
217 923
218 357
218 363
218 409
218 792
219 414
220 304
220 656
221 447
221 767
222 313
222 647
222 760
224 262
224 661
224 811
225 317
225 406
225 432
225 489
226 253
226 315
226 332
226 718
227 364
227 399
229 308
229 326
229 377
230 266
230 626
230 764
232 284
232 630
232 848
233 322
233 353
233 611
233 804
233 857
234 449
234 632
235 273
235 309
235 885
235 899
236 267
236 293
236 417
237 275
237 507
237 688
239 245
239 276
239 639
240 304
240 326
240 444
240 460
241 369
241 438
241 587
241 676
241 833
242 554
242 617
242 852
243 283
243 359
243 927
244 397
245 512
245 517
245 589
245 591
246 607
246 706
246 707
246 717
247 421
247 723
247 795
248 321
249 493
249 633
250 303
250 467
250 658
250 710
251 401
251 505
252 347
252 376
252 622
252 858
253 371
253 392
253 790
254 255
254 451
255 763
255 793
256 275
256 551
256 743
257 391
257 394
258 312
258 342
258 804
259 468
259 472
259 514
259 881
260 493
261 435
261 943
262 317
262 406
262 489
263 354
264 459
264 472
264 476
265 356
265 811
266 316
266 367
266 576
267 270
267 282
267 381
268 282
269 387
269 481
270 373
270 481
270 774
270 932
271 507
271 688
272 277
272 378
272 530
272 697
272 731
273 343
273 555
273 647
274 314
274 350
276 918
278 510
279 293
279 358
280 346
280 375
281 341
281 354
281 510
283 359
283 561
285 303
285 519
285 923
287 315
287 900
289 342
289 797
290 911
290 974
292 390
292 941
293 724
295 405
298 413
299 586
301 324
301 598
302 450
302 866
305 383
306 475
307 349
308 396
308 569
308 571
309 375
309 920
310 462
310 699
310 886
312 716
312 969
313 420
313 543
314 385
314 897
315 887
316 529
318 684
318 737
318 955
319 356
319 452
320 328
320 437
320 944
321 679
321 808
323 668
323 784
324 437
324 721
326 454
327 444
327 654
327 831
328 855
329 801
331 334
331 469
332 939
333 553
333 642
333 994
335 645
336 413
337 469
337 708
338 427
339 456
339 491
339 687
340 560
342 887
343 742
345 564
345 763
345 793
346 766
346 894
348 759
348 889
349 400
351 586
351 666
352 768
354 426
354 521
356 524
356 771
358 398
361 534
361 802
361 883
362 414
366 455
366 590
366 655
367 622
369 504
369 963
369 967
370 739
371 450
371 467
371 933
372 549
372 815
373 957
374 387
375 885
377 715
378 424
379 590
379 624
380 395
380 526
380 531
381 497
382 592
382 686
382 799
384 461
385 461
386 532
386 926
387 769
388 819
389 523
389 600
389 746
390 755
392 442
393 839
396 483
396 608
397 624
397 934
398 671
398 674
401 642
401 718
401 917
402 529
402 948
403 436
403 707
404 574
406 743
407 605
408 473
409 806
412 465
418 816
419 466
420 542
420 543
422 662
422 841
423 537
423 952
424 711
425 570
425 653
426 587
429 871
430 601
430 845
432 452
438 504
438 973
439 445
439 487
441 937
447 720
453 643
453 644
453 966
454 475
454 483
455 752
455 778
458 925
462 741
466 695
467 683
468 495
472 501
473 650
474 708
475 641
477 557
477 693
479 931
482 879
484 502
487 703
489 546
490 635
490 796
491 511
493 722
495 713
496 509
498 628
498 812
501 757
501 936
502 729
503 554
503 833
505 506
506 658
508 576
508 626
509 717
511 512
513 650
513 823
513 931
517 581
517 639
519 545
520 834
521 921
522 535
527 531
527 906
528 756
530 612
530 697
532 727
533 771
534 844
536 774
537 874
539 728
541 582
545 652
546 821
548 556
553 917
556 907
562 566
563 849
565 726
567 786
567 941
568 680
569 950
571 970
573 942
575 896
577 834
578 734
579 918
583 913
592 764
593 940
595 696
606 678
609 630
610 614
613 654
620 882
623 627
625 895
633 953
640 976
648 925
652 906
656 690
659 802
666 669
670 938
675 888
677 961
679 889
680 949
686 904
693 719
703 776
711 780
713 928
716 942
719 846
730 807
741 832
748 872
753 838
756 871
758 772
761 886
762 878
767 962
770 902
782 893
783 954
787 823
794 818
799 902
801 915
807 842
809 860
814 894
814 995
816 862
826 865
827 867
827 990
828 905
851 927
856 922
863 892
865 867
868 909
869 898
879 934
904 935
915 978
