0 1
0 2
0 4
0 5
0 7
0 8
0 19
0 20
0 29
0 30
0 32
0 40
0 45
0 49
0 51
0 65
0 76
0 84
0 88
0 95
0 108
0 111
0 112
0 114
0 129
0 134
0 137
0 140
0 153
0 160
0 164
0 173
0 190
0 194
0 231
0 233
0 236
0 245
0 289
0 292
0 345
0 346
0 365
0 371
0 402
0 414
0 441
0 444
0 587
0 598
0 755
0 839
1 6
1 7
1 9
1 14
1 15
1 18
1 19
1 26
1 28
1 33
1 37
1 39
1 40
1 42
1 50
1 61
1 64
1 66
1 68
1 72
1 74
1 90
1 102
1 110
1 180
1 194
1 211
1 227
1 243
1 278
1 280
1 330
1 385
1 386
1 399
1 408
1 412
1 428
1 503
1 517
1 541
1 624
1 652
1 679
1 828
2 8
2 12
2 15
2 17
2 18
2 27
2 54
2 93
2 118
2 119
2 120
2 131
2 133
2 182
2 219
2 220
2 248
2 258
2 278
2 300
2 363
2 369
2 381
2 456
2 470
2 478
2 505
2 522
2 586
2 615
2 618
2 746
2 787
2 890
3 4
3 5
3 6
3 8
3 13
3 17
3 23
3 28
3 38
3 40
3 41
3 44
3 47
3 70
3 116
3 149
3 150
3 195
3 196
3 229
3 267
3 270
3 300
3 302
3 356
3 374
3 539
3 580
3 592
3 598
3 684
4 9
4 44
4 47
4 54
4 55
4 68
4 72
4 87
4 89
4 95
4 105
4 112
4 116
4 191
4 193
4 231
4 314
4 335
4 502
4 612
4 613
4 682
4 830
5 10
5 11
5 12
5 25
5 26
5 31
5 32
5 42
5 53
5 54
5 60
5 70
5 71
5 72
5 81
5 94
5 107
5 114
5 148
5 186
5 254
5 258
5 281
5 305
5 310
5 336
5 394
5 396
5 417
5 568
5 600
5 636
5 775
6 9
6 15
6 19
6 24
6 29
6 34
6 37
6 39
6 40
6 53
6 59
6 74
6 111
6 138
6 144
6 145
6 162
6 167
6 242
6 257
6 288
6 293
6 303
6 316
6 340
6 342
6 348
6 351
6 386
6 429
6 438
6 454
6 480
6 565
6 807
6 842
7 9
7 13
7 15
7 22
7 100
7 110
7 114
7 121
7 156
7 180
7 184
7 243
7 281
7 302
7 314
7 390
7 399
7 491
7 496
7 666
8 9
8 16
8 20
8 24
8 29
8 38
8 57
8 60
8 62
8 92
8 103
8 124
8 145
8 171
8 226
8 244
8 286
8 442
8 796
8 808
9 14
9 16
9 33
9 37
9 56
9 61
9 74
9 91
9 102
9 107
9 112
9 132
9 160
9 173
9 178
9 186
9 209
9 236
9 252
9 301
9 305
9 355
9 442
9 457
9 470
9 479
9 694
9 734
10 14
10 15
10 16
10 31
10 52
10 56
10 75
10 79
10 139
10 143
10 167
10 246
10 262
10 266
10 298
10 356
10 357
10 409
10 425
10 605
10 655
10 677
11 23
11 29
11 32
11 34
11 41
11 56
11 62
11 68
11 85
11 89
11 90
11 167
11 232
11 253
11 263
11 265
11 315
11 381
11 382
11 389
11 435
11 488
11 555
11 575
11 577
11 618
11 730
11 876
12 14
12 15
12 28
12 37
12 39
12 48
12 81
12 106
12 113
12 117
12 120
12 137
12 210
12 293
12 316
12 323
12 339
12 360
12 397
12 443
12 446
12 558
12 618
12 768
13 18
13 40
13 42
13 68
13 80
13 96
13 102
13 104
13 109
13 117
13 121
13 128
13 131
13 135
13 150
13 183
13 193
13 207
13 230
13 233
13 390
13 553
14 24
14 26
14 50
14 51
14 52
14 56
14 57
14 64
14 83
14 103
14 104
14 123
14 145
14 148
14 167
14 174
14 191
14 199
14 200
14 228
14 269
14 275
14 311
14 376
14 442
14 575
14 732
15 20
15 29
15 30
15 39
15 58
15 61
15 77
15 85
15 87
15 96
15 129
15 164
15 173
15 238
15 418
15 551
15 655
15 673
16 21
16 28
16 45
16 51
16 56
16 60
16 118
16 152
16 176
16 235
16 251
16 260
16 279
16 282
16 395
16 410
16 460
17 20
17 23
17 27
17 29
17 46
17 57
17 59
17 72
17 90
17 91
17 97
17 98
17 112
17 135
17 190
17 199
17 226
17 303
17 364
17 382
17 483
17 723
18 24
18 27
18 28
18 36
18 37
18 40
18 58
18 70
18 95
18 181
18 229
18 317
18 440
18 545
18 596
18 634
18 738
18 794
18 878
18 970
19 24
19 29
19 42
19 51
19 81
19 99
19 114
19 167
19 169
19 177
19 214
19 301
19 305
19 311
19 343
19 369
19 403
19 427
19 531
19 681
20 22
20 27
20 30
20 38
20 51
20 91
20 103
20 111
20 178
20 225
20 301
20 483
20 512
20 563
20 751
20 924
21 32
21 47
21 81
21 83
21 133
21 134
21 141
21 185
21 188
21 294
21 303
21 307
21 386
21 444
22 30
22 42
22 115
22 125
22 129
22 137
22 216
22 224
22 232
22 242
22 372
22 499
22 599
22 725
23 59
23 66
23 102
23 117
23 124
23 147
23 152
23 170
23 227
23 246
23 259
23 260
23 358
23 359
23 560
23 757
24 25
24 26
24 30
24 33
24 39
24 64
24 78
24 79
24 88
24 145
24 151
24 249
24 266
24 308
24 345
24 370
24 406
24 408
24 461
24 572
24 860
24 863
24 929
25 34
25 52
25 100
25 155
25 162
25 181
25 204
25 213
25 259
25 269
25 312
25 436
25 566
25 687
26 34
26 42
26 44
26 50
26 53
26 56
26 58
26 71
26 86
26 92
26 100
26 120
26 138
26 142
26 166
26 171
26 173
26 198
26 201
26 211
26 213
26 229
26 278
26 283
26 286
26 304
26 317
26 328
26 331
26 332
26 346
26 359
26 361
26 369
26 381
26 384
26 386
26 394
26 426
26 432
26 449
26 450
26 468
26 488
26 490
26 497
26 498
26 505
26 508
26 513
26 590
26 592
26 601
26 603
26 619
26 626
26 630
26 632
26 657
26 660
26 664
26 686
26 688
26 694
26 711
26 713
26 721
26 736
26 738
26 758
26 816
26 818
26 829
26 844
26 863
26 877
26 880
26 906
26 915
26 916
26 921
26 939
26 968
26 969
26 994
26 995
27 47
27 50
27 71
27 78
27 90
27 92
27 95
27 111
27 153
27 175
27 277
27 318
27 333
27 336
27 363
27 433
27 558
27 672
27 732
28 82
28 102
28 110
28 119
28 127
28 129
28 165
28 195
28 215
28 237
28 255
28 339
28 347
28 417
28 506
28 701
29 30
29 33
29 39
29 40
29 51
29 72
29 75
29 83
29 84
29 120
29 154
29 157
29 164
29 192
29 357
29 830
30 33
30 51
30 53
30 57
30 64
30 83
30 189
30 190
30 289
30 536
30 565
30 717
31 40
31 92
31 99
31 105
31 131
31 212
31 234
31 243
31 317
31 331
31 340
31 345
31 399
31 507
31 528
31 655
31 748
31 892
31 907
32 47
32 64
32 68
32 77
32 103
32 114
32 122
32 152
32 178
32 202
32 229
32 257
32 273
32 298
32 313
32 327
32 457
32 634
32 786
33 54
33 58
33 82
33 99
33 121
33 164
33 186
33 378
33 432
33 897
34 91
34 148
34 217
34 225
34 262
34 266
34 476
34 528
34 568
34 663
34 687
34 856
34 876
34 881
34 900
34 992
35 40
35 57
35 59
35 79
35 84
35 130
35 146
35 170
35 229
35 289
35 340
35 613
35 743
35 885
36 55
36 64
36 469
36 528
36 698
36 750
36 785
36 821
36 941
37 38
37 45
37 65
37 66
37 77
37 93
37 95
37 103
37 229
37 231
37 352
37 477
37 587
37 755
38 39
38 67
38 87
38 116
38 130
38 178
38 198
38 239
38 255
38 266
38 329
38 375
38 405
38 451
38 452
38 536
38 685
38 798
38 827
38 867
38 883
38 943
38 944
38 979
39 46
39 70
39 96
39 98
39 103
39 112
39 139
39 209
39 220
39 441
39 451
39 478
39 538
39 540
39 613
40 50
40 126
40 181
40 283
40 529
40 590
40 787
40 833
40 842
41 58
41 79
41 86
41 414
41 440
41 528
41 541
42 57
42 61
42 163
42 214
42 297
42 376
42 381
42 427
42 490
42 496
42 855
42 982
43 74
43 100
43 124
43 189
43 274
43 296
43 309
43 312
43 422
43 434
44 105
44 146
44 274
44 407
44 519
44 749
44 766
44 855
44 899
45 94
45 174
45 232
45 385
45 470
45 626
45 771
46 70
46 107
46 109
46 118
46 123
46 147
46 163
46 172
46 176
46 189
46 198
46 233
46 508
46 891
47 72
47 73
47 87
47 102
47 161
47 198
47 280
47 450
47 512
47 690
47 779
47 946
47 958
48 52
48 57
48 102
48 153
48 155
48 206
48 303
48 470
48 536
48 638
48 658
49 126
49 169
49 173
49 180
49 227
49 239
49 326
49 354
49 365
49 752
50 78
50 79
50 110
50 164
50 191
50 454
50 619
50 661
50 710
50 806
51 83
51 92
51 104
51 145
51 315
51 361
51 423
51 584
51 661
52 100
52 164
52 176
52 189
52 264
52 371
52 461
52 579
52 700
53 59
53 91
53 108
53 144
53 163
53 217
53 351
53 546
53 578
53 866
54 58
54 69
54 83
54 155
54 263
54 270
54 292
54 298
54 355
54 420
54 932
55 60
55 68
55 146
55 172
55 236
55 252
55 371
55 415
55 776
56 81
56 175
56 180
56 301
56 434
56 629
57 268
57 293
57 316
57 320
57 336
57 490
57 605
57 649
57 652
57 701
58 94
58 252
58 375
58 377
58 777
59 71
59 94
59 96
59 280
59 289
59 413
59 425
59 553
59 602
60 81
60 98
60 152
60 159
60 299
60 410
60 465
60 521
60 527
60 565
60 945
61 64
61 95
61 148
61 168
61 174
61 184
61 233
61 234
61 261
61 445
61 539
61 550
61 827
62 90
62 113
62 176
62 178
62 204
62 307
62 309
62 468
62 773
63 82
63 91
63 133
63 157
63 184
63 234
63 244
63 321
63 336
63 363
63 391
63 451
63 587
64 192
64 243
64 293
64 492
64 537
64 584
65 80
65 108
65 127
65 138
65 360
65 377
65 562
66 176
66 215
66 446
67 82
67 165
67 303
67 829
68 117
68 136
68 149
68 190
68 253
68 276
68 315
68 592
68 756
69 82
69 109
69 138
69 325
69 421
69 432
69 663
69 748
69 837
70 83
70 129
70 209
70 241
70 433
70 456
70 585
71 146
71 203
71 468
71 494
71 501
71 568
71 701
71 722
72 85
72 96
72 119
72 127
72 172
72 421
72 553
72 724
72 920
73 94
73 101
73 103
73 120
73 141
73 142
73 157
73 173
73 293
73 297
73 328
73 360
73 370
73 387
73 924
74 76
74 104
74 186
74 280
74 371
74 460
74 543
75 79
75 87
75 129
75 202
75 206
75 335
75 347
75 522
75 535
75 864
76 113
76 146
76 292
76 306
76 312
76 358
76 369
76 585
77 79
77 141
77 187
77 200
77 241
77 331
77 361
77 396
77 738
78 79
78 93
78 193
78 290
78 368
78 454
78 551
78 614
78 778
79 92
79 96
79 124
79 160
79 207
79 224
79 308
79 388
79 493
79 640
79 737
80 83
80 143
80 188
80 192
80 259
80 611
80 759
81 106
81 126
81 195
81 221
81 261
81 292
81 400
81 796
81 904
82 152
82 280
82 335
82 790
83 91
83 119
83 185
83 310
83 318
83 574
83 626
84 100
84 133
84 159
84 340
84 343
84 346
84 355
84 431
84 540
84 570
84 578
85 127
85 196
85 374
85 382
85 530
85 549
86 396
86 733
86 750
87 123
87 145
87 171
87 223
88 271
88 331
88 507
88 531
89 157
89 166
89 244
89 294
90 310
90 367
90 572
90 718
91 101
91 127
91 132
91 143
91 182
91 256
91 582
92 129
92 255
92 439
92 508
92 525
92 697
93 108
93 192
93 226
93 336
93 420
93 669
93 794
93 836
93 963
94 163
94 167
94 180
94 394
94 662
94 684
95 143
95 187
95 551
95 628
95 757
96 113
96 141
96 142
96 161
97 118
97 124
97 147
97 338
97 431
98 210
98 304
98 345
98 370
98 385
98 453
98 820
99 152
99 193
99 286
99 293
99 322
99 400
99 505
99 622
99 708
100 162
100 270
100 412
101 117
101 169
101 278
101 500
101 516
101 680
102 116
102 126
102 135
102 197
102 223
102 269
102 723
103 178
103 313
103 329
103 497
103 962
104 156
104 159
104 206
104 271
104 355
104 729
105 254
105 298
106 135
106 184
106 192
106 266
107 178
107 268
107 390
107 398
107 463
108 133
108 340
108 359
108 506
108 541
108 910
109 280
109 342
109 543
109 581
109 663
110 127
110 177
110 184
110 201
110 235
110 290
110 349
111 113
111 290
111 318
111 422
111 481
111 522
111 654
112 180
112 197
112 316
112 401
112 657
112 666
113 130
113 150
113 160
113 237
113 444
113 502
114 333
114 415
114 597
115 231
115 294
115 314
115 461
115 861
115 951
116 123
116 135
116 212
116 276
116 279
116 348
116 379
116 672
117 207
117 247
117 359
117 551
117 674
117 758
118 143
118 369
118 554
118 685
119 131
119 135
119 147
119 184
119 211
119 481
119 800
119 874
120 544
120 688
121 284
121 295
121 520
121 630
121 749
122 143
122 156
122 321
122 526
122 592
122 642
122 783
123 139
123 261
124 145
124 200
124 301
124 352
124 453
124 603
124 610
124 715
124 826
125 126
125 174
125 201
125 287
125 499
125 514
125 575
125 811
126 139
126 158
126 227
126 250
126 442
127 190
127 430
127 514
127 639
128 283
128 381
128 678
129 239
129 337
129 698
129 716
129 832
130 243
130 264
131 140
131 154
131 158
131 330
131 598
131 746
131 825
132 187
132 214
132 406
132 617
132 728
133 153
133 196
133 298
133 425
134 266
134 298
134 431
134 498
134 514
134 532
134 809
135 231
136 142
136 195
136 221
136 236
136 245
136 260
136 483
136 547
136 601
136 640
136 785
137 189
137 247
137 251
137 313
137 433
137 722
138 192
138 223
138 264
138 266
138 429
138 507
138 625
138 648
138 835
138 960
138 976
139 158
139 195
139 199
139 489
140 236
140 251
140 405
141 627
141 857
142 169
142 416
142 593
143 179
143 280
143 378
143 590
144 272
144 477
144 802
145 177
145 263
145 872
146 149
146 355
146 824
147 162
147 853
148 494
148 689
148 904
149 259
149 270
149 296
149 595
150 198
150 206
150 238
150 427
150 575
150 629
151 255
151 272
151 460
151 779
151 869
152 401
152 532
152 607
153 245
153 485
153 674
154 194
154 542
154 592
154 851
155 235
155 696
155 707
155 774
156 669
156 741
157 196
157 226
157 229
157 512
157 552
157 569
158 198
158 301
158 311
158 558
158 894
159 432
159 854
160 223
160 251
160 302
160 362
160 372
161 232
161 236
161 358
161 453
161 710
162 405
162 638
162 704
163 435
163 457
163 496
163 592
164 885
165 529
165 660
166 268
166 307
166 544
166 593
167 454
167 754
167 816
168 325
168 389
168 443
168 488
169 269
169 306
169 551
169 575
170 183
170 193
170 263
170 854
171 229
171 257
171 286
171 377
171 699
171 934
172 276
172 331
172 471
173 260
173 262
173 297
173 401
173 409
174 207
174 577
174 726
175 385
175 453
175 748
175 993
176 393
176 585
177 280
177 283
177 489
177 858
178 203
178 213
178 333
178 355
178 865
179 223
179 472
180 305
180 354
180 489
181 182
182 193
182 633
183 275
183 621
183 763
183 793
183 933
183 990
184 575
184 767
185 653
185 957
186 262
186 302
186 508
186 745
187 251
187 288
187 450
187 772
188 424
188 604
189 750
190 232
191 672
191 991
192 293
192 518
193 313
193 320
193 596
194 276
194 316
194 345
194 645
195 198
195 823
196 228
196 364
196 832
197 361
197 644
198 230
199 220
199 273
199 381
199 441
199 483
199 557
199 603
199 961
200 561
200 574
200 859
201 314
201 369
201 886
202 242
202 263
202 286
202 423
203 273
203 458
204 539
205 353
205 379
206 246
206 372
206 471
206 567
206 588
207 353
207 355
207 363
208 559
208 699
209 589
209 859
210 237
210 255
210 477
210 824
211 227
211 879
211 931
212 420
212 423
212 564
212 578
213 722
214 232
214 249
214 364
214 383
215 438
215 581
216 223
216 314
216 382
217 354
217 363
218 416
218 474
218 907
218 966
219 261
219 271
219 387
219 849
220 307
220 452
220 477
221 266
221 320
221 371
221 494
221 702
221 825
221 902
222 437
222 449
222 781
222 996
223 651
224 393
225 297
226 244
226 314
226 631
226 709
227 675
227 681
227 879
228 257
228 290
228 678
229 440
229 453
229 526
229 810
230 241
230 636
231 272
231 329
231 919
232 728
232 752
232 868
233 680
234 277
234 335
234 437
235 579
235 927
236 291
236 326
237 258
237 313
237 363
238 261
238 266
238 276
238 446
238 853
238 905
239 513
239 647
240 384
240 614
241 327
241 383
241 418
241 556
241 643
241 971
242 450
242 778
243 263
243 303
243 411
244 257
244 912
245 427
245 526
247 397
247 511
247 560
247 767
248 250
248 300
249 259
249 461
249 497
250 273
250 298
250 468
251 432
251 822
252 940
253 397
254 300
254 420
254 712
254 838
255 407
255 432
256 272
256 354
256 579
257 266
257 334
257 364
257 815
257 882
258 446
258 618
259 326
259 610
260 394
260 486
261 418
261 501
262 277
262 293
262 505
262 655
263 266
263 563
263 645
263 780
263 787
263 828
264 276
264 384
264 457
264 763
265 331
265 641
266 355
266 368
266 450
266 510
266 538
266 581
266 659
266 734
266 748
266 768
266 804
266 880
266 922
266 974
266 975
266 983
267 531
267 800
267 846
268 411
268 574
269 386
269 778
270 413
271 809
271 908
273 310
273 374
274 347
274 638
275 699
277 337
277 522
278 290
278 419
278 616
278 782
278 952
279 308
279 348
279 729
280 332
281 838
282 381
282 676
282 739
283 512
283 668
284 464
284 652
285 513
285 524
285 727
286 801
286 977
287 407
287 499
288 308
288 364
288 849
288 938
291 471
291 605
292 523
292 631
292 791
294 437
295 316
295 566
295 913
296 458
296 956
297 302
297 484
297 981
299 365
299 566
300 570
300 631
301 635
303 324
304 307
305 410
305 662
306 636
307 466
307 788
308 487
308 518
308 897
309 372
310 313
311 327
311 446
311 545
311 834
311 895
312 437
313 603
313 978
315 620
315 761
316 667
316 959
317 368
317 518
317 544
317 807
318 614
318 896
319 333
319 413
319 488
320 344
321 578
321 835
322 503
322 852
323 664
324 689
324 871
325 691
326 375
326 466
326 817
328 330
328 443
328 792
329 416
329 683
330 455
332 352
332 412
332 986
333 582
333 715
334 596
334 692
334 895
335 374
336 426
336 900
337 535
337 688
338 389
339 388
341 405
341 476
341 531
342 868
343 634
343 925
344 628
345 362
345 724
346 519
347 576
348 826
349 357
349 600
349 650
350 619
350 662
350 936
351 409
351 438
352 432
352 675
353 364
353 684
354 813
354 862
354 911
355 515
355 610
356 964
358 742
358 803
360 419
360 632
361 375
362 448
364 380
365 373
365 375
365 444
366 466
366 523
366 607
367 521
367 914
368 785
368 821
369 402
369 740
370 459
370 812
370 921
371 908
372 447
372 455
373 521
373 624
374 490
374 586
374 756
375 668
376 581
377 892
378 729
378 776
379 787
380 470
380 689
382 601
382 659
384 458
384 887
384 950
385 861
386 390
386 542
387 430
387 535
387 595
387 751
388 440
388 686
389 416
390 605
390 674
391 447
391 497
391 919
392 572
392 573
392 847
394 423
394 444
394 654
395 465
395 599
396 521
396 733
397 522
399 622
400 524
400 672
401 549
401 578
401 840
402 814
403 470
404 784
404 795
404 909
405 704
406 469
407 566
407 588
408 492
408 967
409 736
410 411
410 462
410 527
410 552
411 633
411 715
412 602
413 664
414 448
414 715
416 447
416 469
418 472
419 954
420 549
422 493
423 839
424 534
424 703
425 500
427 593
427 594
428 735
429 460
430 504
434 927
435 531
435 629
436 519
436 754
436 850
438 804
439 515
441 594
441 888
442 947
444 539
445 780
445 845
448 718
450 588
450 744
450 797
450 799
450 997
451 695
452 577
455 763
455 806
456 760
456 903
456 917
458 586
458 671
460 518
460 948
461 583
462 625
462 675
463 482
464 632
465 516
467 498
467 593
470 731
472 923
473 544
473 568
474 901
475 763
475 793
479 683
480 576
481 490
482 912
484 898
485 612
485 643
485 742
485 920
486 813
487 721
489 627
491 713
492 721
493 544
494 683
495 526
495 866
497 705
499 727
500 637
500 965
502 509
503 732
504 570
504 820
506 643
506 816
507 518
507 584
508 530
508 873
509 714
511 783
512 723
512 875
517 735
520 570
520 623
520 681
520 818
520 972
520 973
522 734
523 635
525 700
527 848
527 909
529 677
530 607
530 953
533 559
533 594
533 665
534 817
537 826
538 647
538 859
539 989
540 542
541 706
541 862
541 884
541 949
542 737
543 676
545 616
546 617
546 791
547 676
548 934
548 999
550 772
553 613
554 852
555 752
556 612
557 764
560 741
561 753
562 691
563 774
563 932
565 720
567 749
567 914
570 673
571 685
572 608
573 670
573 926
574 597
576 653
577 730
580 873
582 605
583 679
584 886
587 693
591 784
591 801
599 673
604 695
605 659
606 870
608 783
609 694
610 805
613 935
615 843
615 844
620 864
620 984
621 858
622 942
624 889
625 682
627 761
630 823
637 717
638 725
639 831
642 819
644 870
646 647
649 714
650 890
651 899
656 743
656 816
657 930
658 793
661 860
663 765
666 762
667 768
667 872
669 789
670 955
673 770
688 937
690 740
691 857
692 697
692 851
693 804
693 928
696 792
696 803
698 821
702 841
703 841
706 751
707 770
707 846
709 808
710 757
716 768
718 987
719 925
719 988
720 778
724 771
726 869
731 794
731 980
736 777
745 819
747 905
756 911
759 804
759 918
760 815
768 769
775 831
795 893
799 827
836 898
874 875
913 918
923 985
933 998
