0 1
0 2
0 3
0 4
0 5
0 6
0 7
0 10
0 12
0 14
0 16
0 17
0 21
0 22
0 23
0 24
0 25
0 26
0 27
0 28
0 29
0 31
0 32
0 33
0 34
0 36
0 38
0 39
0 41
0 42
0 44
0 45
0 46
0 47
0 49
0 50
0 51
0 52
0 53
0 54
0 55
0 57
0 58
0 60
0 61
0 62
0 65
0 66
0 67
0 69
0 70
0 71
0 73
0 74
0 75
0 76
0 79
0 80
0 81
0 82
0 83
0 85
0 86
0 88
0 89
0 91
0 97
0 98
0 108
0 112
0 115
0 116
0 127
0 141
0 142
0 143
0 153
0 176
0 182
0 212
0 215
0 216
0 233
0 234
0 245
0 254
0 269
0 271
0 298
0 328
0 424
0 425
0 464
1 3
1 4
1 5
1 6
1 10
1 12
1 13
1 14
1 16
1 17
1 23
1 24
1 26
1 28
1 29
1 36
1 45
1 49
1 52
1 55
1 60
1 61
1 63
1 66
1 67
1 73
1 75
1 78
1 79
1 81
1 82
1 85
1 86
1 88
1 89
1 90
1 91
1 97
1 101
1 107
1 108
1 115
1 116
1 127
1 128
1 131
1 136
1 141
1 142
1 143
1 159
1 177
1 227
1 233
1 254
1 269
1 315
1 363
1 450
1 725
2 4
2 21
2 23
2 29
2 32
2 33
2 40
2 43
2 49
2 62
2 70
2 71
2 74
2 76
2 138
2 142
2 183
2 213
2 215
2 271
2 291
2 297
2 298
2 330
2 453
2 480
2 586
3 4
3 5
3 6
3 7
3 9
3 16
3 22
3 23
3 25
3 26
3 27
3 31
3 34
3 36
3 38
3 39
3 41
3 42
3 44
3 45
3 46
3 47
3 49
3 50
3 51
3 52
3 53
3 54
3 57
3 60
3 61
3 65
3 66
3 67
3 69
3 73
3 79
3 80
3 81
3 82
3 85
3 90
3 91
3 97
3 107
3 108
3 112
3 116
3 122
3 127
3 128
3 131
3 149
3 182
3 195
3 313
3 418
3 439
3 678
4 5
4 6
4 10
4 12
4 21
4 23
4 24
4 29
4 36
4 39
4 41
4 43
4 45
4 49
4 52
4 55
4 60
4 61
4 62
4 66
4 67
4 70
4 71
4 73
4 74
4 75
4 76
4 79
4 81
4 82
4 83
4 90
4 91
4 115
4 116
4 127
4 136
4 141
4 142
4 143
4 153
4 216
4 233
4 234
4 254
4 269
4 271
4 298
4 425
5 6
5 7
5 10
5 14
5 16
5 17
5 22
5 23
5 25
5 26
5 27
5 31
5 34
5 36
5 38
5 39
5 41
5 42
5 44
5 45
5 46
5 47
5 50
5 51
5 52
5 53
5 54
5 55
5 57
5 58
5 60
5 61
5 65
5 66
5 67
5 69
5 73
5 79
5 80
5 81
5 82
5 85
5 86
5 88
5 89
5 90
5 91
5 97
5 98
5 116
5 127
5 153
5 212
6 7
6 14
6 17
6 22
6 23
6 25
6 26
6 27
6 28
6 31
6 34
6 36
6 38
6 39
6 41
6 42
6 44
6 45
6 46
6 47
6 50
6 51
6 52
6 53
6 54
6 57
6 58
6 60
6 61
6 65
6 66
6 67
6 69
6 73
6 79
6 80
6 81
6 82
6 85
6 86
6 88
6 89
6 91
6 98
6 127
6 153
6 212
6 556
7 16
7 22
7 23
7 25
7 26
7 27
7 29
7 31
7 34
7 38
7 39
7 41
7 42
7 44
7 46
7 47
7 50
7 51
7 53
7 54
7 57
7 58
7 62
7 65
7 69
7 71
7 74
7 76
7 80
7 98
8 11
8 37
8 43
8 147
8 155
8 157
8 199
8 211
8 241
8 276
8 330
8 628
9 15
9 18
9 19
9 30
9 35
9 45
9 48
9 59
9 77
9 87
9 96
9 102
9 109
9 113
9 120
9 121
9 122
9 125
9 126
9 135
9 138
9 140
9 145
9 146
9 149
9 151
9 156
9 160
9 171
9 185
9 187
9 193
9 196
9 208
9 209
9 231
9 247
9 250
9 266
9 270
9 290
9 291
9 292
9 295
9 297
9 306
9 322
9 326
9 355
9 356
9 382
9 389
9 431
9 432
9 439
9 465
9 480
9 481
9 484
9 524
9 536
9 539
9 612
9 615
9 654
9 754
9 877
10 12
10 15
10 24
10 28
10 55
10 75
10 97
10 104
10 115
10 116
10 136
10 137
10 141
10 150
10 181
10 223
10 224
10 246
10 260
10 262
10 269
10 283
10 311
10 393
10 412
10 443
10 478
10 485
10 510
10 523
10 533
10 588
10 631
10 697
10 810
11 18
11 20
11 37
11 40
11 43
11 147
11 155
11 157
11 170
11 173
11 179
11 222
11 241
11 276
11 497
12 13
12 16
12 24
12 26
12 28
12 45
12 49
12 55
12 63
12 75
12 78
12 101
12 107
12 108
12 128
12 131
12 136
12 141
12 143
12 177
12 216
12 227
12 233
12 254
12 363
13 40
13 43
13 63
13 64
13 78
13 92
13 177
13 188
13 192
13 259
13 408
13 448
13 456
13 492
13 500
13 568
13 581
13 627
13 632
13 639
13 640
13 641
13 673
13 703
13 790
13 886
13 889
14 16
14 17
14 22
14 23
14 25
14 26
14 27
14 31
14 34
14 36
14 38
14 39
14 41
14 42
14 46
14 47
14 49
14 50
14 51
14 52
14 53
14 54
14 57
14 58
14 60
14 61
14 65
14 66
14 67
14 69
14 73
14 79
14 81
14 83
14 85
14 86
14 88
14 89
14 90
14 98
14 227
14 450
15 18
15 19
15 24
15 28
15 30
15 35
15 45
15 48
15 59
15 68
15 83
15 87
15 96
15 109
15 121
15 122
15 124
15 132
15 136
15 137
15 146
15 151
15 152
15 162
15 163
15 185
15 187
15 197
15 208
15 209
15 229
15 251
15 252
15 266
15 267
15 292
15 295
15 296
15 326
15 331
15 355
15 356
15 357
15 390
15 444
15 484
15 539
15 540
15 541
15 617
15 618
15 985
16 25
16 26
16 28
16 31
16 34
16 38
16 39
16 41
16 42
16 46
16 47
16 49
16 50
16 51
16 53
16 57
16 63
16 65
16 83
16 88
16 108
16 109
16 112
16 115
16 176
16 182
16 255
16 348
16 524
17 25
17 26
17 27
17 36
17 44
17 63
17 80
17 84
17 101
17 115
17 128
17 131
17 159
17 182
17 245
17 418
17 450
17 711
17 718
18 19
18 20
18 30
18 35
18 45
18 48
18 59
18 83
18 87
18 93
18 94
18 96
18 109
18 119
18 121
18 124
18 125
18 135
18 140
18 148
18 149
18 151
18 152
18 160
18 162
18 163
18 185
18 193
18 196
18 208
18 209
18 239
18 247
18 258
18 266
18 267
18 292
18 296
18 326
18 331
18 356
18 357
18 390
18 484
18 499
18 524
18 534
18 540
18 731
19 31
19 35
19 48
19 59
19 68
19 77
19 87
19 96
19 102
19 113
19 120
19 121
19 123
19 124
19 125
19 139
19 140
19 144
19 145
19 146
19 149
19 151
19 156
19 160
19 171
19 175
19 186
19 193
19 209
19 217
19 229
19 232
19 235
19 236
19 256
19 264
19 290
19 300
19 322
19 351
19 387
19 390
19 438
19 442
19 445
19 530
19 609
19 694
19 706
19 710
19 821
19 977
20 43
20 93
20 94
20 110
20 119
20 129
20 133
20 148
20 154
20 164
20 166
20 170
20 239
20 258
20 598
21 29
21 49
21 70
21 71
21 74
21 76
21 215
21 271
22 25
22 26
22 27
22 31
22 34
22 36
22 38
22 39
22 41
22 42
22 44
22 46
22 47
22 50
22 51
22 53
22 54
22 57
22 58
22 65
22 69
22 106
22 126
22 158
22 168
22 169
22 180
22 190
22 203
22 204
22 205
23 25
23 26
23 27
23 28
23 31
23 32
23 34
23 36
23 38
23 39
23 41
23 42
23 46
23 47
23 50
23 51
23 52
23 57
23 58
23 60
23 61
23 65
23 66
23 67
23 73
23 79
23 80
23 81
23 82
23 86
23 90
23 91
23 127
23 153
24 28
24 45
24 49
24 55
24 75
24 77
24 97
24 104
24 114
24 136
24 137
24 143
24 150
24 160
24 181
24 216
24 223
24 224
24 233
24 234
24 260
24 283
24 311
24 347
24 417
24 451
24 478
24 652
25 26
25 27
25 31
25 34
25 36
25 38
25 39
25 41
25 42
25 44
25 46
25 47
25 49
25 50
25 51
25 53
25 54
25 57
25 58
25 59
25 65
25 69
25 80
25 83
25 88
25 97
25 116
25 182
25 245
26 27
26 31
26 34
26 36
26 38
26 39
26 41
26 42
26 44
26 47
26 50
26 51
26 53
26 54
26 63
26 65
26 67
26 69
26 80
26 98
26 128
26 182
26 245
27 31
27 34
27 36
27 38
27 39
27 41
27 42
27 44
27 46
27 47
27 51
27 53
27 54
27 57
27 58
27 65
27 69
27 80
28 55
28 60
28 97
28 104
28 108
28 116
28 187
28 212
28 272
28 314
28 655
29 62
29 70
29 71
29 76
29 142
29 215
29 216
29 271
29 298
29 835
30 75
30 92
30 122
30 163
30 185
30 316
30 358
30 484
30 809
31 34
31 38
31 39
31 41
31 42
31 44
31 46
31 47
31 50
31 51
31 53
31 54
31 57
31 58
31 69
31 80
31 98
31 112
31 175
31 217
31 600
32 43
32 142
32 213
32 535
32 586
32 853
33 101
33 328
33 538
33 832
34 38
34 39
34 41
34 42
34 44
34 46
34 47
34 49
34 50
34 53
34 54
34 57
34 65
34 80
34 83
34 101
34 159
34 463
35 45
35 48
35 59
35 68
35 77
35 83
35 87
35 96
35 102
35 109
35 112
35 113
35 121
35 122
35 124
35 139
35 145
35 152
35 163
35 171
35 172
35 185
35 187
35 193
35 196
35 208
35 209
35 231
35 247
35 290
35 292
35 296
35 322
35 326
35 358
35 388
35 390
35 484
35 509
36 42
36 44
36 47
36 51
36 52
36 54
36 60
36 61
36 65
36 66
36 67
36 69
36 73
36 79
36 81
36 82
36 85
36 86
36 88
36 89
36 91
36 115
36 182
36 820
37 40
37 93
37 154
37 164
37 166
37 220
37 279
37 304
37 365
38 39
38 41
38 42
38 44
38 46
38 47
38 50
38 51
38 53
38 54
38 57
38 65
38 69
38 80
38 98
38 182
38 245
39 41
39 42
39 44
39 46
39 47
39 49
39 50
39 51
39 53
39 54
39 57
39 58
39 65
39 69
39 80
39 83
40 63
40 119
40 155
40 177
41 42
41 44
41 46
41 47
41 49
41 50
41 51
41 53
41 54
41 62
41 65
41 80
41 83
42 44
42 46
42 47
42 50
42 51
42 53
42 54
42 57
42 65
42 69
42 80
43 170
43 321
43 333
43 586
44 46
44 47
44 50
44 51
44 53
44 54
44 57
44 58
44 65
44 69
44 98
45 48
45 49
45 52
45 60
45 61
45 66
45 67
45 73
45 79
45 81
45 82
45 83
45 90
45 91
45 127
45 152
45 162
45 208
45 234
45 266
45 412
46 47
46 50
46 51
46 53
46 54
46 57
46 58
46 65
46 69
46 80
47 50
47 51
47 53
47 54
47 57
47 58
47 69
47 80
48 59
48 83
48 96
48 102
48 109
48 112
48 121
48 126
48 135
48 138
48 140
48 149
48 151
48 152
48 160
48 162
48 208
48 251
48 266
48 270
48 290
48 382
48 390
48 430
48 431
48 432
48 439
48 540
48 646
48 654
49 67
49 75
49 83
49 108
49 112
49 141
49 143
49 176
49 216
49 233
49 254
49 271
49 425
50 51
50 53
50 54
50 57
50 58
50 69
50 80
51 54
51 57
51 58
51 69
51 80
52 60
52 61
52 66
52 67
52 73
52 79
52 81
52 82
52 85
52 86
52 88
52 89
52 90
52 91
52 127
52 153
52 212
53 57
53 65
53 69
53 80
53 98
54 57
54 58
54 65
54 69
54 98
55 104
55 114
55 137
55 150
55 160
55 181
55 192
55 210
55 223
55 224
55 246
55 260
55 262
55 265
55 283
55 311
55 324
55 416
55 462
55 510
55 523
55 533
55 588
55 589
56 84
56 87
56 95
56 97
56 116
56 124
56 140
56 214
56 230
56 263
56 289
56 299
56 353
56 361
56 362
56 522
57 58
57 80
58 65
58 69
58 80
58 98
59 77
59 96
59 113
59 120
59 121
59 122
59 135
59 138
59 140
59 146
59 149
59 151
59 160
59 171
59 172
59 193
59 209
59 247
59 264
59 266
59 291
59 322
59 390
59 480
59 481
59 612
60 61
60 66
60 73
60 79
60 81
60 82
60 85
60 86
60 88
60 89
60 90
60 91
60 127
60 212
60 314
61 66
61 67
61 73
61 79
61 81
61 82
61 85
61 86
61 88
61 89
61 90
61 91
61 127
62 70
62 71
62 74
62 76
62 425
63 128
63 131
63 177
63 255
63 545
63 711
64 78
64 130
64 134
64 189
64 274
64 280
64 317
64 318
64 342
64 365
64 370
64 381
64 405
64 410
64 415
64 448
64 461
64 468
64 471
64 494
64 501
64 507
64 579
64 582
64 671
64 673
64 788
64 789
64 790
64 952
64 962
65 69
66 67
66 73
66 79
66 81
66 82
66 85
66 86
66 88
66 89
66 90
66 91
66 127
66 153
67 73
67 79
67 81
67 82
67 83
67 85
67 88
67 89
67 90
67 116
67 288
68 96
68 98
68 102
68 112
68 118
68 121
68 123
68 124
68 144
68 149
68 175
68 186
68 198
68 217
68 218
68 235
68 256
68 257
68 273
68 300
68 332
68 445
68 488
68 489
68 490
68 530
69 98
69 112
70 71
70 76
70 298
71 74
71 76
72 105
72 134
72 178
72 197
72 398
72 466
72 584
72 672
72 954
73 79
73 81
73 82
73 85
73 86
73 88
73 89
73 90
73 91
73 116
73 127
73 176
74 76
75 107
75 141
75 143
75 170
75 216
75 254
75 324
75 393
75 443
75 485
75 565
76 298
77 87
77 120
77 121
77 122
77 125
77 138
77 146
77 156
77 161
77 172
77 193
77 222
77 229
77 293
77 356
77 387
77 478
77 486
77 535
77 536
77 612
77 617
77 695
77 980
78 111
78 189
78 334
78 575
78 579
78 624
79 81
79 82
79 83
79 85
79 86
79 88
79 89
79 91
79 127
79 153
81 82
81 85
81 86
81 88
81 89
81 90
81 91
81 127
81 153
81 212
82 90
82 91
82 98
82 112
82 116
82 127
83 85
83 96
83 109
83 152
83 162
83 208
83 255
84 97
84 124
84 140
84 214
84 232
84 299
84 361
84 362
84 684
85 86
85 89
85 90
85 91
85 227
86 88
86 89
86 91
86 153
86 227
86 314
87 113
87 124
87 135
87 139
87 140
87 145
87 151
87 171
87 172
87 193
87 196
87 214
87 232
87 247
87 250
87 264
87 290
87 291
87 322
87 360
87 446
87 735
88 89
88 90
88 91
88 108
88 227
89 90
89 91
89 153
89 227
90 91
90 127
90 153
91 127
91 153
91 212
92 108
92 194
92 252
92 314
92 316
92 374
92 574
93 94
93 110
93 129
93 133
93 148
93 154
93 164
93 166
93 220
93 221
93 239
93 258
93 304
93 365
93 366
94 110
94 129
94 133
94 148
94 164
94 166
95 165
95 178
95 191
95 197
95 230
95 251
95 263
95 289
95 329
95 353
95 707
96 102
96 109
96 113
96 121
96 135
96 139
96 149
96 151
96 152
96 162
96 171
96 193
96 208
96 247
96 261
96 264
96 266
96 351
96 388
96 445
97 108
97 112
97 115
97 116
97 124
97 140
97 176
97 214
97 232
97 299
97 361
97 362
97 446
97 969
98 198
98 273
98 488
98 489
98 490
98 902
99 134
99 259
99 265
99 275
99 281
99 309
99 372
99 399
99 409
99 457
99 566
99 578
99 645
99 667
99 716
99 755
99 762
100 118
100 130
100 184
100 189
100 317
100 319
100 327
100 340
100 342
100 344
100 405
100 551
100 587
100 804
100 815
101 159
101 182
101 315
101 328
101 346
101 378
101 379
101 450
101 463
101 538
101 651
102 112
102 118
102 121
102 122
102 123
102 135
102 139
102 145
102 149
102 172
102 175
102 186
102 231
102 351
102 376
102 387
102 411
102 441
102 445
102 678
102 876
103 147
103 179
103 392
103 629
104 106
104 137
104 150
104 158
104 160
104 180
104 181
104 224
104 246
104 262
104 347
104 459
104 460
105 111
105 165
105 178
105 192
105 197
105 329
105 398
105 409
105 413
105 422
105 456
105 866
105 983
106 126
106 158
106 168
106 169
106 180
106 190
106 203
106 204
106 205
106 459
106 460
106 732
106 757
107 128
107 131
107 195
107 229
107 313
108 112
108 115
108 116
108 187
108 272
108 316
108 374
108 595
109 121
109 149
109 152
109 162
109 208
109 266
109 326
109 439
109 540
109 563
109 610
110 129
110 133
110 138
110 154
110 239
110 293
110 486
111 134
111 201
111 265
111 307
111 372
111 408
111 639
111 698
111 749
111 844
111 887
111 888
112 118
112 145
112 172
112 175
112 176
112 217
112 231
112 270
113 125
113 145
113 151
113 160
113 171
113 196
113 247
113 250
113 253
113 277
113 290
113 305
113 322
113 355
113 511
113 577
113 590
113 646
113 899
114 228
114 354
114 565
115 116
115 269
116 176
116 232
116 269
117 133
117 831
118 123
118 144
118 186
118 218
118 256
118 274
118 282
118 312
118 348
118 377
118 400
118 402
118 548
119 166
119 207
119 549
119 550
119 561
120 125
120 132
120 135
120 138
120 146
120 172
120 193
120 229
120 293
120 442
120 481
120 536
120 596
120 612
121 149
121 152
121 160
121 162
121 163
121 209
121 358
121 705
121 814
121 975
122 135
122 146
122 250
122 331
122 438
122 487
122 682
123 144
123 186
123 217
123 218
123 235
123 236
123 256
123 282
123 300
123 310
123 312
123 332
123 377
123 530
124 140
124 152
124 160
124 162
124 163
124 196
124 214
124 232
124 267
124 296
124 299
124 361
124 362
125 135
125 151
125 171
125 193
125 209
125 222
125 305
125 367
125 387
125 444
125 536
125 552
125 620
125 740
125 745
125 855
125 970
126 158
126 168
126 169
126 180
126 190
126 204
126 205
126 270
126 345
126 382
126 430
126 431
126 432
126 654
128 176
128 195
128 570
128 634
129 133
129 148
129 154
129 164
129 220
129 244
129 279
129 304
129 366
130 184
130 189
130 274
130 317
130 318
130 319
130 327
130 342
130 344
130 370
130 405
130 423
130 461
130 494
130 501
130 582
130 587
131 195
131 200
131 395
132 275
132 292
132 442
132 836
133 154
133 239
134 161
134 167
134 188
134 201
134 259
134 281
134 369
134 410
134 422
134 423
134 455
134 578
134 805
134 878
134 880
135 145
135 151
135 156
135 160
135 196
135 209
135 247
135 264
135 291
135 906
136 251
136 324
136 354
136 462
136 533
136 589
136 631
136 810
137 150
137 160
137 181
137 223
137 224
137 246
137 260
137 262
137 283
137 311
137 347
137 355
137 417
137 451
137 588
138 146
138 172
138 229
138 293
139 140
139 145
139 171
139 172
139 196
139 250
139 360
139 387
139 388
139 441
139 442
139 537
139 679
140 214
140 232
140 299
140 360
140 361
140 362
140 446
140 990
141 143
141 216
141 233
141 254
141 270
142 216
142 328
142 482
142 835
143 216
143 233
143 234
143 254
143 544
143 622
143 685
143 708
144 217
144 218
144 235
144 236
144 256
144 257
144 274
144 300
144 312
144 332
144 377
145 160
145 171
145 172
145 196
145 231
145 243
145 247
145 250
145 564
146 184
146 225
146 226
146 229
146 344
146 350
147 157
147 173
147 179
147 211
147 497
148 154
148 164
148 166
148 258
148 793
149 172
149 359
149 439
149 610
149 867
150 160
150 181
150 223
150 224
150 246
150 260
150 268
150 283
150 311
150 347
150 451
150 680
150 920
151 171
151 193
151 209
151 264
151 322
151 438
151 534
151 541
151 730
152 162
152 163
152 208
152 266
152 267
152 296
152 326
152 331
152 357
153 212
154 220
154 244
154 279
154 365
154 508
155 173
155 241
156 161
156 193
156 201
156 222
156 278
156 306
156 429
156 472
156 569
156 597
156 661
156 662
156 754
156 779
156 781
156 917
157 211
157 241
158 168
158 169
158 180
158 190
158 203
158 204
158 205
158 345
159 182
159 315
159 346
159 378
159 379
159 450
159 463
159 651
160 181
160 260
160 347
160 390
161 167
161 177
161 188
161 278
161 284
161 367
161 373
161 376
161 411
161 449
161 626
161 664
161 672
161 772
161 775
161 882
162 163
162 208
162 266
162 267
162 296
162 326
162 331
162 357
163 267
163 295
163 296
163 331
163 357
163 358
164 166
164 220
164 221
164 239
164 244
164 279
164 368
164 508
165 178
165 242
165 337
165 995
166 221
166 239
166 244
166 279
166 368
167 251
167 376
167 411
167 419
167 664
167 771
167 772
167 795
167 841
167 931
167 932
167 933
167 939
168 169
168 180
168 190
168 203
168 204
168 345
169 180
169 190
169 203
169 204
169 205
169 345
169 732
170 228
170 321
170 565
171 196
171 250
171 264
171 322
171 351
171 355
171 387
172 196
172 524
172 609
173 211
173 276
174 234
174 243
174 696
174 697
175 186
175 198
175 256
175 273
175 332
175 437
175 445
175 821
175 908
176 255
176 634
176 911
177 411
178 242
178 337
178 398
178 466
178 571
179 392
179 497
180 190
180 204
180 205
180 345
181 223
181 224
181 246
181 260
181 262
181 283
181 311
181 347
181 417
181 451
182 245
182 315
182 820
183 330
183 733
184 225
184 226
184 229
184 350
184 461
185 292
185 326
186 218
186 256
186 282
186 312
186 445
186 530
187 250
187 481
187 701
188 238
188 372
188 396
188 449
188 496
188 568
188 572
188 607
188 660
188 737
188 861
188 896
189 317
189 381
189 423
189 516
189 686
190 203
190 204
190 205
191 230
191 295
191 329
191 353
191 567
191 574
191 597
191 783
192 201
192 265
192 340
192 410
192 416
192 500
192 533
192 657
192 763
192 764
193 209
193 264
193 536
193 873
194 315
195 313
196 231
196 290
196 291
196 388
196 389
197 329
197 413
197 613
198 273
198 386
198 477
198 488
198 489
198 490
198 506
198 507
198 525
198 604
198 802
198 824
198 825
199 333
199 628
199 840
200 395
200 736
200 739
200 743
200 787
200 794
201 222
201 265
201 278
201 306
201 364
201 409
201 429
201 449
201 456
201 472
201 812
201 838
202 243
202 286
202 308
202 675
202 776
203 204
203 205
203 345
204 205
206 237
206 301
206 380
206 420
206 426
206 427
206 741
206 777
207 237
207 380
207 420
207 426
207 427
207 549
207 666
208 266
208 540
209 247
209 264
209 291
209 355
210 243
210 305
210 306
210 352
210 421
210 429
210 472
210 668
210 681
210 801
210 833
210 834
210 946
210 947
211 241
212 314
213 240
213 543
213 607
213 669
213 782
214 232
214 299
214 360
214 361
214 362
214 446
215 271
215 801
216 233
216 234
216 254
217 218
217 235
217 236
217 256
217 257
217 300
218 256
218 257
218 312
218 332
218 400
218 402
218 710
219 240
220 221
220 244
220 279
220 368
220 495
221 244
221 279
221 368
221 508
222 277
222 278
222 279
222 305
222 306
222 338
222 404
222 717
222 718
222 841
223 224
223 246
223 260
223 283
223 417
224 246
224 283
224 311
224 347
224 451
225 226
225 350
226 350
228 324
228 354
229 293
229 534
230 263
230 289
230 353
230 522
231 509
232 299
232 361
232 362
233 254
233 916
234 254
235 236
235 300
235 332
235 600
236 300
237 301
237 380
237 420
237 426
237 427
238 341
238 553
238 636
238 637
238 863
239 368
240 275
240 394
240 422
241 942
242 467
242 519
242 571
243 308
243 564
243 722
244 279
244 304
244 366
245 418
246 260
246 262
246 283
246 311
246 417
247 290
247 620
248 253
248 383
248 384
248 414
248 433
248 646
248 676
249 261
249 284
249 351
249 373
249 375
249 554
249 583
249 594
249 766
249 837
249 968
250 268
250 290
250 360
251 864
251 865
252 473
252 520
252 606
252 648
252 649
253 277
253 384
253 511
253 577
253 585
253 590
253 676
253 784
253 892
253 988
255 524
255 545
256 332
256 710
257 300
257 332
257 428
259 265
259 281
259 309
259 372
259 410
259 936
259 956
260 283
260 347
260 451
261 375
261 554
261 555
261 594
261 813
261 872
261 901
261 914
262 347
262 465
262 518
263 289
263 353
263 522
264 291
264 438
264 745
265 281
265 399
265 416
265 533
265 764
267 296
267 331
267 357
267 617
267 986
268 389
268 680
268 692
268 836
269 904
270 338
270 382
270 430
270 431
270 665
272 653
273 386
273 477
273 488
273 489
273 490
273 824
273 825
273 979
274 335
274 336
274 400
274 401
274 402
274 491
274 548
275 394
275 422
275 493
277 305
277 419
277 577
277 585
277 590
277 670
277 784
277 950
277 959
278 306
278 429
278 472
278 569
278 661
278 662
278 663
278 768
279 366
279 961
280 340
280 998
281 399
282 310
282 312
282 377
282 401
283 311
284 375
284 555
284 569
284 583
284 594
284 663
284 674
284 742
284 767
285 721
285 847
285 912
286 308
286 381
287 385
287 386
287 474
287 477
287 506
287 507
287 525
287 532
287 604
287 611
287 802
288 510
288 597
288 721
289 353
289 522
290 441
291 453
292 326
293 486
294 601
295 567
296 331
296 357
297 444
297 453
297 517
297 537
297 687
299 361
299 362
299 446
300 332
301 380
301 420
301 426
301 427
301 666
302 396
302 447
303 349
303 397
304 365
304 366
304 630
304 723
305 367
305 552
305 633
305 740
305 883
305 991
306 364
306 429
306 472
306 595
306 806
307 514
307 749
307 844
309 457
309 566
309 645
309 667
309 756
310 312
310 335
310 591
310 592
310 593
311 417
312 377
313 846
314 556
315 748
317 319
317 327
317 405
318 371
318 381
318 501
318 815
319 327
319 381
319 405
319 689
319 973
320 383
320 384
320 414
320 433
321 693
323 698
323 828
323 829
324 462
324 688
325 500
325 703
325 724
325 763
325 858
325 941
326 484
327 405
327 423
327 542
327 689
328 538
329 372
329 707
330 728
330 871
334 575
334 972
335 336
335 400
335 401
335 402
335 491
336 401
336 402
336 796
337 466
337 467
337 519
338 434
338 435
338 436
338 454
338 528
338 670
338 729
339 842
339 843
339 996
340 807
341 348
341 476
341 553
341 636
341 637
342 370
342 699
343 512
343 596
343 643
344 461
346 378
346 379
346 463
346 949
348 601
349 373
349 397
349 605
349 774
349 798
351 376
351 387
351 694
352 421
352 498
352 499
352 559
352 560
352 647
352 681
352 978
353 613
354 589
354 688
355 678
356 470
356 541
359 623
359 709
360 441
360 442
360 446
360 706
361 362
364 458
364 502
364 503
364 504
364 505
364 719
364 992
365 366
365 542
365 895
366 630
367 419
367 449
367 552
367 666
367 948
369 455
369 578
369 780
369 940
370 416
371 644
371 885
371 909
372 409
372 562
373 773
373 774
373 798
373 934
375 419
375 554
375 555
375 594
375 741
376 411
376 580
376 727
376 791
378 379
380 420
380 426
380 427
381 587
382 430
382 431
382 432
383 384
383 414
384 433
385 386
385 474
385 475
385 532
385 796
385 955
386 474
386 475
386 532
386 611
387 694
388 441
388 565
388 868
389 438
389 481
389 692
389 701
391 487
393 443
393 650
394 543
396 447
397 605
399 457
399 716
399 762
400 401
400 402
400 491
401 402
401 491
402 491
403 736
403 739
403 743
403 787
403 794
404 407
404 434
404 435
404 436
404 454
404 528
405 804
405 997
406 520
406 521
406 546
406 603
406 635
407 665
407 857
408 456
408 720
409 415
409 543
409 870
410 456
410 492
410 632
411 580
411 791
412 564
412 675
412 691
412 913
413 690
413 960
414 433
415 496
415 924
416 631
416 786
416 856
417 588
419 695
419 726
419 964
420 426
420 427
421 558
421 559
421 598
421 681
421 744
422 515
422 572
423 461
424 425
428 811
429 472
429 781
430 431
430 432
431 432
432 818
434 435
434 436
434 526
434 527
435 436
435 526
435 527
436 526
436 527
437 529
437 608
438 541
439 610
440 479
440 614
440 616
440 826
440 827
441 442
443 485
444 621
444 707
446 706
448 700
448 789
449 547
449 625
449 725
452 562
452 746
452 747
452 905
453 752
454 526
454 527
454 665
455 780
456 492
457 645
458 502
458 503
458 504
458 505
458 874
459 460
462 688
462 862
462 869
464 733
465 518
467 519
468 520
468 521
468 546
468 603
468 712
469 641
469 943
473 606
473 649
474 475
474 532
474 611
475 477
475 532
475 611
476 923
477 785
477 951
479 557
480 539
480 615
481 701
482 543
483 598
485 650
486 971
488 489
488 490
489 490
494 551
494 758
494 881
496 893
498 559
498 560
498 647
498 903
500 724
502 503
502 504
502 505
503 504
503 505
504 505
506 765
506 929
506 930
507 633
507 937
509 803
511 577
511 585
511 590
513 563
515 753
516 595
516 783
517 687
517 808
517 848
517 918
518 854
520 521
520 603
521 603
521 635
523 599
523 966
523 976
525 604
525 817
525 957
526 528
527 528
529 608
529 642
531 537
531 927
534 717
534 730
539 615
542 619
542 704
543 819
544 622
544 685
544 708
545 823
546 624
546 712
547 795
549 550
551 686
551 891
552 614
553 636
553 637
554 555
557 614
557 642
558 744
558 859
558 860
559 560
560 647
561 581
562 746
562 747
566 755
566 756
568 660
568 737
569 915
570 634
570 849
570 938
571 596
573 602
573 667
573 738
576 626
576 658
576 734
580 898
583 674
583 742
584 769
584 770
585 958
587 689
591 592
591 593
592 593
595 963
597 965
599 760
599 910
602 738
604 817
607 819
608 850
609 679
609 822
614 642
615 982
616 668
617 984
619 704
620 900
621 656
622 708
623 709
624 712
624 839
625 713
625 714
625 715
626 953
629 993
629 994
630 723
632 639
633 768
638 718
638 750
638 875
648 649
653 922
655 925
656 731
656 926
658 734
659 660
659 751
661 662
663 894
668 722
669 782
670 761
674 797
675 697
677 775
677 935
680 907
683 759
683 921
683 967
687 808
700 830
700 981
702 792
702 831
713 714
713 715
714 715
717 799
719 806
719 999
726 727
728 852
729 845
735 879
750 759
758 919
760 761
766 767
769 770
773 897
777 778
778 842
779 944
785 851
786 816
788 884
797 890
799 800
812 974
826 827
828 829
830 928
833 834
837 987
838 989
843 945
