0 1
0 2
0 3
0 4
0 5
0 6
0 7
0 8
0 9
0 10
0 12
0 13
0 14
0 15
0 16
0 17
0 18
0 19
0 21
0 22
0 26
0 27
0 28
0 29
0 30
0 32
0 33
0 34
0 35
0 38
0 39
0 41
0 42
0 44
0 45
0 48
0 49
0 50
0 51
0 52
0 53
0 55
0 56
0 59
0 60
0 61
0 62
0 63
0 64
0 65
0 66
0 67
0 68
0 69
0 70
0 71
0 72
0 74
0 75
0 76
0 77
0 78
0 79
0 80
0 81
0 82
0 83
0 84
0 85
0 86
0 87
0 88
0 89
0 90
0 91
0 92
0 93
0 94
0 95
0 96
0 97
0 98
0 99
0 100
0 101
0 102
0 103
0 104
0 105
0 106
0 107
0 108
0 109
0 110
0 111
0 112
0 113
0 114
0 115
0 116
0 117
0 118
0 119
0 120
0 121
0 122
0 123
0 125
0 126
0 127
0 128
0 129
0 131
0 132
0 133
0 134
0 136
0 139
0 145
0 148
0 149
0 151
0 152
0 153
0 154
0 155
0 157
0 158
0 159
0 161
0 162
0 163
0 165
0 166
0 167
0 169
0 170
0 171
0 172
0 173
0 174
0 175
0 176
0 177
0 178
0 179
0 180
0 181
0 182
0 183
0 184
0 185
0 186
0 187
0 188
0 189
0 190
0 191
0 192
0 193
0 194
0 195
0 196
0 197
0 198
0 199
0 200
0 201
0 202
0 203
0 204
0 205
0 206
0 207
0 208
0 209
0 210
0 211
0 212
0 213
0 214
0 215
0 216
0 217
0 218
0 219
0 220
0 221
0 222
0 223
0 224
0 225
0 226
0 227
0 228
0 229
0 230
0 231
0 232
0 233
0 234
0 235
0 236
0 237
0 238
0 239
0 240
0 241
0 242
0 243
0 244
0 245
0 246
0 247
0 248
0 249
0 250
0 251
0 252
0 253
0 254
0 255
0 256
0 257
0 258
0 259
0 260
0 261
0 262
0 263
0 264
0 265
0 266
0 267
0 268
0 269
0 270
0 272
0 273
0 274
0 275
0 278
0 279
0 280
0 281
0 282
0 283
0 284
0 285
0 286
0 287
0 288
0 289
0 290
0 291
0 292
0 293
0 294
0 295
0 296
0 297
0 298
0 299
0 300
0 301
0 302
0 303
0 304
0 305
0 306
0 307
0 308
0 309
0 310
0 311
0 312
0 313
0 314
0 315
0 316
0 317
0 318
0 319
0 320
0 321
0 322
0 323
0 324
0 325
0 326
0 327
0 328
0 329
0 330
0 331
0 332
0 333
0 334
0 335
0 336
0 337
0 338
0 339
0 340
0 341
0 342
0 343
0 344
0 345
0 346
0 347
0 348
0 349
0 350
0 351
0 352
0 353
0 354
0 355
0 356
0 357
0 358
0 359
0 360
0 361
0 362
0 363
0 364
0 365
0 366
0 367
0 368
0 369
0 370
0 371
0 372
0 373
0 374
0 375
0 376
0 377
0 378
0 379
0 380
0 381
0 382
0 383
0 384
0 385
0 386
0 387
0 388
0 389
0 390
0 391
0 392
0 393
0 394
0 395
0 396
0 397
0 398
0 399
0 400
0 401
0 402
0 403
0 404
0 405
0 406
0 407
0 408
0 409
0 410
0 411
0 412
0 413
0 414
0 415
0 416
0 417
0 418
0 419
0 420
0 421
0 422
0 423
0 424
0 425
0 426
0 427
0 428
0 429
0 430
0 431
0 432
0 433
0 434
0 435
0 436
0 437
0 438
0 439
0 440
0 441
0 442
0 443
0 445
0 446
0 447
0 448
0 449
0 450
0 451
0 452
0 453
0 454
0 455
0 456
0 457
0 458
0 459
0 460
0 461
0 462
0 463
0 464
0 465
0 466
0 467
0 468
0 469
0 470
0 471
0 472
0 473
0 474
0 475
0 476
0 477
0 478
0 479
0 480
0 481
0 482
0 483
0 484
0 485
0 486
0 487
0 488
0 489
0 490
0 491
0 492
0 493
0 494
0 495
0 496
0 497
0 498
0 499
0 500
0 501
0 502
0 503
0 504
0 505
0 506
0 507
0 508
0 509
0 510
0 511
0 512
0 513
0 515
0 516
0 517
0 518
0 519
0 520
0 521
0 522
0 523
0 524
0 525
0 526
0 527
0 528
0 529
0 530
0 531
0 532
0 533
0 534
0 535
0 536
0 537
0 538
0 539
0 540
0 542
0 543
0 544
0 545
0 546
0 547
0 548
0 549
0 550
0 551
0 552
0 553
0 554
0 555
0 556
0 557
0 558
0 559
0 560
0 561
0 562
0 563
0 564
0 565
0 566
0 567
0 568
0 569
0 570
0 571
0 572
0 573
0 574
0 575
0 576
0 577
0 578
0 579
0 580
0 581
0 582
0 584
0 585
0 586
0 587
0 588
0 589
0 590
0 591
0 592
0 593
0 594
0 595
0 596
0 597
0 598
0 599
0 600
0 601
0 602
0 603
0 604
0 605
0 606
0 607
0 608
0 609
0 610
0 611
0 612
0 613
0 614
0 615
0 616
0 617
0 618
0 619
0 620
0 621
0 622
0 623
0 624
0 625
0 626
0 627
0 628
0 629
0 630
0 631
0 632
0 633
0 634
0 635
0 636
0 637
0 638
0 639
0 640
0 641
0 642
0 643
0 644
0 645
0 646
0 647
0 648
0 649
0 650
0 651
0 652
0 653
0 654
0 655
0 656
0 657
0 658
0 659
0 660
0 661
0 662
0 663
0 664
0 665
0 666
0 667
0 668
0 669
0 670
0 671
0 672
0 673
0 674
0 675
0 676
0 677
0 678
0 679
0 680
0 681
0 682
0 683
0 684
0 685
0 686
0 687
0 688
0 689
0 690
0 691
0 692
0 693
0 694
0 695
0 696
0 697
0 698
0 699
0 700
0 701
0 702
0 703
0 704
0 705
0 706
0 707
0 708
0 709
0 710
0 711
0 712
0 713
0 714
0 715
0 716
0 717
0 718
0 719
0 720
0 721
0 722
0 723
0 724
0 725
0 726
0 727
0 728
0 729
0 730
0 731
0 732
0 733
0 734
0 735
0 736
0 737
0 738
0 739
0 740
0 741
0 742
0 743
0 744
0 745
0 746
0 747
0 748
0 749
0 750
0 751
0 752
0 753
0 754
0 755
0 756
0 757
0 758
0 759
0 760
0 761
0 762
0 763
0 764
0 765
0 766
0 767
0 768
0 769
0 770
0 771
0 772
0 773
0 774
0 775
0 776
0 777
0 778
0 779
0 780
0 781
0 782
0 783
0 784
0 785
0 786
0 787
0 788
0 789
0 790
0 791
0 792
0 793
0 794
0 795
0 796
0 797
0 798
0 799
0 800
0 801
0 802
0 803
0 804
0 805
0 806
0 807
0 808
0 809
0 810
0 811
0 812
0 813
0 814
0 815
0 816
0 817
0 818
0 819
0 820
0 821
0 822
0 823
0 824
0 825
0 826
0 827
0 828
0 829
0 830
0 831
0 832
0 833
0 834
0 835
0 836
0 837
0 838
0 839
0 840
0 841
0 842
0 843
0 844
0 845
0 846
0 848
0 849
0 850
0 851
0 852
0 853
0 854
0 855
0 856
0 857
0 858
0 859
0 860
0 861
0 862
0 863
0 864
0 865
0 866
0 867
0 868
0 869
0 870
0 871
0 872
0 873
0 874
0 875
0 876
0 877
0 878
0 879
0 880
0 881
0 882
0 883
0 884
0 885
0 886
0 887
0 888
0 889
0 890
0 891
0 892
0 893
0 894
0 895
0 896
0 897
0 898
0 899
0 900
0 901
0 902
0 903
0 904
0 905
0 906
0 907
0 908
0 909
0 910
0 911
0 912
0 915
0 916
0 917
0 918
0 919
0 920
0 921
0 922
0 923
0 924
0 926
0 927
0 928
0 929
0 930
0 931
0 932
0 933
0 934
0 935
0 936
0 937
0 938
0 939
0 940
0 941
0 942
0 943
0 944
0 945
0 946
0 947
0 948
0 949
0 950
0 951
0 952
0 953
0 954
0 955
0 956
0 957
0 958
0 959
0 960
0 961
0 962
0 963
0 964
0 965
0 966
0 967
0 968
0 969
0 970
0 971
0 972
0 973
0 974
0 975
0 978
0 979
0 981
0 982
0 983
0 984
0 986
0 987
0 988
0 990
0 991
0 992
0 993
1 2
1 3
1 4
1 5
1 6
1 7
1 8
1 9
1 10
1 12
1 14
1 15
1 16
1 17
1 19
1 21
1 22
1 27
1 28
1 30
1 32
1 34
1 35
1 38
1 39
1 41
1 42
1 44
1 45
1 49
1 51
1 52
1 53
1 54
1 55
1 56
1 59
1 61
1 62
1 63
1 64
1 66
1 67
1 68
1 69
1 70
1 71
1 72
1 75
1 76
1 77
1 78
1 79
1 80
1 81
1 82
1 83
1 84
1 85
1 86
1 87
1 88
1 89
1 90
1 91
1 92
1 93
1 94
1 95
1 96
1 97
1 98
1 99
1 100
1 101
1 102
1 103
1 104
1 105
1 106
1 107
1 108
1 109
1 110
1 111
1 112
1 113
1 114
1 115
1 116
1 117
1 118
1 119
1 120
1 121
1 123
1 125
1 126
1 127
1 128
1 129
1 133
1 134
1 136
1 148
1 149
1 151
1 152
1 153
1 154
1 155
1 157
1 158
1 159
1 161
1 162
1 163
1 169
1 170
1 171
1 172
1 173
1 174
1 175
1 176
1 177
1 178
1 179
1 180
1 181
1 182
1 183
1 184
1 185
1 186
1 187
1 188
1 189
1 190
1 191
1 192
1 193
1 194
1 195
1 196
1 197
1 198
1 199
1 200
1 201
1 202
1 203
1 204
1 205
1 206
1 207
1 208
1 209
1 225
1 226
1 227
1 228
1 229
1 230
1 231
1 232
1 233
1 234
1 235
1 236
1 237
1 239
1 240
1 241
1 242
1 243
1 244
1 245
1 246
1 247
1 248
1 249
1 250
1 251
1 252
1 253
1 254
1 255
1 256
1 257
1 258
1 259
1 260
1 272
1 273
1 274
1 275
1 278
1 279
1 280
1 281
1 282
1 283
1 284
1 285
1 286
1 287
1 288
1 289
1 290
1 291
1 292
1 293
1 294
1 295
1 296
1 297
1 298
1 299
1 300
1 301
1 302
1 303
1 304
1 305
1 306
1 307
1 308
1 309
1 310
1 311
1 312
1 313
1 314
1 315
1 316
1 317
1 318
1 319
1 320
1 321
1 322
1 323
1 324
1 325
1 326
1 327
1 328
1 329
1 330
1 331
1 332
1 333
1 334
1 335
1 336
1 337
1 338
1 339
1 340
1 341
1 342
1 343
1 344
1 345
1 346
1 347
1 348
1 349
1 350
1 351
1 352
1 353
1 354
1 355
1 356
1 357
1 358
1 359
1 360
1 361
1 362
1 363
1 364
1 365
1 366
1 367
1 368
1 369
1 370
1 371
1 372
1 373
1 374
1 375
1 376
1 377
1 378
1 379
1 380
1 381
1 382
1 383
1 384
1 385
1 386
1 387
1 388
1 390
1 391
1 392
1 393
1 394
1 395
1 396
1 397
1 398
1 399
1 400
1 401
1 402
1 403
1 404
1 405
1 406
1 407
1 408
1 409
1 410
1 411
1 413
1 414
1 415
1 416
1 417
1 418
1 419
1 420
1 421
1 423
1 424
1 425
1 426
1 428
1 429
1 433
1 434
1 435
1 436
1 437
1 439
1 440
1 441
1 442
1 443
1 446
1 447
1 448
1 449
1 450
1 451
1 452
1 453
1 454
1 455
1 456
1 457
1 459
1 460
1 461
1 462
1 463
1 464
1 465
1 466
1 467
1 468
1 469
1 470
1 471
1 472
1 473
1 474
1 475
1 476
1 477
1 478
1 479
1 480
1 481
1 482
1 483
1 484
1 485
1 486
1 487
1 488
1 489
1 490
1 491
1 492
1 493
1 494
1 495
1 496
1 497
1 498
1 499
1 500
1 501
1 502
1 503
1 504
1 505
1 506
1 507
1 508
1 509
1 510
1 511
1 512
1 513
1 514
1 515
1 516
1 517
1 518
1 519
1 520
1 522
1 523
1 524
1 526
1 528
1 529
1 531
1 533
1 534
1 535
1 536
1 537
1 538
1 539
1 540
1 541
1 542
1 543
1 544
1 545
1 546
1 547
1 549
1 551
1 552
1 553
1 554
1 555
1 556
1 557
1 558
1 559
1 560
1 561
1 562
1 563
1 564
1 565
1 567
1 569
1 570
1 571
1 572
1 574
1 575
1 576
1 578
1 579
1 580
1 581
1 582
1 584
1 586
1 587
1 589
1 590
1 591
1 592
1 593
1 594
1 595
1 596
1 597
1 599
1 600
1 601
1 602
1 603
1 604
1 605
1 607
1 608
1 610
1 611
1 612
1 613
1 614
1 615
1 616
1 617
1 618
1 619
1 620
1 623
1 624
1 625
1 626
1 627
1 628
1 631
1 632
1 633
1 634
1 635
1 636
1 637
1 639
1 640
1 641
1 642
1 643
1 644
1 645
1 646
1 647
1 648
1 652
1 653
1 654
1 655
1 656
1 657
1 658
1 659
1 660
1 662
1 664
1 665
1 666
1 667
1 668
1 669
1 670
1 671
1 672
1 673
1 674
1 675
1 676
1 677
1 678
1 679
1 680
1 681
1 682
1 683
1 684
1 685
1 686
1 687
1 688
1 689
1 690
1 691
1 692
1 693
1 694
1 695
1 696
1 697
1 698
1 699
1 700
1 701
1 702
1 703
1 704
1 705
1 707
1 708
1 709
1 710
1 711
1 712
1 713
1 714
1 716
1 717
1 718
1 719
1 720
1 721
1 722
1 723
1 728
1 731
1 732
1 733
1 735
1 736
1 738
1 740
1 745
1 746
1 747
1 748
1 749
1 750
1 751
1 754
1 756
1 759
1 760
1 761
1 763
1 765
1 766
1 767
1 768
1 772
1 774
1 775
1 776
1 777
1 778
1 779
1 780
1 781
1 782
1 783
1 787
1 788
1 789
1 790
1 791
1 792
1 793
1 794
1 796
1 797
1 798
1 799
1 800
1 801
1 802
1 803
1 804
1 805
1 806
1 807
1 808
1 809
1 810
1 811
1 812
1 813
1 814
1 815
1 816
1 817
1 818
1 819
1 820
1 821
1 822
1 823
1 824
1 825
1 826
1 827
1 828
1 829
1 830
1 831
1 835
1 836
1 837
1 838
1 839
1 840
1 841
1 842
1 843
1 844
1 845
1 846
1 850
1 851
1 852
1 853
1 854
1 855
1 856
1 857
1 858
1 859
1 860
1 861
1 862
1 863
1 864
1 865
1 866
1 867
1 868
1 869
1 870
1 871
1 872
1 873
1 874
1 875
1 876
1 877
1 879
1 880
1 881
1 882
1 883
1 884
1 885
1 886
1 887
1 888
1 889
1 890
1 891
1 892
1 893
1 894
1 895
1 896
1 897
1 898
1 899
1 901
1 903
1 904
1 905
1 906
1 907
1 908
1 909
1 910
1 911
1 913
1 914
1 915
1 916
1 918
1 920
1 923
1 926
1 929
1 931
1 932
1 933
1 946
1 948
1 949
1 950
1 954
1 957
1 958
1 960
1 964
1 969
1 970
1 971
1 974
1 978
1 982
2 3
2 5
2 6
2 8
2 10
2 27
2 30
2 33
2 38
2 39
2 42
2 44
2 49
2 51
2 52
2 53
2 55
2 56
2 61
2 62
2 63
2 67
2 71
2 72
2 77
2 78
2 79
2 80
2 81
2 82
2 83
2 84
2 85
2 86
2 87
2 88
2 89
2 90
2 91
2 92
2 93
2 94
2 95
2 96
2 97
2 98
2 99
2 100
2 101
2 102
2 103
2 104
2 105
2 106
2 107
2 108
2 109
2 110
2 111
2 112
2 113
2 114
2 115
2 116
2 117
2 118
2 119
2 120
2 121
2 123
2 125
2 126
2 127
2 128
2 129
2 131
2 133
2 134
2 136
2 148
2 151
2 152
2 153
2 155
2 157
2 158
2 159
2 161
2 162
2 260
2 272
2 273
2 274
2 278
2 279
2 280
2 281
2 282
2 283
2 363
2 365
2 366
2 367
2 368
2 369
2 371
2 373
2 374
2 376
2 377
2 378
2 379
2 380
2 381
2 382
2 383
2 385
2 386
2 387
2 390
2 391
2 392
2 393
2 394
2 395
2 397
2 398
2 399
2 400
2 401
2 403
2 405
2 415
2 419
2 420
2 425
2 428
2 434
2 443
2 452
2 453
2 473
2 475
2 479
2 483
2 492
2 501
2 503
2 511
2 513
2 539
2 540
2 542
2 543
2 545
2 553
2 556
2 557
2 559
2 563
2 564
2 565
2 569
2 570
2 571
2 572
2 576
2 580
2 587
2 590
2 591
2 592
2 594
2 595
2 597
2 599
2 602
2 604
2 607
2 610
2 611
2 612
2 613
2 614
2 615
2 616
2 617
2 618
2 619
2 620
2 623
2 624
2 625
2 626
2 627
2 631
2 632
2 633
2 636
2 637
2 639
2 640
2 641
2 642
2 643
2 644
2 645
2 646
2 647
2 648
2 652
2 653
2 654
2 655
2 656
2 657
2 658
2 660
2 662
2 666
2 669
2 670
2 671
2 672
2 674
2 675
2 676
2 677
2 679
2 680
2 681
2 682
2 685
2 686
2 687
2 688
2 690
2 691
2 695
2 696
2 697
2 699
2 700
2 701
2 704
2 705
2 707
2 709
2 710
2 711
2 713
2 714
2 717
2 718
2 719
2 720
2 721
2 722
2 723
2 728
2 740
2 745
2 748
2 756
2 759
2 760
2 761
2 763
2 765
2 766
2 772
2 774
2 775
2 776
2 777
2 778
2 781
2 782
2 783
2 787
2 789
2 791
2 793
2 797
2 798
2 799
2 800
2 801
2 802
2 803
2 804
2 805
2 808
2 810
2 811
2 812
2 815
2 816
2 818
2 819
2 820
2 821
2 822
2 824
2 825
2 828
2 837
2 838
2 839
2 840
2 843
2 844
2 845
2 846
2 850
2 853
2 854
2 857
2 858
2 859
2 860
2 862
2 863
2 864
2 865
2 867
2 869
2 870
2 871
2 872
2 873
2 879
2 881
2 882
2 883
2 884
2 887
2 888
2 891
2 892
2 901
2 904
2 906
2 907
2 911
2 915
2 916
2 918
2 920
2 923
2 926
2 929
2 931
2 932
2 933
2 946
2 947
2 948
2 952
2 954
2 957
2 958
2 964
3 4
3 5
3 6
3 10
3 15
3 16
3 17
3 23
3 39
3 42
3 51
3 61
3 64
3 68
3 69
3 70
3 71
3 74
3 76
3 77
3 78
3 79
3 80
3 81
3 82
3 83
3 84
3 85
3 86
3 87
3 88
3 89
3 90
3 91
3 92
3 93
3 94
3 95
3 96
3 97
3 98
3 99
3 100
3 101
3 102
3 103
3 104
3 105
3 106
3 107
3 108
3 113
3 114
3 115
3 116
3 117
3 118
3 119
3 120
3 121
3 125
3 127
3 128
3 129
3 136
3 148
3 151
3 154
3 155
3 157
3 158
3 159
3 169
3 170
3 171
3 172
3 173
3 174
3 175
3 176
3 177
3 178
3 179
3 180
3 181
3 182
3 183
3 184
3 185
3 186
3 187
3 188
3 189
3 190
3 191
3 192
3 193
3 194
3 195
3 196
3 197
3 198
3 199
3 200
3 201
3 202
3 203
3 204
3 205
3 206
3 207
3 208
3 209
3 225
3 226
3 227
3 228
3 229
3 230
3 231
3 232
3 233
3 234
3 235
3 236
3 237
3 239
3 240
3 241
3 242
3 243
3 244
3 245
3 246
3 247
3 248
3 249
3 250
3 251
3 252
3 253
3 254
3 255
3 256
3 257
3 258
3 260
3 285
3 286
3 287
3 288
3 289
3 290
3 291
3 292
3 293
3 294
3 296
3 297
3 298
3 299
3 300
3 301
3 302
3 303
3 304
3 305
3 306
3 307
3 308
3 309
3 312
3 315
3 317
3 319
3 320
3 321
3 322
3 324
3 325
3 330
3 333
3 334
3 336
3 339
3 340
3 341
3 342
3 343
3 344
3 345
3 346
3 347
3 348
3 349
3 350
3 351
3 352
3 353
3 354
3 355
3 356
3 357
3 358
3 359
3 360
3 361
3 362
3 363
3 364
3 379
3 381
3 382
3 383
3 384
3 385
3 386
3 387
3 390
3 391
3 392
3 393
3 394
3 395
3 397
3 398
3 399
3 400
3 401
3 402
3 403
3 404
3 405
3 406
3 407
3 408
3 410
3 411
3 413
3 415
3 416
3 419
3 420
3 421
3 424
3 425
3 428
3 429
3 433
3 434
3 435
3 436
3 437
3 439
3 440
3 441
3 442
3 446
3 447
3 448
3 449
3 450
3 451
3 452
3 453
3 454
3 455
3 456
3 457
3 459
3 460
3 461
3 462
3 463
3 466
3 467
3 468
3 469
3 473
3 474
3 475
3 476
3 479
3 480
3 482
3 483
3 484
3 485
3 487
3 490
3 491
3 492
3 493
3 495
3 496
3 497
3 499
3 500
3 501
3 502
3 503
3 505
3 507
3 508
3 511
3 512
3 513
3 515
3 516
3 518
3 519
3 520
3 522
3 524
3 526
3 528
3 529
3 531
3 535
3 539
3 540
3 542
3 543
3 544
3 545
3 546
3 547
3 548
3 549
3 550
3 551
3 552
3 553
3 554
3 555
3 556
3 558
3 559
3 560
3 561
3 562
3 563
3 564
3 565
3 566
3 567
3 568
3 569
3 570
3 573
3 574
3 575
3 576
3 577
3 578
3 579
3 580
3 581
3 582
3 584
3 586
3 588
3 589
3 591
3 592
3 593
3 594
3 595
3 596
3 597
3 598
3 600
3 601
3 602
3 603
3 604
3 605
3 606
3 607
3 608
3 609
3 610
3 611
3 612
3 613
3 614
3 615
3 616
3 617
3 618
3 619
3 620
3 623
3 624
3 625
3 626
3 627
3 631
3 632
3 633
3 637
3 639
3 640
3 641
3 642
3 643
3 644
3 645
3 646
3 647
3 648
3 652
3 653
3 654
3 655
3 656
3 657
3 658
3 660
3 662
3 667
3 668
3 670
3 672
3 675
3 677
3 678
3 679
3 681
3 682
3 683
3 685
3 686
3 694
3 695
3 698
3 699
3 700
3 701
3 702
3 705
3 708
3 709
3 711
3 712
3 713
3 714
3 716
3 718
3 720
3 723
3 824
3 825
3 828
3 837
3 838
3 839
3 840
3 843
3 844
3 845
3 846
3 854
3 857
3 858
3 860
3 862
3 863
3 864
3 865
3 869
3 870
3 871
3 872
3 879
3 881
3 882
3 884
3 949
3 950
3 960
3 969
3 970
3 971
4 5
4 7
4 11
4 15
4 16
4 17
4 18
4 20
4 21
4 22
4 24
4 25
4 29
4 33
4 34
4 37
4 39
4 42
4 43
4 48
4 60
4 61
4 64
4 66
4 68
4 69
4 70
4 71
4 72
4 73
4 76
4 77
4 78
4 79
4 80
4 81
4 82
4 83
4 84
4 85
4 86
4 87
4 88
4 89
4 90
4 91
4 92
4 93
4 94
4 95
4 96
4 97
4 98
4 99
4 100
4 101
4 102
4 103
4 104
4 105
4 106
4 107
4 108
4 113
4 114
4 115
4 116
4 117
4 118
4 119
4 120
4 121
4 125
4 135
4 136
4 138
4 147
4 148
4 151
4 154
4 155
4 157
4 158
4 159
4 168
4 169
4 170
4 171
4 172
4 173
4 174
4 175
4 176
4 177
4 178
4 179
4 180
4 181
4 182
4 183
4 184
4 185
4 186
4 187
4 188
4 189
4 190
4 191
4 192
4 193
4 194
4 195
4 196
4 197
4 198
4 199
4 200
4 201
4 202
4 203
4 204
4 205
4 206
4 207
4 208
4 209
4 225
4 226
4 227
4 228
4 229
4 230
4 231
4 232
4 233
4 234
4 235
4 236
4 237
4 239
4 240
4 241
4 242
4 243
4 244
4 245
4 246
4 247
4 248
4 249
4 250
4 251
4 252
4 253
4 254
4 255
4 256
4 257
4 258
4 259
4 260
4 271
4 284
4 285
4 286
4 287
4 288
4 289
4 290
4 291
4 292
4 293
4 294
4 296
4 298
4 299
4 300
4 301
4 302
4 303
4 304
4 305
4 306
4 307
4 308
4 309
4 310
4 311
4 312
4 313
4 314
4 315
4 316
4 317
4 318
4 319
4 320
4 321
4 322
4 323
4 324
4 325
4 326
4 327
4 328
4 329
4 330
4 331
4 332
4 333
4 334
4 335
4 336
4 337
4 338
4 339
4 340
4 341
4 342
4 343
4 344
4 345
4 346
4 347
4 348
4 349
4 350
4 352
4 353
4 354
4 355
4 356
4 357
4 358
4 359
4 361
4 362
4 363
4 364
4 365
4 366
4 367
4 368
4 369
4 370
4 371
4 372
4 373
4 374
4 375
4 376
4 377
4 378
4 379
4 380
4 381
4 382
4 383
4 385
4 386
4 387
4 390
4 391
4 392
4 393
4 394
4 395
4 397
4 398
4 399
4 400
4 401
4 402
4 404
4 406
4 407
4 408
4 410
4 411
4 413
4 416
4 421
4 424
4 425
4 429
4 433
4 434
4 435
4 436
4 437
4 439
4 440
4 441
4 442
4 446
4 447
4 448
4 449
4 450
4 451
4 454
4 455
4 456
4 457
4 459
4 460
4 461
4 462
4 463
4 466
4 467
4 468
4 469
4 471
4 473
4 474
4 475
4 476
4 477
4 479
4 480
4 482
4 483
4 484
4 485
4 486
4 487
4 490
4 491
4 492
4 493
4 495
4 496
4 497
4 499
4 500
4 501
4 502
4 503
4 505
4 507
4 508
4 511
4 512
4 513
4 514
4 515
4 516
4 518
4 519
4 520
4 522
4 524
4 526
4 528
4 529
4 531
4 535
4 539
4 540
4 542
4 543
4 544
4 545
4 546
4 547
4 549
4 551
4 552
4 553
4 554
4 555
4 556
4 559
4 560
4 561
4 562
4 563
4 564
4 565
4 567
4 569
4 570
4 574
4 575
4 576
4 578
4 579
4 580
4 581
4 582
4 584
4 586
4 589
4 591
4 592
4 593
4 594
4 595
4 596
4 597
4 600
4 601
4 602
4 603
4 604
4 605
4 607
4 608
4 610
4 611
4 612
4 613
4 614
4 615
4 616
4 617
4 618
4 619
4 620
4 623
4 624
4 625
4 626
4 627
4 631
4 632
4 633
4 637
4 639
4 640
4 641
4 642
4 643
4 644
4 645
4 646
4 647
4 648
4 652
4 653
4 654
4 655
4 656
4 657
4 658
4 660
4 662
4 665
4 666
4 667
4 668
4 669
4 670
4 672
4 674
4 675
4 677
4 678
4 679
4 680
4 681
4 682
4 683
4 685
4 686
4 691
4 694
4 695
4 696
4 698
4 699
4 700
4 701
4 702
4 704
4 705
4 708
4 709
4 711
4 712
4 713
4 714
4 716
4 717
4 718
4 720
4 723
4 848
4 849
4 913
4 914
4 925
5 6
5 7
5 8
5 9
5 10
5 14
5 15
5 16
5 17
5 18
5 21
5 22
5 27
5 28
5 29
5 30
5 32
5 33
5 37
5 38
5 39
5 41
5 42
5 43
5 44
5 45
5 49
5 50
5 51
5 52
5 53
5 55
5 56
5 59
5 61
5 62
5 63
5 64
5 65
5 66
5 67
5 68
5 69
5 70
5 72
5 73
5 74
5 108
5 109
5 110
5 111
5 112
5 113
5 114
5 115
5 116
5 117
5 118
5 119
5 120
5 121
5 122
5 123
5 125
5 126
5 127
5 128
5 129
5 132
5 135
5 152
5 153
5 161
5 260
5 272
5 273
5 274
5 278
5 279
5 280
5 281
5 282
5 283
5 363
5 365
5 366
5 367
5 368
5 369
5 371
5 373
5 374
5 376
5 377
5 378
5 379
5 380
5 381
5 382
5 383
5 385
5 386
5 387
5 390
5 391
5 392
5 393
5 394
5 395
5 397
5 398
5 399
5 400
5 401
5 403
5 405
5 415
5 419
5 420
5 428
5 443
5 452
5 453
5 539
5 540
5 542
5 543
5 545
5 553
5 556
5 557
5 559
5 563
5 564
5 565
5 569
5 570
5 571
5 572
5 576
5 580
5 587
5 590
5 591
5 592
5 594
5 595
5 597
5 599
5 602
5 604
5 607
5 610
5 611
5 612
5 613
5 614
5 615
5 616
5 617
5 618
5 619
5 620
5 623
5 624
5 625
5 626
5 627
5 631
5 632
5 633
5 636
5 637
5 639
5 640
5 641
5 642
5 643
5 644
5 645
5 646
5 647
5 648
5 652
5 653
5 654
5 655
5 656
5 657
5 658
5 660
5 662
5 666
5 669
5 670
5 671
5 672
5 674
5 675
5 676
5 677
5 679
5 680
5 681
5 682
5 685
5 686
5 687
5 688
5 690
5 691
5 695
5 696
5 697
5 699
5 700
5 701
5 704
5 705
5 707
5 709
5 710
5 711
5 713
5 714
5 717
5 718
5 719
5 720
5 721
5 722
5 723
5 728
5 740
5 745
5 748
5 756
5 759
5 760
5 761
5 763
5 765
5 766
5 772
5 774
5 775
5 776
5 777
5 778
5 781
5 782
5 783
5 787
5 791
5 793
5 797
5 798
5 800
5 802
5 803
5 804
5 805
5 810
5 811
5 812
5 815
5 816
5 818
5 819
5 820
5 821
5 824
5 825
5 828
5 837
5 838
5 839
5 840
5 843
5 844
5 845
5 846
5 854
5 857
5 858
5 860
5 862
5 863
5 864
5 865
5 869
5 870
5 871
5 872
5 879
5 881
5 882
5 884
5 887
5 888
5 891
5 892
5 901
5 904
5 906
5 907
5 911
5 926
5 933
5 946
5 948
5 964
6 10
6 39
6 42
6 51
6 61
6 71
6 72
6 77
6 78
6 79
6 80
6 81
6 82
6 83
6 84
6 85
6 86
6 87
6 88
6 89
6 90
6 91
6 92
6 93
6 94
6 95
6 96
6 97
6 98
6 99
6 100
6 101
6 102
6 103
6 104
6 105
6 106
6 107
6 108
6 113
6 114
6 115
6 116
6 117
6 118
6 119
6 120
6 121
6 125
6 127
6 128
6 129
6 136
6 148
6 151
6 152
6 155
6 157
6 158
6 159
6 225
6 226
6 227
6 228
6 229
6 230
6 231
6 232
6 233
6 234
6 235
6 236
6 237
6 239
6 240
6 241
6 242
6 243
6 244
6 245
6 246
6 247
6 248
6 249
6 250
6 251
6 252
6 253
6 254
6 255
6 256
6 257
6 258
6 260
6 284
6 310
6 311
6 313
6 314
6 316
6 318
6 323
6 326
6 327
6 328
6 329
6 331
6 332
6 335
6 337
6 338
6 340
6 341
6 345
6 347
6 352
6 353
6 358
6 363
6 364
6 365
6 366
6 367
6 368
6 369
6 370
6 371
6 372
6 373
6 374
6 375
6 376
6 377
6 378
6 379
6 380
6 381
6 382
6 383
6 385
6 386
6 387
6 390
6 391
6 392
6 393
6 394
6 395
6 397
6 398
6 399
6 400
6 401
6 402
6 403
6 404
6 405
6 406
6 407
6 408
6 410
6 411
6 413
6 415
6 416
6 419
6 420
6 421
6 424
6 428
6 429
6 433
6 435
6 436
6 437
6 439
6 440
6 441
6 442
6 446
6 447
6 448
6 449
6 450
6 451
6 452
6 453
6 454
6 455
6 456
6 457
6 460
6 484
6 497
6 505
6 524
6 539
6 540
6 542
6 543
6 544
6 545
6 546
6 553
6 556
6 559
6 563
6 564
6 565
6 569
6 570
6 575
6 576
6 578
6 580
6 584
6 586
6 591
6 592
6 593
6 594
6 595
6 596
6 597
6 600
6 602
6 603
6 604
6 607
6 610
6 611
6 612
6 613
6 614
6 615
6 616
6 617
6 618
6 619
6 620
6 623
6 624
6 625
6 626
6 627
6 631
6 632
6 633
6 637
6 639
6 640
6 641
6 642
6 643
6 644
6 645
6 646
6 647
6 648
6 652
6 653
6 654
6 655
6 656
6 657
6 658
6 660
6 662
6 667
6 668
6 670
6 672
6 675
6 677
6 678
6 679
6 681
6 682
6 683
6 685
6 686
6 694
6 695
6 698
6 699
6 700
6 701
6 702
6 705
6 708
6 709
6 711
6 712
6 713
6 714
6 716
6 718
6 720
6 723
6 837
6 838
6 839
6 840
6 846
6 985
6 989
7 10
7 15
7 16
7 17
7 18
7 20
7 21
7 22
7 29
7 38
7 48
7 56
7 60
7 64
7 66
7 68
7 69
7 70
7 71
7 76
7 77
7 78
7 79
7 80
7 81
7 82
7 83
7 84
7 85
7 86
7 87
7 88
7 89
7 90
7 91
7 92
7 93
7 94
7 95
7 96
7 97
7 98
7 99
7 100
7 101
7 102
7 103
7 104
7 105
7 106
7 107
7 122
7 136
7 148
7 151
7 154
7 155
7 157
7 158
7 159
7 169
7 170
7 171
7 172
7 173
7 174
7 175
7 176
7 177
7 178
7 179
7 180
7 181
7 182
7 183
7 184
7 185
7 186
7 187
7 188
7 189
7 190
7 191
7 192
7 193
7 194
7 195
7 196
7 197
7 198
7 199
7 200
7 201
7 202
7 203
7 204
7 205
7 206
7 207
7 208
7 209
7 259
7 285
7 286
7 287
7 288
7 289
7 290
7 291
7 292
7 293
7 294
7 296
7 298
7 299
7 300
7 301
7 302
7 303
7 304
7 305
7 306
7 307
7 308
7 309
7 312
7 315
7 317
7 319
7 320
7 321
7 322
7 324
7 325
7 330
7 333
7 334
7 336
7 339
7 342
7 343
7 344
7 346
7 348
7 349
7 350
7 354
7 355
7 356
7 357
7 359
7 361
7 362
7 425
7 434
7 443
7 459
7 461
7 462
7 463
7 466
7 467
7 468
7 469
7 473
7 474
7 475
7 476
7 479
7 480
7 482
7 483
7 485
7 487
7 490
7 491
7 492
7 493
7 495
7 496
7 499
7 500
7 501
7 502
7 503
7 507
7 508
7 511
7 512
7 513
7 515
7 516
7 518
7 519
7 520
7 522
7 526
7 528
7 529
7 531
7 535
7 547
7 549
7 551
7 552
7 554
7 555
7 560
7 561
7 562
7 567
7 574
7 579
7 581
7 582
7 589
7 601
7 605
7 608
7 665
7 666
7 669
7 674
7 680
7 691
7 696
7 704
7 707
7 717
7 719
7 798
7 811
7 848
8 14
8 26
8 27
8 30
8 39
8 71
8 77
8 78
8 79
8 80
8 81
8 82
8 83
8 84
8 85
8 86
8 87
8 88
8 89
8 90
8 91
8 92
8 93
8 94
8 95
8 96
8 97
8 98
8 99
8 100
8 101
8 102
8 103
8 104
8 105
8 106
8 107
8 136
8 148
8 151
8 155
8 157
8 158
8 159
8 225
8 226
8 227
8 228
8 229
8 230
8 231
8 232
8 233
8 234
8 235
8 236
8 237
8 239
8 240
8 241
8 242
8 243
8 244
8 245
8 246
8 247
8 248
8 249
8 250
8 251
8 252
8 253
8 254
8 255
8 256
8 257
8 258
8 409
8 414
8 417
8 418
8 423
8 426
8 994
8 995
8 996
8 997
8 998
9 10
9 14
9 20
9 50
9 52
9 53
9 65
9 69
9 71
9 77
9 78
9 79
9 80
9 81
9 82
9 83
9 84
9 85
9 86
9 87
9 88
9 89
9 90
9 91
9 92
9 93
9 94
9 95
9 96
9 97
9 98
9 99
9 100
9 101
9 102
9 103
9 104
9 105
9 106
9 107
9 109
9 110
9 111
9 112
9 122
9 126
9 132
9 136
9 148
9 150
9 151
9 155
9 157
9 158
9 159
9 166
9 167
9 210
9 211
9 212
9 213
9 214
9 215
9 216
9 217
9 218
9 219
9 220
9 221
9 222
9 223
9 224
9 238
9 403
9 405
9 415
9 419
9 420
9 428
9 452
9 453
9 463
9 464
9 465
9 467
9 470
9 472
9 474
9 478
9 480
9 481
9 482
9 485
9 488
9 489
9 491
9 493
9 494
9 499
9 500
9 504
9 506
9 507
9 509
9 510
9 571
9 572
9 587
9 671
9 676
9 687
9 688
9 690
9 697
9 710
9 721
9 722
9 746
9 795
9 886
9 889
9 890
9 899
9 908
9 909
9 910
10 12
10 28
10 35
10 51
10 55
10 56
10 127
10 128
10 129
10 150
10 259
10 312
10 315
10 317
10 319
10 320
10 321
10 322
10 324
10 325
10 330
10 333
10 334
10 336
10 471
10 477
10 486
10 634
10 665
10 765
10 772
10 774
10 776
10 778
10 782
10 824
10 825
10 828
10 831
10 837
10 838
10 839
10 840
10 843
10 844
10 845
10 846
10 854
10 857
10 858
10 860
10 862
10 863
10 864
10 865
10 866
10 869
10 870
10 871
10 872
10 879
10 881
10 882
10 884
11 12
11 37
11 38
11 58
11 68
11 168
11 476
11 490
11 495
11 508
11 517
11 523
11 533
11 534
11 536
11 537
11 538
11 628
11 635
11 659
11 731
11 733
11 735
11 736
11 747
11 749
11 750
11 751
11 754
11 761
11 763
11 766
11 775
11 781
11 783
11 789
11 799
11 801
11 808
11 822
11 974
11 978
11 982
12 14
12 16
12 44
12 62
12 63
12 68
12 69
12 169
12 170
12 171
12 172
12 173
12 174
12 175
12 176
12 177
12 178
12 179
12 180
12 181
12 182
12 183
12 184
12 185
12 186
12 187
12 188
12 189
12 190
12 191
12 192
12 193
12 194
12 195
12 196
12 197
12 198
12 199
12 200
12 201
12 202
12 203
12 204
12 205
12 206
12 207
12 208
12 209
12 312
12 315
12 317
12 319
12 320
12 321
12 322
12 324
12 325
12 330
12 333
12 334
12 336
12 403
12 405
12 415
12 419
12 420
12 428
12 452
12 453
12 463
12 464
12 465
12 467
12 470
12 472
12 474
12 476
12 478
12 480
12 481
12 482
12 485
12 488
12 489
12 490
12 491
12 493
12 494
12 495
12 499
12 500
12 504
12 506
12 507
12 508
12 509
12 510
12 521
12 525
12 527
12 530
12 532
12 585
12 759
12 765
12 772
12 774
12 776
12 778
12 782
13 71
13 994
13 995
13 996
13 997
13 998
14 27
14 29
14 30
14 31
14 34
14 46
14 47
14 52
14 53
14 57
14 67
14 71
14 77
14 78
14 79
14 80
14 81
14 82
14 83
14 84
14 85
14 86
14 87
14 88
14 89
14 90
14 91
14 92
14 93
14 94
14 95
14 96
14 97
14 98
14 99
14 100
14 101
14 102
14 103
14 104
14 105
14 106
14 107
14 109
14 110
14 111
14 112
14 126
14 136
14 148
14 151
14 155
14 157
14 158
14 159
14 160
14 161
14 272
14 273
14 274
14 278
14 279
14 280
14 281
14 282
14 283
14 498
14 543
14 571
14 572
14 587
14 636
14 671
14 676
14 687
14 688
14 690
14 697
14 710
14 721
14 722
14 746
14 797
14 802
14 804
14 815
14 819
14 820
14 850
14 853
14 859
14 867
14 873
14 883
15 16
15 17
15 39
15 42
15 61
15 71
15 76
15 77
15 78
15 79
15 80
15 81
15 82
15 83
15 84
15 85
15 86
15 87
15 88
15 89
15 90
15 91
15 92
15 93
15 94
15 95
15 96
15 97
15 98
15 99
15 100
15 101
15 102
15 103
15 104
15 105
15 106
15 107
15 108
15 113
15 114
15 115
15 116
15 117
15 118
15 119
15 120
15 121
15 125
15 136
15 148
15 151
15 153
15 154
15 155
15 157
15 158
15 159
15 169
15 170
15 171
15 172
15 173
15 174
15 175
15 176
15 177
15 178
15 179
15 180
15 181
15 182
15 183
15 184
15 185
15 186
15 187
15 188
15 189
15 190
15 191
15 192
15 193
15 194
15 195
15 196
15 197
15 198
15 199
15 200
15 201
15 202
15 203
15 204
15 205
15 206
15 207
15 208
15 209
15 260
15 363
15 513
15 539
15 540
15 542
15 543
15 545
15 553
15 556
15 559
15 563
15 564
15 565
15 569
15 570
15 576
15 580
15 591
15 592
15 594
15 595
15 597
15 602
15 604
15 607
15 610
15 611
15 612
15 613
15 614
15 615
15 616
15 617
15 618
15 619
15 620
15 623
15 624
15 625
15 626
15 627
15 631
15 632
15 633
15 637
15 639
15 640
15 641
15 642
15 643
15 644
15 645
15 646
15 647
15 648
15 652
15 653
15 654
15 655
15 656
15 657
15 658
15 660
15 662
15 670
15 672
15 675
15 677
15 679
15 681
15 682
15 685
15 686
15 695
15 699
15 700
15 701
15 705
15 709
15 711
15 713
15 714
15 718
15 720
15 723
16 17
16 19
16 24
16 32
16 33
16 34
16 36
16 39
16 40
16 42
16 61
16 71
16 76
16 77
16 78
16 79
16 80
16 81
16 82
16 83
16 84
16 85
16 86
16 87
16 88
16 89
16 90
16 91
16 92
16 93
16 94
16 95
16 96
16 97
16 98
16 99
16 100
16 101
16 102
16 103
16 104
16 105
16 106
16 107
16 108
16 113
16 114
16 115
16 116
16 117
16 118
16 119
16 120
16 121
16 125
16 131
16 133
16 134
16 136
16 145
16 148
16 151
16 154
16 155
16 157
16 158
16 159
16 260
16 363
16 513
16 539
16 540
16 542
16 543
16 545
16 553
16 556
16 559
16 563
16 564
16 565
16 569
16 570
16 576
16 580
16 591
16 592
16 594
16 595
16 597
16 602
16 604
16 607
16 610
16 611
16 612
16 613
16 614
16 615
16 616
16 617
16 618
16 619
16 620
16 623
16 624
16 625
16 626
16 627
16 631
16 632
16 633
16 637
16 639
16 640
16 641
16 642
16 643
16 644
16 645
16 646
16 647
16 648
16 652
16 653
16 654
16 655
16 656
16 657
16 658
16 660
16 662
16 670
16 672
16 675
16 677
16 679
16 681
16 682
16 685
16 686
16 695
16 699
16 700
16 701
16 705
16 709
16 711
16 713
16 714
16 718
16 720
16 723
17 39
17 42
17 61
17 71
17 76
17 77
17 78
17 79
17 80
17 81
17 82
17 83
17 84
17 85
17 86
17 87
17 88
17 89
17 90
17 91
17 92
17 93
17 94
17 95
17 96
17 97
17 98
17 99
17 100
17 101
17 102
17 103
17 104
17 105
17 106
17 107
17 108
17 113
17 114
17 115
17 116
17 117
17 118
17 119
17 120
17 121
17 125
17 136
17 148
17 151
17 154
17 155
17 157
17 158
17 159
17 260
17 363
17 513
17 539
17 540
17 542
17 543
17 545
17 553
17 556
17 559
17 563
17 564
17 565
17 569
17 570
17 576
17 580
17 591
17 592
17 594
17 595
17 597
17 602
17 604
17 607
17 610
17 611
17 612
17 613
17 614
17 615
17 616
17 617
17 618
17 619
17 620
17 623
17 624
17 625
17 626
17 627
17 631
17 632
17 633
17 637
17 639
17 640
17 641
17 642
17 643
17 644
17 645
17 646
17 647
17 648
17 652
17 653
17 654
17 655
17 656
17 657
17 658
17 660
17 662
17 670
17 672
17 675
17 677
17 679
17 681
17 682
17 685
17 686
17 695
17 699
17 700
17 701
17 705
17 709
17 711
17 713
17 714
17 718
17 720
17 723
18 34
18 66
18 71
18 77
18 78
18 79
18 80
18 81
18 82
18 83
18 84
18 85
18 86
18 87
18 88
18 89
18 90
18 91
18 92
18 93
18 94
18 95
18 96
18 97
18 98
18 99
18 100
18 101
18 102
18 103
18 104
18 105
18 106
18 107
18 136
18 148
18 151
18 155
18 157
18 158
18 159
18 259
18 471
18 477
18 486
18 634
18 665
18 673
18 684
18 689
18 692
18 693
18 703
18 767
18 788
18 790
18 792
18 794
18 796
18 806
18 807
18 809
18 813
18 814
18 817
18 823
18 829
18 835
18 836
18 842
18 849
19 38
19 169
19 170
19 171
19 172
19 173
19 174
19 175
19 176
19 177
19 178
19 179
19 180
19 181
19 182
19 183
19 184
19 185
19 186
19 187
19 188
19 189
19 190
19 191
19 192
19 193
19 194
19 195
19 196
19 197
19 198
19 199
19 200
19 201
19 202
19 203
19 204
19 205
19 206
19 207
19 208
19 209
19 312
19 315
19 317
19 319
19 320
19 321
19 322
19 324
19 325
19 330
19 333
19 334
19 336
19 339
19 342
19 343
19 344
19 346
19 348
19 349
19 350
19 354
19 355
19 356
19 357
19 359
19 361
19 362
19 396
19 517
19 523
19 533
19 534
19 536
19 537
19 538
19 539
19 733
19 735
19 747
19 749
19 754
20 66
20 409
20 414
20 417
20 418
20 423
20 426
20 471
20 477
20 486
20 634
20 673
20 684
20 689
20 692
20 693
20 703
20 767
20 788
20 790
20 792
20 794
20 796
20 806
20 807
20 809
20 813
20 814
20 817
20 823
20 829
20 835
20 836
20 842
21 36
21 54
21 66
21 71
21 77
21 78
21 79
21 80
21 81
21 82
21 83
21 84
21 85
21 86
21 87
21 88
21 89
21 90
21 91
21 92
21 93
21 94
21 95
21 96
21 97
21 98
21 99
21 100
21 101
21 102
21 103
21 104
21 105
21 106
21 107
21 136
21 148
21 151
21 155
21 157
21 158
21 159
21 259
21 471
21 477
21 486
21 665
21 673
21 684
21 689
21 692
21 693
21 703
21 788
21 790
21 792
21 794
21 796
21 806
21 807
21 809
21 813
21 814
21 817
21 823
21 829
21 835
21 836
21 842
22 66
22 71
22 77
22 78
22 79
22 80
22 81
22 82
22 83
22 84
22 85
22 86
22 87
22 88
22 89
22 90
22 91
22 92
22 93
22 94
22 95
22 96
22 97
22 98
22 99
22 100
22 101
22 102
22 103
22 104
22 105
22 106
22 107
22 136
22 148
22 151
22 155
22 157
22 158
22 159
22 259
22 471
22 477
22 486
22 665
22 673
22 684
22 689
22 692
22 693
22 703
22 788
22 790
22 792
22 794
22 796
22 806
22 807
22 809
22 813
22 814
22 817
22 823
22 829
22 835
22 836
22 842
23 26
23 27
23 54
23 60
23 67
23 72
23 133
23 153
23 272
23 273
23 274
23 278
23 279
23 280
23 281
23 282
23 283
23 365
23 366
23 367
23 368
23 369
23 371
23 373
23 374
23 376
23 377
23 378
23 380
23 498
23 927
23 934
23 935
23 936
23 939
23 941
23 942
23 943
23 983
23 984
23 990
24 39
24 150
24 168
24 169
24 170
24 171
24 172
24 173
24 174
24 175
24 176
24 177
24 178
24 179
24 180
24 181
24 182
24 183
24 184
24 185
24 186
24 187
24 188
24 189
24 190
24 191
24 192
24 193
24 194
24 195
24 196
24 197
24 198
24 199
24 200
24 201
24 202
24 203
24 204
24 205
24 206
24 207
24 208
24 209
24 225
24 226
24 227
24 228
24 229
24 230
24 231
24 232
24 233
24 234
24 235
24 236
24 237
24 238
24 239
24 240
24 241
24 242
24 243
24 244
24 245
24 246
24 247
24 248
24 249
24 250
24 251
24 252
24 253
24 254
24 255
24 256
24 257
24 258
24 312
24 315
24 317
24 319
24 320
24 321
24 322
24 324
24 325
24 330
24 333
24 334
24 336
24 339
24 342
24 343
24 344
24 346
24 348
24 349
24 350
24 354
24 355
24 356
24 357
24 359
24 361
24 362
24 583
24 919
24 921
24 925
25 38
25 312
25 315
25 317
25 319
25 320
25 321
25 322
25 324
25 325
25 330
25 333
25 334
25 336
25 339
25 342
25 343
25 344
25 346
25 348
25 349
25 350
25 354
25 355
25 356
25 357
25 359
25 361
25 362
25 396
25 517
25 523
25 533
25 534
25 536
25 537
25 538
25 733
25 735
25 747
25 749
25 754
26 36
26 47
26 54
26 109
26 110
26 111
26 112
26 126
26 130
26 137
26 140
26 141
26 142
26 143
26 144
26 146
26 156
26 571
26 572
26 587
26 636
26 715
26 746
26 795
26 797
26 802
26 804
26 815
26 819
26 820
26 878
26 902
26 912
27 30
27 39
27 50
27 52
27 53
27 70
27 71
27 77
27 78
27 79
27 80
27 81
27 82
27 83
27 84
27 85
27 86
27 87
27 88
27 89
27 90
27 91
27 92
27 93
27 94
27 95
27 96
27 97
27 98
27 99
27 100
27 101
27 102
27 103
27 104
27 105
27 106
27 107
27 136
27 148
27 149
27 151
27 153
27 155
27 157
27 158
27 159
27 161
27 164
27 225
27 226
27 227
27 228
27 229
27 230
27 231
27 232
27 233
27 234
27 235
27 236
27 237
27 239
27 240
27 241
27 242
27 243
27 244
27 245
27 246
27 247
27 248
27 249
27 250
27 251
27 252
27 253
27 254
27 255
27 256
27 257
27 258
27 464
27 465
27 470
27 472
27 478
27 481
27 488
27 489
27 494
27 504
27 506
27 509
27 510
27 515
27 516
27 518
27 519
27 520
27 522
27 526
27 528
27 529
27 531
27 535
28 32
28 41
28 59
28 71
28 77
28 78
28 79
28 80
28 81
28 82
28 83
28 84
28 85
28 86
28 87
28 88
28 89
28 90
28 91
28 92
28 93
28 94
28 95
28 96
28 97
28 98
28 99
28 100
28 101
28 102
28 103
28 104
28 105
28 106
28 107
28 136
28 148
28 151
28 155
28 157
28 158
28 159
28 403
28 405
28 415
28 419
28 420
28 428
28 452
28 453
28 545
28 553
28 556
28 559
28 563
28 564
28 565
28 569
28 570
28 576
28 580
28 591
28 592
28 594
28 595
28 597
28 602
28 604
28 607
28 610
28 664
28 724
28 789
28 799
28 801
28 808
28 822
29 39
29 71
29 77
29 78
29 79
29 80
29 81
29 82
29 83
29 84
29 85
29 86
29 87
29 88
29 89
29 90
29 91
29 92
29 93
29 94
29 95
29 96
29 97
29 98
29 99
29 100
29 101
29 102
29 103
29 104
29 105
29 106
29 107
29 136
29 148
29 151
29 155
29 157
29 158
29 159
29 225
29 226
29 227
29 228
29 229
29 230
29 231
29 232
29 233
29 234
29 235
29 236
29 237
29 239
29 240
29 241
29 242
29 243
29 244
29 245
29 246
29 247
29 248
29 249
29 250
29 251
29 252
29 253
29 254
29 255
29 256
29 257
29 258
29 409
29 414
29 417
29 418
29 423
29 426
29 464
29 465
29 470
29 472
29 478
29 481
29 488
29 489
29 494
29 504
29 506
29 509
29 510
30 39
30 54
30 71
30 77
30 78
30 79
30 80
30 81
30 82
30 83
30 84
30 85
30 86
30 87
30 88
30 89
30 90
30 91
30 92
30 93
30 94
30 95
30 96
30 97
30 98
30 99
30 100
30 101
30 102
30 103
30 104
30 105
30 106
30 107
30 136
30 139
30 140
30 141
30 148
30 151
30 155
30 157
30 158
30 159
30 225
30 226
30 227
30 228
30 229
30 230
30 231
30 232
30 233
30 234
30 235
30 236
30 237
30 239
30 240
30 241
30 242
30 243
30 244
30 245
30 246
30 247
30 248
30 249
30 250
30 251
30 252
30 253
30 254
30 255
30 256
30 257
30 258
30 409
30 414
30 417
30 418
30 423
30 426
30 464
30 465
30 470
30 472
30 478
30 481
30 488
30 489
30 494
30 504
30 506
30 509
30 510
31 39
31 47
31 137
31 142
31 143
31 144
31 156
31 225
31 226
31 227
31 228
31 229
31 230
31 231
31 232
31 233
31 234
31 235
31 236
31 237
31 239
31 240
31 241
31 242
31 243
31 244
31 245
31 246
31 247
31 248
31 249
31 250
31 251
31 252
31 253
31 254
31 255
31 256
31 257
31 258
31 464
31 465
31 470
31 472
31 478
31 481
31 488
31 489
31 494
31 504
31 506
31 509
31 510
31 715
31 833
31 902
32 41
32 44
32 49
32 59
32 71
32 77
32 78
32 79
32 80
32 81
32 82
32 83
32 84
32 85
32 86
32 87
32 88
32 89
32 90
32 91
32 92
32 93
32 94
32 95
32 96
32 97
32 98
32 99
32 100
32 101
32 102
32 103
32 104
32 105
32 106
32 107
32 136
32 148
32 151
32 155
32 157
32 158
32 159
32 169
32 170
32 171
32 172
32 173
32 174
32 175
32 176
32 177
32 178
32 179
32 180
32 181
32 182
32 183
32 184
32 185
32 186
32 187
32 188
32 189
32 190
32 191
32 192
32 193
32 194
32 195
32 196
32 197
32 198
32 199
32 200
32 201
32 202
32 203
32 204
32 205
32 206
32 207
32 208
32 209
32 540
32 664
32 724
32 793
32 800
32 803
32 805
32 812
32 816
32 818
32 821
33 71
33 77
33 78
33 79
33 80
33 81
33 82
33 83
33 84
33 85
33 86
33 87
33 88
33 89
33 90
33 91
33 92
33 93
33 94
33 95
33 96
33 97
33 98
33 99
33 100
33 101
33 102
33 103
33 104
33 105
33 106
33 107
33 136
33 148
33 151
33 155
33 157
33 158
33 159
33 169
33 170
33 171
33 172
33 173
33 174
33 175
33 176
33 177
33 178
33 179
33 180
33 181
33 182
33 183
33 184
33 185
33 186
33 187
33 188
33 189
33 190
33 191
33 192
33 193
33 194
33 195
33 196
33 197
33 198
33 199
33 200
33 201
33 202
33 203
33 204
33 205
33 206
33 207
33 208
33 209
33 409
33 414
33 417
33 418
33 423
33 426
34 39
34 48
34 169
34 170
34 171
34 172
34 173
34 174
34 175
34 176
34 177
34 178
34 179
34 180
34 181
34 182
34 183
34 184
34 185
34 186
34 187
34 188
34 189
34 190
34 191
34 192
34 193
34 194
34 195
34 196
34 197
34 198
34 199
34 200
34 201
34 202
34 203
34 204
34 205
34 206
34 207
34 208
34 209
34 225
34 226
34 227
34 228
34 229
34 230
34 231
34 232
34 233
34 234
34 235
34 236
34 237
34 239
34 240
34 241
34 242
34 243
34 244
34 245
34 246
34 247
34 248
34 249
34 250
34 251
34 252
34 253
34 254
34 255
34 256
34 257
34 258
34 464
34 465
34 470
34 472
34 478
34 481
34 488
34 489
34 494
34 504
34 506
34 509
34 510
35 43
35 44
35 50
35 65
35 122
35 132
35 166
35 167
35 211
35 212
35 213
35 214
35 215
35 216
35 217
35 218
35 219
35 220
35 221
35 222
35 223
35 224
35 238
35 271
35 403
35 405
35 415
35 419
35 420
35 428
35 452
35 453
35 517
35 533
35 534
35 538
36 39
36 46
36 169
36 170
36 171
36 172
36 173
36 174
36 175
36 176
36 177
36 178
36 179
36 180
36 181
36 182
36 183
36 184
36 185
36 186
36 187
36 188
36 189
36 190
36 191
36 192
36 193
36 194
36 195
36 196
36 197
36 198
36 199
36 200
36 201
36 202
36 203
36 204
36 205
36 206
36 207
36 208
36 209
36 225
36 226
36 227
36 228
36 229
36 230
36 231
36 232
36 233
36 234
36 235
36 236
36 237
36 239
36 240
36 241
36 242
36 243
36 244
36 245
36 246
36 247
36 248
36 249
36 250
36 251
36 252
36 253
36 254
36 255
36 256
36 257
36 258
36 557
36 590
36 599
36 748
36 756
36 787
36 791
36 810
36 874
37 49
37 71
37 77
37 78
37 79
37 80
37 81
37 82
37 83
37 84
37 85
37 86
37 87
37 88
37 89
37 90
37 91
37 92
37 93
37 94
37 95
37 96
37 97
37 98
37 99
37 100
37 101
37 102
37 103
37 104
37 105
37 106
37 107
37 136
37 148
37 151
37 155
37 157
37 158
37 159
37 168
37 628
37 635
37 659
37 793
37 800
37 803
37 805
37 812
37 816
37 818
37 821
38 49
38 259
38 471
38 477
38 486
38 628
38 634
38 635
38 659
38 665
38 793
38 800
38 803
38 805
38 812
38 816
38 818
38 821
39 40
39 42
39 43
39 45
39 46
39 47
39 48
39 54
39 57
39 61
39 71
39 75
39 77
39 78
39 79
39 80
39 81
39 82
39 83
39 84
39 85
39 86
39 87
39 88
39 89
39 90
39 91
39 92
39 93
39 94
39 95
39 96
39 97
39 98
39 99
39 100
39 101
39 102
39 103
39 104
39 105
39 106
39 107
39 108
39 113
39 114
39 115
39 116
39 117
39 118
39 119
39 120
39 121
39 124
39 125
39 136
39 138
39 139
39 140
39 141
39 146
39 148
39 151
39 155
39 157
39 158
39 159
39 260
39 363
39 539
39 540
39 542
39 543
39 611
39 612
39 613
39 614
39 615
39 616
39 617
39 618
40 169
40 170
40 171
40 172
40 173
40 174
40 175
40 176
40 177
40 178
40 179
40 180
40 181
40 182
40 183
40 184
40 185
40 186
40 187
40 188
40 189
40 190
40 191
40 192
40 193
40 194
40 195
40 196
40 197
40 198
40 199
40 200
40 201
40 202
40 203
40 204
40 205
40 206
40 207
40 208
40 209
40 225
40 226
40 227
40 228
40 229
40 230
40 231
40 232
40 233
40 234
40 235
40 236
40 237
40 239
40 240
40 241
40 242
40 243
40 244
40 245
40 246
40 247
40 248
40 249
40 250
40 251
40 252
40 253
40 254
40 255
40 256
40 257
40 258
40 458
40 876
41 44
41 49
41 59
41 71
41 77
41 78
41 79
41 80
41 81
41 82
41 83
41 84
41 85
41 86
41 87
41 88
41 89
41 90
41 91
41 92
41 93
41 94
41 95
41 96
41 97
41 98
41 99
41 100
41 101
41 102
41 103
41 104
41 105
41 106
41 107
41 136
41 148
41 151
41 155
41 157
41 158
41 159
41 664
41 724
41 793
41 800
41 803
41 805
41 812
41 816
41 818
41 821
42 61
42 71
42 77
42 78
42 79
42 80
42 81
42 82
42 83
42 84
42 85
42 86
42 87
42 88
42 89
42 90
42 91
42 92
42 93
42 94
42 95
42 96
42 97
42 98
42 99
42 100
42 101
42 102
42 103
42 104
42 105
42 106
42 107
42 108
42 113
42 114
42 115
42 116
42 117
42 118
42 119
42 120
42 121
42 125
42 136
42 148
42 151
42 155
42 157
42 158
42 159
42 260
42 363
42 539
42 540
42 542
42 543
42 558
42 611
42 612
42 613
42 614
42 615
42 616
42 617
42 618
43 71
43 77
43 78
43 79
43 80
43 81
43 82
43 83
43 84
43 85
43 86
43 87
43 88
43 89
43 90
43 91
43 92
43 93
43 94
43 95
43 96
43 97
43 98
43 99
43 100
43 101
43 102
43 103
43 104
43 105
43 106
43 107
43 136
43 148
43 151
43 155
43 157
43 158
43 159
43 225
43 226
43 227
43 228
43 229
43 230
43 231
43 232
43 233
43 234
43 235
43 236
43 237
43 239
43 240
43 241
43 242
43 243
43 244
43 245
43 246
43 247
43 248
43 249
43 250
43 251
43 252
43 253
43 254
43 255
43 256
43 257
43 258
43 259
43 732
43 738
43 742
43 905
43 913
43 914
44 71
44 77
44 78
44 79
44 80
44 81
44 82
44 83
44 84
44 85
44 86
44 87
44 88
44 89
44 90
44 91
44 92
44 93
44 94
44 95
44 96
44 97
44 98
44 99
44 100
44 101
44 102
44 103
44 104
44 105
44 106
44 107
44 122
44 136
44 148
44 151
44 155
44 157
44 158
44 159
44 707
44 719
45 71
45 73
45 77
45 78
45 79
45 80
45 81
45 82
45 83
45 84
45 85
45 86
45 87
45 88
45 89
45 90
45 91
45 92
45 93
45 94
45 95
45 96
45 97
45 98
45 99
45 100
45 101
45 102
45 103
45 104
45 105
45 106
45 107
45 136
45 148
45 151
45 155
45 157
45 158
45 159
45 225
45 226
45 227
45 228
45 229
45 230
45 231
45 232
45 233
45 234
45 235
45 236
45 237
45 239
45 240
45 241
45 242
45 243
45 244
45 245
45 246
45 247
45 248
45 249
45 250
45 251
45 252
45 253
45 254
45 255
45 256
45 257
45 258
46 147
46 225
46 226
46 227
46 228
46 229
46 230
46 231
46 232
46 233
46 234
46 235
46 236
46 237
46 239
46 240
46 241
46 242
46 243
46 244
46 245
46 246
46 247
46 248
46 249
46 250
46 251
46 252
46 253
46 254
46 255
46 256
46 257
46 258
46 464
46 465
46 470
46 472
46 478
46 481
46 488
46 489
46 494
46 504
46 506
46 509
46 510
47 60
47 225
47 226
47 227
47 228
47 229
47 230
47 231
47 232
47 233
47 234
47 235
47 236
47 237
47 239
47 240
47 241
47 242
47 243
47 244
47 245
47 246
47 247
47 248
47 249
47 250
47 251
47 252
47 253
47 254
47 255
47 256
47 257
47 258
47 464
47 465
47 470
47 472
47 478
47 481
47 488
47 489
47 494
47 504
47 506
47 509
47 510
48 225
48 226
48 227
48 228
48 229
48 230
48 231
48 232
48 233
48 234
48 235
48 236
48 237
48 239
48 240
48 241
48 242
48 243
48 244
48 245
48 246
48 247
48 248
48 249
48 250
48 251
48 252
48 253
48 254
48 255
48 256
48 257
48 258
48 340
48 341
48 345
48 347
48 352
48 353
48 358
48 364
48 424
49 312
49 315
49 317
49 319
49 320
49 321
49 322
49 324
49 325
49 330
49 333
49 334
49 336
49 339
49 342
49 343
49 344
49 346
49 348
49 349
49 350
49 354
49 355
49 356
49 357
49 359
49 361
49 362
49 396
50 67
50 71
50 77
50 78
50 79
50 80
50 81
50 82
50 83
50 84
50 85
50 86
50 87
50 88
50 89
50 90
50 91
50 92
50 93
50 94
50 95
50 96
50 97
50 98
50 99
50 100
50 101
50 102
50 103
50 104
50 105
50 106
50 107
50 136
50 148
50 151
50 155
50 157
50 158
50 159
50 259
50 272
50 273
50 274
50 278
50 279
50 280
50 281
50 282
50 283
50 498
50 634
50 665
51 71
51 77
51 78
51 79
51 80
51 81
51 82
51 83
51 84
51 85
51 86
51 87
51 88
51 89
51 90
51 91
51 92
51 93
51 94
51 95
51 96
51 97
51 98
51 99
51 100
51 101
51 102
51 103
51 104
51 105
51 106
51 107
51 127
51 128
51 129
51 136
51 148
51 151
51 155
51 157
51 158
51 159
51 168
51 403
51 405
51 415
51 419
51 420
51 428
51 452
51 453
52 53
52 67
52 71
52 77
52 78
52 79
52 80
52 81
52 82
52 83
52 84
52 85
52 86
52 87
52 88
52 89
52 90
52 91
52 92
52 93
52 94
52 95
52 96
52 97
52 98
52 99
52 100
52 101
52 102
52 103
52 104
52 105
52 106
52 107
52 136
52 148
52 151
52 155
52 157
52 158
52 159
52 272
52 273
52 274
52 278
52 279
52 280
52 281
52 282
52 283
52 498
53 67
53 71
53 77
53 78
53 79
53 80
53 81
53 82
53 83
53 84
53 85
53 86
53 87
53 88
53 89
53 90
53 91
53 92
53 93
53 94
53 95
53 96
53 97
53 98
53 99
53 100
53 101
53 102
53 103
53 104
53 105
53 106
53 107
53 136
53 148
53 151
53 155
53 157
53 158
53 159
53 272
53 273
53 274
53 278
53 279
53 280
53 281
53 282
53 283
54 225
54 226
54 227
54 228
54 229
54 230
54 231
54 232
54 233
54 234
54 235
54 236
54 237
54 239
54 240
54 241
54 242
54 243
54 244
54 245
54 246
54 247
54 248
54 249
54 250
54 251
54 252
54 253
54 254
54 255
54 256
54 257
54 258
54 726
54 737
55 446
55 447
55 448
55 449
55 450
55 451
55 454
55 455
55 456
55 457
55 460
55 484
55 497
55 505
55 949
55 950
55 960
55 969
55 970
55 971
56 259
56 403
56 405
56 415
56 419
56 420
56 428
56 452
56 453
56 471
56 477
56 486
56 634
56 665
57 225
57 226
57 227
57 228
57 229
57 230
57 231
57 232
57 233
57 234
57 235
57 236
57 237
57 239
57 240
57 241
57 242
57 243
57 244
57 245
57 246
57 247
57 248
57 249
57 250
57 251
57 252
57 253
57 254
57 255
57 256
57 257
57 258
57 464
57 465
57 470
57 472
57 478
57 481
57 488
57 489
57 494
57 504
57 506
57 509
57 510
58 312
58 315
58 317
58 319
58 320
58 321
58 322
58 324
58 325
58 330
58 333
58 334
58 336
58 789
58 799
58 801
58 808
58 822
59 71
59 77
59 78
59 79
59 80
59 81
59 82
59 83
59 84
59 85
59 86
59 87
59 88
59 89
59 90
59 91
59 92
59 93
59 94
59 95
59 96
59 97
59 98
59 99
59 100
59 101
59 102
59 103
59 104
59 105
59 106
59 107
59 136
59 148
59 151
59 155
59 157
59 158
59 159
59 540
59 664
59 724
60 75
60 130
60 137
60 142
60 143
60 144
60 156
60 848
61 108
61 113
61 114
61 115
61 116
61 117
61 118
61 119
61 120
61 121
61 125
61 260
61 363
61 539
61 540
61 542
61 543
61 611
61 612
61 613
61 614
61 615
61 616
61 617
61 618
62 63
62 71
62 77
62 78
62 79
62 80
62 81
62 82
62 83
62 84
62 85
62 86
62 87
62 88
62 89
62 90
62 91
62 92
62 93
62 94
62 95
62 96
62 97
62 98
62 99
62 100
62 101
62 102
62 103
62 104
62 105
62 106
62 107
62 136
62 148
62 151
62 155
62 157
62 158
62 159
62 759
63 71
63 77
63 78
63 79
63 80
63 81
63 82
63 83
63 84
63 85
63 86
63 87
63 88
63 89
63 90
63 91
63 92
63 93
63 94
63 95
63 96
63 97
63 98
63 99
63 100
63 101
63 102
63 103
63 104
63 105
63 106
63 107
63 136
63 148
63 151
63 155
63 157
63 158
63 159
63 759
64 68
64 69
64 70
64 71
64 72
64 74
64 77
64 78
64 79
64 80
64 81
64 82
64 83
64 84
64 85
64 86
64 87
64 88
64 89
64 90
64 91
64 92
64 93
64 94
64 95
64 96
64 97
64 98
64 99
64 100
64 101
64 102
64 103
64 104
64 105
64 106
64 107
64 136
64 148
64 151
64 155
64 157
64 158
64 159
65 71
65 77
65 78
65 79
65 80
65 81
65 82
65 83
65 84
65 85
65 86
65 87
65 88
65 89
65 90
65 91
65 92
65 93
65 94
65 95
65 96
65 97
65 98
65 99
65 100
65 101
65 102
65 103
65 104
65 105
65 106
65 107
65 136
65 148
65 151
65 155
65 157
65 158
65 159
65 748
65 756
66 71
66 77
66 78
66 79
66 80
66 81
66 82
66 83
66 84
66 85
66 86
66 87
66 88
66 89
66 90
66 91
66 92
66 93
66 94
66 95
66 96
66 97
66 98
66 99
66 100
66 101
66 102
66 103
66 104
66 105
66 106
66 107
66 136
66 148
66 151
66 155
66 157
66 158
66 159
66 259
66 665
66 849
67 71
67 77
67 78
67 79
67 80
67 81
67 82
67 83
67 84
67 85
67 86
67 87
67 88
67 89
67 90
67 91
67 92
67 93
67 94
67 95
67 96
67 97
67 98
67 99
67 100
67 101
67 102
67 103
67 104
67 105
67 106
67 107
67 136
67 148
67 149
67 151
67 155
67 157
67 158
67 159
67 161
67 164
68 69
68 70
68 71
68 74
68 77
68 78
68 79
68 80
68 81
68 82
68 83
68 84
68 85
68 86
68 87
68 88
68 89
68 90
68 91
68 92
68 93
68 94
68 95
68 96
68 97
68 98
68 99
68 100
68 101
68 102
68 103
68 104
68 105
68 106
68 107
68 136
68 148
68 151
68 155
68 157
68 158
68 159
69 70
69 71
69 74
69 77
69 78
69 79
69 80
69 81
69 82
69 83
69 84
69 85
69 86
69 87
69 88
69 89
69 90
69 91
69 92
69 93
69 94
69 95
69 96
69 97
69 98
69 99
69 100
69 101
69 102
69 103
69 104
69 105
69 106
69 107
69 136
69 148
69 151
69 155
69 157
69 158
69 159
70 71
70 74
70 77
70 78
70 79
70 80
70 81
70 82
70 83
70 84
70 85
70 86
70 87
70 88
70 89
70 90
70 91
70 92
70 93
70 94
70 95
70 96
70 97
70 98
70 99
70 100
70 101
70 102
70 103
70 104
70 105
70 106
70 107
70 136
70 148
70 151
70 155
70 157
70 158
70 159
71 73
71 74
71 122
71 123
71 127
71 128
71 129
71 132
71 135
71 755
72 275
72 295
72 388
72 768
72 874
72 875
72 876
72 877
72 893
72 894
72 895
72 896
72 897
72 898
72 903
72 911
73 77
73 78
73 79
73 80
73 81
73 82
73 83
73 84
73 85
73 86
73 87
73 88
73 89
73 90
73 91
73 92
73 93
73 94
73 95
73 96
73 97
73 98
73 99
73 100
73 101
73 102
73 103
73 104
73 105
73 106
73 107
73 136
73 148
73 151
73 155
73 157
73 158
73 159
74 77
74 78
74 79
74 80
74 81
74 82
74 83
74 84
74 85
74 86
74 87
74 88
74 89
74 90
74 91
74 92
74 93
74 94
74 95
74 96
74 97
74 98
74 99
74 100
74 101
74 102
74 103
74 104
74 105
74 106
74 107
74 136
74 148
74 151
74 155
74 157
74 158
74 159
75 225
75 226
75 227
75 228
75 229
75 230
75 231
75 232
75 233
75 234
75 235
75 236
75 237
75 239
75 240
75 241
75 242
75 243
75 244
75 245
75 246
75 247
75 248
75 249
75 250
75 251
75 252
75 253
75 254
75 255
75 256
75 257
75 258
75 848
76 154
76 169
76 170
76 171
76 172
76 173
76 174
76 175
76 176
76 177
76 178
76 179
76 180
76 181
76 182
76 183
76 184
76 185
76 186
76 187
76 188
76 189
76 190
76 191
76 192
76 193
76 194
76 195
76 196
76 197
76 198
76 199
76 200
76 201
76 202
76 203
76 204
76 205
76 206
76 207
76 208
76 209
76 513
77 122
77 123
77 127
77 128
77 129
77 132
77 135
77 212
77 851
78 122
78 123
78 127
78 128
78 129
78 132
78 135
78 225
78 341
78 404
78 446
79 122
79 123
79 127
79 128
79 129
79 132
79 135
79 313
79 406
79 668
79 727
80 122
80 123
80 127
80 128
80 129
80 132
80 135
81 122
81 123
81 127
81 128
81 129
81 132
81 135
81 216
81 229
81 411
81 412
81 628
81 629
81 630
81 729
81 730
81 762
82 122
82 123
82 127
82 128
82 129
82 132
82 135
82 230
83 122
83 123
83 127
83 128
83 129
83 132
83 135
83 345
83 683
83 826
84 122
84 123
84 127
84 128
84 129
84 132
84 135
84 231
84 413
85 122
85 123
85 127
85 128
85 129
85 132
85 135
86 122
86 123
86 127
86 128
86 129
86 132
86 135
86 232
86 861
86 889
86 928
87 122
87 123
87 127
87 128
87 129
87 132
87 135
87 234
87 521
88 122
88 123
88 127
88 128
88 129
88 132
88 135
88 451
89 122
89 123
89 127
89 128
89 129
89 132
89 135
89 235
90 122
90 123
90 127
90 128
90 129
90 132
90 135
90 523
91 122
91 123
91 127
91 128
91 129
91 132
91 135
91 143
91 323
91 421
91 422
91 575
91 737
92 122
92 123
92 127
92 128
92 129
92 132
92 135
92 240
92 830
93 122
93 123
93 127
93 128
93 129
93 132
93 135
93 219
93 965
94 122
94 123
94 127
94 128
94 129
94 132
94 135
94 327
95 122
95 123
95 127
95 128
95 129
95 132
95 135
95 331
95 429
96 122
96 123
96 127
96 128
96 129
96 132
96 135
96 220
96 431
96 649
96 650
96 651
96 743
96 744
97 122
97 123
97 127
97 128
97 129
97 132
97 135
98 122
98 123
98 127
98 128
98 129
98 132
98 135
98 244
98 749
98 908
99 122
99 123
99 127
99 128
99 129
99 132
99 135
99 246
99 532
99 708
99 750
100 122
100 123
100 127
100 128
100 129
100 132
100 135
100 596
100 659
101 122
101 123
101 127
101 128
101 129
101 132
101 135
101 211
101 536
101 753
101 754
101 784
101 910
102 122
102 123
102 127
102 128
102 129
102 132
102 135
103 122
103 123
103 127
103 128
103 129
103 132
103 135
104 122
104 123
104 127
104 128
104 129
104 132
104 135
104 223
104 440
104 457
104 537
104 538
104 661
104 785
104 885
105 122
105 123
105 127
105 128
105 129
105 132
105 135
105 224
105 364
106 122
106 123
106 127
106 128
106 129
106 132
106 135
106 253
106 441
107 122
107 123
107 127
107 128
107 129
107 132
107 135
107 338
107 442
107 663
107 757
107 758
107 786
108 169
108 170
108 171
108 172
108 173
108 174
108 175
108 176
108 177
108 178
108 179
108 180
108 181
108 182
108 183
108 184
108 185
108 186
108 187
108 188
108 189
108 190
108 191
108 192
108 193
108 194
108 195
108 196
108 197
108 198
108 199
108 200
108 201
108 202
108 203
108 204
108 205
108 206
108 207
108 208
108 209
109 130
109 137
109 142
109 143
109 144
109 156
109 676
110 130
110 137
110 142
110 143
110 144
110 156
111 130
111 137
111 142
111 143
111 144
111 156
111 414
111 687
111 688
111 765
112 130
112 137
112 142
112 143
112 144
112 156
113 169
113 170
113 171
113 172
113 173
113 174
113 175
113 176
113 177
113 178
113 179
113 180
113 181
113 182
113 183
113 184
113 185
113 186
113 187
113 188
113 189
113 190
113 191
113 192
113 193
113 194
113 195
113 196
113 197
113 198
113 199
113 200
113 201
113 202
113 203
113 204
113 205
113 206
113 207
113 208
113 209
114 169
114 170
114 171
114 172
114 173
114 174
114 175
114 176
114 177
114 178
114 179
114 180
114 181
114 182
114 183
114 184
114 185
114 186
114 187
114 188
114 189
114 190
114 191
114 192
114 193
114 194
114 195
114 196
114 197
114 198
114 199
114 200
114 201
114 202
114 203
114 204
114 205
114 206
114 207
114 208
114 209
115 169
115 170
115 171
115 172
115 173
115 174
115 175
115 176
115 177
115 178
115 179
115 180
115 181
115 182
115 183
115 184
115 185
115 186
115 187
115 188
115 189
115 190
115 191
115 192
115 193
115 194
115 195
115 196
115 197
115 198
115 199
115 200
115 201
115 202
115 203
115 204
115 205
115 206
115 207
115 208
115 209
116 169
116 170
116 171
116 172
116 173
116 174
116 175
116 176
116 177
116 178
116 179
116 180
116 181
116 182
116 183
116 184
116 185
116 186
116 187
116 188
116 189
116 190
116 191
116 192
116 193
116 194
116 195
116 196
116 197
116 198
116 199
116 200
116 201
116 202
116 203
116 204
116 205
116 206
116 207
116 208
116 209
117 169
117 170
117 171
117 172
117 173
117 174
117 175
117 176
117 177
117 178
117 179
117 180
117 181
117 182
117 183
117 184
117 185
117 186
117 187
117 188
117 189
117 190
117 191
117 192
117 193
117 194
117 195
117 196
117 197
117 198
117 199
117 200
117 201
117 202
117 203
117 204
117 205
117 206
117 207
117 208
117 209
118 169
118 170
118 171
118 172
118 173
118 174
118 175
118 176
118 177
118 178
118 179
118 180
118 181
118 182
118 183
118 184
118 185
118 186
118 187
118 188
118 189
118 190
118 191
118 192
118 193
118 194
118 195
118 196
118 197
118 198
118 199
118 200
118 201
118 202
118 203
118 204
118 205
118 206
118 207
118 208
118 209
119 169
119 170
119 171
119 172
119 173
119 174
119 175
119 176
119 177
119 178
119 179
119 180
119 181
119 182
119 183
119 184
119 185
119 186
119 187
119 188
119 189
119 190
119 191
119 192
119 193
119 194
119 195
119 196
119 197
119 198
119 199
119 200
119 201
119 202
119 203
119 204
119 205
119 206
119 207
119 208
119 209
120 169
120 170
120 171
120 172
120 173
120 174
120 175
120 176
120 177
120 178
120 179
120 180
120 181
120 182
120 183
120 184
120 185
120 186
120 187
120 188
120 189
120 190
120 191
120 192
120 193
120 194
120 195
120 196
120 197
120 198
120 199
120 200
120 201
120 202
120 203
120 204
120 205
120 206
120 207
120 208
120 209
121 169
121 170
121 171
121 172
121 173
121 174
121 175
121 176
121 177
121 178
121 179
121 180
121 181
121 182
121 183
121 184
121 185
121 186
121 187
121 188
121 189
121 190
121 191
121 192
121 193
121 194
121 195
121 196
121 197
121 198
121 199
121 200
121 201
121 202
121 203
121 204
121 205
121 206
121 207
121 208
121 209
122 136
122 148
122 151
122 155
122 157
122 158
122 159
123 136
123 148
123 151
123 155
123 157
123 158
123 159
123 755
124 225
124 226
124 227
124 228
124 229
124 230
124 231
124 232
124 233
124 234
124 235
124 236
124 237
124 239
124 240
124 241
124 242
124 243
124 244
124 245
124 246
124 247
124 248
124 249
124 250
124 251
124 252
124 253
124 254
124 255
124 256
124 257
124 258
124 847
124 937
125 339
125 342
125 343
125 344
125 346
125 348
125 349
125 350
125 354
125 355
125 356
125 357
125 359
125 361
125 362
125 396
126 130
126 137
126 142
126 143
126 144
126 156
127 128
127 129
127 136
127 148
127 151
127 155
127 157
127 158
127 159
128 129
128 136
128 148
128 151
128 155
128 157
128 158
128 159
129 136
129 148
129 151
129 155
129 157
129 158
129 159
130 210
130 297
130 583
131 169
131 170
131 171
131 172
131 173
131 174
131 175
131 176
131 177
131 178
131 179
131 180
131 181
131 182
131 183
131 184
131 185
131 186
131 187
131 188
131 189
131 190
131 191
131 192
131 193
131 194
131 195
131 196
131 197
131 198
131 199
131 200
131 201
131 202
131 203
131 204
131 205
131 206
131 207
131 208
131 209
131 944
131 945
132 136
132 148
132 151
132 155
132 157
132 158
132 159
133 134
133 169
133 170
133 171
133 172
133 173
133 174
133 175
133 176
133 177
133 178
133 179
133 180
133 181
133 182
133 183
133 184
133 185
133 186
133 187
133 188
133 189
133 190
133 191
133 192
133 193
133 194
133 195
133 196
133 197
133 198
133 199
133 200
133 201
133 202
133 203
133 204
133 205
133 206
133 207
133 208
133 209
134 169
134 170
134 171
134 172
134 173
134 174
134 175
134 176
134 177
134 178
134 179
134 180
134 181
134 182
134 183
134 184
134 185
134 186
134 187
134 188
134 189
134 190
134 191
134 192
134 193
134 194
134 195
134 196
134 197
134 198
134 199
134 200
134 201
134 202
134 203
134 204
134 205
134 206
134 207
134 208
134 209
135 136
135 148
135 151
135 155
135 157
135 158
135 159
135 168
136 375
138 225
138 226
138 227
138 228
138 229
138 230
138 231
138 232
138 233
138 234
138 235
138 236
138 237
138 239
138 240
138 241
138 242
138 243
138 244
138 245
138 246
138 247
138 248
138 249
138 250
138 251
138 252
138 253
138 254
138 255
138 256
138 257
138 258
139 225
139 226
139 227
139 228
139 229
139 230
139 231
139 232
139 233
139 234
139 235
139 236
139 237
139 239
139 240
139 241
139 242
139 243
139 244
139 245
139 246
139 247
139 248
139 249
139 250
139 251
139 252
139 253
139 254
139 255
139 256
139 257
139 258
140 225
140 226
140 227
140 228
140 229
140 230
140 231
140 232
140 233
140 234
140 235
140 236
140 237
140 239
140 240
140 241
140 242
140 243
140 244
140 245
140 246
140 247
140 248
140 249
140 250
140 251
140 252
140 253
140 254
140 255
140 256
140 257
140 258
141 225
141 226
141 227
141 228
141 229
141 230
141 231
141 232
141 233
141 234
141 235
141 236
141 237
141 239
141 240
141 241
141 242
141 243
141 244
141 245
141 246
141 247
141 248
141 249
141 250
141 251
141 252
141 253
141 254
141 255
141 256
141 257
141 258
144 696
145 169
145 170
145 171
145 172
145 173
145 174
145 175
145 176
145 177
145 178
145 179
145 180
145 181
145 182
145 183
145 184
145 185
145 186
145 187
145 188
145 189
145 190
145 191
145 192
145 193
145 194
145 195
145 196
145 197
145 198
145 199
145 200
145 201
145 202
145 203
145 204
145 205
145 206
145 207
145 208
145 209
146 225
146 226
146 227
146 228
146 229
146 230
146 231
146 232
146 233
146 234
146 235
146 236
146 237
146 239
146 240
146 241
146 242
146 243
146 244
146 245
146 246
146 247
146 248
146 249
146 250
146 251
146 252
146 253
146 254
146 255
146 256
146 257
146 258
147 788
147 790
147 792
147 794
147 796
147 807
147 814
147 817
148 167
148 257
148 370
148 424
148 484
148 524
148 525
148 578
148 694
148 899
148 961
148 962
149 272
149 273
149 274
149 278
149 279
149 280
149 281
149 282
149 283
150 168
150 403
150 405
150 415
150 419
150 420
150 428
150 452
150 453
151 497
151 585
152 666
152 669
152 674
152 680
152 691
152 696
152 704
152 717
153 927
153 934
153 935
153 936
154 513
154 666
154 669
154 674
154 680
154 691
154 696
154 704
154 717
155 310
155 544
156 590
159 166
160 464
160 465
160 470
160 472
160 478
160 481
160 488
160 489
160 494
160 504
160 506
160 509
160 510
161 272
161 273
161 274
161 278
161 279
161 280
161 281
161 282
161 283
162 929
162 931
162 932
163 412
163 422
163 427
163 431
163 432
163 438
164 272
164 273
164 274
164 278
164 279
164 280
164 281
164 282
164 283
165 725
165 727
165 729
165 734
165 741
165 743
165 752
165 753
165 755
166 968
167 257
167 275
167 276
167 277
167 295
167 351
167 370
167 388
167 389
167 424
167 484
167 524
167 525
167 578
167 694
167 768
167 769
167 770
167 771
167 832
167 833
167 834
167 874
167 875
167 876
167 877
167 878
167 893
167 894
167 895
167 896
167 897
167 898
167 899
167 900
167 919
167 961
167 962
168 925
169 375
170 255
170 284
170 297
170 332
170 333
170 355
170 493
170 583
171 312
171 515
172 313
172 406
172 668
173 408
173 448
173 461
173 548
173 549
175 314
175 342
175 449
176 228
176 315
176 343
176 463
176 516
176 551
176 552
177 467
177 468
177 518
177 554
178 231
178 413
179 346
179 560
179 631
180 232
180 289
180 519
180 561
181 317
181 416
181 474
181 475
182 451
183 235
184 323
184 387
184 421
184 480
184 575
184 577
185 643
186 296
186 325
186 353
186 485
186 581
186 698
187 487
188 328
189 329
189 330
189 391
189 454
189 702
190 354
190 490
190 491
190 492
190 529
190 582
191 331
191 429
192 245
192 394
192 455
193 503
194 248
194 374
195 303
195 358
195 359
195 376
195 712
196 250
196 716
197 362
197 397
197 508
197 598
199 252
199 336
199 601
200 253
200 308
200 399
200 441
200 608
200 609
201 254
201 337
201 400
204 497
206 384
206 558
207 257
207 276
207 277
207 324
207 350
207 351
207 370
207 424
207 425
207 482
207 483
207 484
207 524
207 526
207 578
207 579
207 641
207 694
208 434
208 499
209 258
210 255
210 284
210 297
210 332
210 430
210 583
210 903
211 270
211 536
211 598
211 753
211 754
211 784
211 910
211 981
212 272
212 459
212 850
212 851
212 947
212 973
213 405
213 621
213 622
213 726
213 855
214 227
214 367
214 410
214 450
214 462
214 550
214 856
215 468
215 517
215 789
216 229
216 262
216 369
216 411
216 412
216 469
216 629
216 630
216 729
216 730
216 762
216 975
217 318
217 566
217 733
217 827
217 978
218 419
218 477
218 734
219 486
219 487
219 965
220 431
220 649
220 650
220 651
220 743
220 744
220 745
221 533
221 909
222 250
222 438
222 716
222 752
223 378
223 440
223 457
223 510
223 537
223 538
223 661
223 785
223 822
223 885
224 364
224 512
224 606
224 982
225 341
225 365
225 404
225 446
227 286
227 367
227 410
227 450
227 625
228 677
229 262
229 288
229 369
229 411
231 263
231 413
231 559
231 685
232 264
232 289
233 290
233 291
233 316
233 347
233 385
233 632
233 686
234 564
235 570
236 386
238 767
238 795
238 868
238 917
238 930
239 294
239 639
240 640
241 644
242 652
243 298
243 584
243 653
244 393
245 269
245 394
245 455
245 591
246 395
246 592
246 657
246 708
247 302
247 335
247 436
247 593
247 594
247 658
247 709
248 374
249 437
249 597
249 714
250 716
253 308
253 399
253 441
253 607
254 337
254 400
254 610
255 284
255 297
255 332
255 430
257 275
257 351
257 370
257 389
257 424
257 425
257 484
257 524
257 578
257 641
257 694
257 695
259 271
259 913
259 914
260 363
260 618
261 402
261 725
262 411
262 412
262 628
262 629
262 630
262 729
262 730
262 762
263 413
264 861
264 889
264 928
265 416
266 638
266 736
267 329
267 454
267 702
268 530
268 586
268 747
269 455
270 536
270 753
270 754
270 784
270 910
271 732
271 738
271 742
271 905
274 521
275 276
275 277
275 295
275 370
275 388
275 424
275 484
275 524
275 578
275 641
275 694
275 695
275 768
275 874
275 875
275 876
275 877
275 893
275 894
275 895
275 896
275 897
275 898
276 277
276 295
276 324
276 350
276 351
276 388
276 389
276 482
276 483
276 526
276 579
276 768
276 874
276 875
276 876
276 877
276 893
276 894
276 895
276 896
276 897
276 898
277 295
277 324
277 350
277 351
277 388
277 389
277 482
277 483
277 526
277 579
277 768
277 874
277 875
277 876
277 877
277 893
277 894
277 895
277 896
277 897
277 898
280 532
282 721
282 819
283 722
284 297
284 332
284 430
285 366
285 381
285 407
285 447
286 367
286 410
286 450
286 462
286 550
287 344
287 368
287 383
287 466
288 369
288 411
288 469
288 555
289 519
289 561
290 291
290 316
290 347
290 348
290 385
290 473
290 520
290 562
291 316
291 347
291 348
291 385
291 473
291 520
291 562
292 318
292 319
292 566
293 320
293 349
293 567
293 568
294 574
295 370
295 388
295 768
295 874
295 875
295 876
295 877
295 893
295 894
295 895
295 896
295 897
295 898
296 325
296 353
296 485
296 581
296 698
297 332
297 333
297 355
297 493
297 583
298 584
299 356
299 433
299 495
299 496
300 373
300 392
300 500
300 501
300 502
300 531
300 586
300 588
300 589
301 334
301 435
302 335
302 357
302 436
302 535
302 593
303 358
303 359
303 376
303 712
304 360
304 396
304 505
305 361
305 596
306 439
306 456
306 603
307 364
307 511
307 512
307 605
307 606
308 399
308 441
308 608
308 609
309 338
309 401
309 442
310 445
310 544
310 619
311 340
311 546
311 620
311 667
312 515
313 406
313 668
314 449
315 343
315 463
315 516
315 551
315 552
316 347
316 385
316 632
316 686
316 955
317 474
317 475
318 565
319 566
320 349
320 567
320 568
323 387
323 421
323 575
323 576
324 350
324 351
324 425
324 482
324 483
324 526
324 579
325 485
325 581
326 645
326 699
326 963
327 390
327 701
328 967
329 391
329 454
329 647
329 702
331 429
331 648
332 430
333 355
333 493
333 583
335 436
335 593
335 594
335 658
335 709
336 601
337 400
337 610
338 401
338 442
338 662
338 723
339 459
340 546
340 620
340 667
341 365
341 404
341 446
343 463
343 516
343 551
343 552
344 466
345 556
345 683
346 560
347 385
347 632
347 686
348 473
348 520
348 562
349 567
349 568
350 351
350 425
350 482
350 483
350 526
350 579
351 370
351 424
351 425
351 482
351 483
351 484
351 524
351 526
351 578
351 579
351 694
353 580
353 698
354 490
354 491
354 492
354 529
354 582
355 493
355 583
356 495
356 496
357 535
358 376
358 712
360 396
360 505
362 508
362 598
365 404
365 446
366 381
366 407
366 447
366 623
367 410
367 450
367 625
368 383
368 553
368 888
368 951
369 411
370 389
370 424
370 425
370 484
370 524
370 578
370 641
370 694
370 695
370 961
370 962
373 392
373 655
373 906
374 935
375 779
375 780
378 398
378 440
378 457
378 604
378 660
379 380
379 460
380 460
381 407
381 447
381 623
381 670
382 678
382 679
383 553
384 558
385 632
385 686
387 421
387 575
387 576
388 768
388 874
388 875
388 876
388 877
388 893
388 894
388 895
388 896
388 897
388 898
389 424
389 484
389 524
389 525
389 578
389 694
389 899
389 961
389 962
390 701
391 454
391 647
391 702
392 586
392 655
394 455
394 591
395 592
395 657
395 708
398 440
398 457
398 604
398 660
399 441
399 607
400 610
401 442
401 662
401 723
402 545
403 852
403 886
403 926
404 446
405 855
407 447
407 623
407 670
408 448
408 624
408 672
410 450
410 625
412 629
412 630
412 729
412 730
412 762
412 975
413 559
413 685
414 415
414 687
414 688
414 765
415 890
416 563
417 571
418 419
418 572
418 866
421 576
422 737
422 959
423 797
424 425
424 484
424 524
424 578
424 641
424 694
424 695
425 482
425 483
425 484
425 524
425 526
425 578
425 579
425 694
427 741
427 966
429 648
430 583
431 649
431 650
431 651
431 743
431 744
431 745
432 979
433 654
434 499
436 594
436 658
436 709
437 597
437 714
438 752
439 456
440 457
440 604
440 660
441 607
442 662
442 723
444 514
444 541
445 544
447 949
448 950
450 856
453 525
453 899
455 970
457 885
461 548
461 549
462 550
463 516
463 551
463 552
467 468
467 518
467 554
468 518
468 554
469 555
471 790
473 520
473 562
474 475
479 522
479 573
480 577
482 483
482 526
482 579
483 526
483 579
484 524
484 960
485 581
490 491
490 492
490 529
490 582
491 492
491 529
491 582
492 529
492 582
493 583
494 807
495 496
497 969
498 585
498 746
500 501
500 502
500 531
500 588
500 589
501 502
501 531
501 588
501 589
502 531
502 588
502 589
505 971
508 598
511 512
511 605
511 606
512 605
512 606
514 541
516 551
516 552
517 761
518 554
519 561
520 562
522 573
523 691
524 641
524 695
525 770
525 831
526 579
529 582
530 587
530 776
531 588
531 589
533 751
536 754
537 538
538 821
540 724
548 549
551 552
557 732
557 791
567 568
568 689
572 866
577 692
585 746
587 776
588 589
590 707
590 748
590 777
590 810
590 811
599 719
599 756
605 606
608 609
621 622
621 726
622 726
629 630
629 729
629 730
629 762
630 729
630 730
630 762
630 992
649 650
649 651
649 743
649 744
649 745
650 651
650 743
650 744
650 745
651 743
651 744
651 745
659 781
659 980
661 785
663 757
663 758
663 786
680 985
684 826
687 688
687 765
688 765
693 830
697 772
697 802
703 806
703 807
703 841
706 921
707 748
707 777
707 810
707 811
715 782
717 989
719 756
721 819
727 728
729 730
729 762
730 762
731 976
732 791
738 798
739 740
739 773
740 773
743 744
743 745
744 745
748 777
748 810
748 811
753 784
757 758
757 786
758 786
760 787
761 789
763 977
764 987
768 999
769 771
770 831
770 832
770 833
770 834
771 832
771 900
775 808
777 810
777 811
779 922
780 922
781 980
795 917
800 801
806 807
809 842
810 811
813 814
821 822
824 860
828 869
828 870
831 834
832 833
832 834
832 878
833 834
833 878
834 878
839 879
840 881
841 933
844 882
845 884
847 937
849 938
849 972
852 886
852 926
853 915
861 889
862 863
862 864
863 864
867 929
867 957
868 917
869 870
873 918
878 900
887 927
887 939
888 951
900 919
901 941
904 934
904 942
905 921
912 924
917 930
920 931
927 939
934 942
938 972
944 945
947 973
952 953
953 986
968 988
