0 1
0 3
0 4
0 6
0 16
0 22
0 24
0 36
0 39
0 45
0 46
0 47
0 70
0 75
0 76
0 77
0 79
0 123
0 125
0 131
0 134
0 154
0 155
0 175
0 181
0 198
0 236
0 248
0 259
0 281
0 292
0 301
0 325
0 332
0 346
0 374
0 384
0 394
0 401
0 421
0 458
0 555
0 564
0 582
0 657
0 676
0 896
1 11
1 13
1 14
1 21
1 41
1 49
1 52
1 57
1 71
1 79
1 94
1 97
1 105
1 107
1 111
1 113
1 114
1 122
1 128
1 129
1 149
1 158
1 167
1 176
1 190
1 195
1 222
1 232
1 261
1 262
1 362
1 364
1 369
1 370
1 371
1 377
1 434
1 529
1 594
1 639
1 654
1 670
1 931
2 3
2 4
2 5
2 27
2 36
2 47
2 58
2 60
2 69
2 92
2 99
2 103
2 117
2 147
2 185
2 191
2 192
2 288
2 291
2 304
2 321
2 388
2 397
2 417
2 462
2 509
2 551
2 612
2 620
2 623
2 696
2 707
2 794
3 7
3 22
3 23
3 52
3 53
3 54
3 81
3 82
3 91
3 97
3 105
3 118
3 132
3 135
3 139
3 142
3 147
3 155
3 179
3 184
3 193
3 216
3 227
3 266
3 359
3 361
3 525
3 539
3 652
3 655
3 705
3 771
4 9
4 10
4 11
4 19
4 20
4 25
4 26
4 27
4 33
4 37
4 41
4 52
4 53
4 54
4 59
4 69
4 70
4 75
4 84
4 110
4 117
4 143
4 156
4 179
4 181
4 308
4 337
4 356
4 380
4 414
4 503
4 504
4 604
4 726
4 844
4 878
5 7
5 8
5 13
5 15
5 24
5 29
5 32
5 36
5 41
5 57
5 62
5 64
5 66
5 73
5 74
5 89
5 120
5 128
5 133
5 138
5 153
5 165
5 189
5 200
5 257
5 314
5 338
5 352
5 399
5 403
5 408
5 426
5 451
5 514
5 675
5 802
5 807
5 849
5 983
6 7
6 8
6 13
6 14
6 18
6 33
6 108
6 141
6 249
6 304
6 465
6 499
6 507
6 521
6 606
6 658
6 699
6 834
7 12
7 25
7 28
7 32
7 35
7 71
7 73
7 78
7 79
7 101
7 106
7 120
7 121
7 158
7 161
7 175
7 184
7 240
7 242
7 291
7 325
7 340
7 356
7 375
7 419
7 440
7 664
8 10
8 11
8 14
8 18
8 37
8 46
8 49
8 53
8 75
8 77
8 78
8 99
8 119
8 123
8 150
8 183
8 236
8 274
8 433
9 12
9 13
9 26
9 34
9 35
9 44
9 48
9 50
9 61
9 80
9 82
9 88
9 101
9 133
9 137
9 165
9 191
9 242
9 249
9 275
9 298
9 300
9 314
9 344
9 431
9 470
9 638
9 702
10 22
10 24
10 25
10 29
10 64
10 91
10 123
10 200
10 237
10 242
10 267
10 287
10 306
10 412
10 596
10 598
10 654
10 868
11 12
11 13
11 27
11 32
11 33
11 47
11 62
11 70
11 84
11 102
11 103
11 124
11 125
11 165
11 181
11 217
11 342
11 366
11 370
11 484
11 579
11 680
12 14
12 20
12 25
12 27
12 46
12 48
12 65
12 67
12 74
12 100
12 127
12 138
12 180
12 200
12 206
12 223
12 243
12 271
12 281
12 314
12 403
12 420
12 427
12 545
12 590
12 596
13 16
13 24
13 34
13 82
13 89
13 96
13 123
13 124
13 130
13 154
13 175
13 184
13 223
13 254
13 255
13 265
13 283
13 350
13 512
13 546
13 708
13 779
13 882
13 942
14 18
14 43
14 51
14 70
14 93
14 95
14 128
14 133
14 139
14 150
14 171
14 177
14 190
14 271
14 283
14 380
14 515
14 542
14 612
14 810
15 24
15 25
15 28
15 29
15 48
15 59
15 66
15 67
15 84
15 85
15 113
15 115
15 119
15 166
15 195
15 259
15 426
15 464
15 508
15 656
15 769
15 906
15 984
16 18
16 21
16 46
16 49
16 64
16 65
16 74
16 79
16 113
16 174
16 190
16 219
16 238
16 592
16 736
16 759
17 25
17 54
17 60
17 82
17 84
17 114
17 122
17 136
17 152
17 155
17 165
17 193
17 194
17 344
17 408
17 453
17 815
18 27
18 34
18 37
18 62
18 125
18 142
18 257
18 283
18 479
18 523
18 668
18 997
19 29
19 48
19 70
19 140
19 187
19 207
19 263
19 278
19 288
19 361
19 542
19 579
19 583
19 630
20 29
20 37
20 161
20 175
20 208
20 218
20 315
20 377
20 397
20 402
20 408
20 414
20 429
20 442
20 455
20 522
21 47
21 64
21 72
21 89
21 155
21 177
21 253
21 290
21 316
21 337
21 359
21 369
21 483
21 600
21 685
21 708
22 30
22 41
22 62
22 74
22 84
22 112
22 117
22 148
22 217
22 224
22 500
22 569
22 610
22 750
23 28
23 33
23 117
23 119
23 136
23 155
23 162
23 176
23 183
23 273
23 383
23 514
23 625
23 727
23 765
23 823
24 28
24 36
24 46
24 47
24 66
24 70
24 76
24 144
24 156
24 162
24 220
24 228
24 233
24 334
24 372
24 376
24 410
24 424
24 439
25 29
25 75
25 94
25 110
25 202
25 218
25 244
25 308
25 314
25 318
26 36
26 58
26 105
26 192
26 204
26 313
26 315
26 346
26 380
26 575
26 625
27 38
27 65
27 94
27 95
27 99
27 100
27 106
27 121
27 145
27 151
27 191
27 199
27 215
27 243
27 624
27 708
27 774
27 867
28 52
28 86
28 114
28 143
28 191
28 250
28 338
28 349
28 432
28 455
28 579
28 662
28 871
29 70
29 85
29 192
29 238
29 280
29 366
29 392
29 436
29 549
30 36
30 47
30 80
30 128
30 156
30 286
30 327
30 425
30 445
30 447
30 454
30 486
30 499
30 515
30 692
30 776
31 763
31 798
31 826
31 876
31 986
32 39
32 60
32 62
32 66
32 67
32 70
32 94
32 135
32 231
32 260
32 270
32 341
32 409
32 477
32 660
32 724
32 766
32 934
32 944
33 45
33 59
33 86
33 87
33 109
33 328
33 593
34 90
34 157
34 160
34 206
34 256
34 386
34 491
34 511
35 47
35 54
35 78
35 93
35 155
35 156
35 159
35 169
35 180
35 190
35 191
35 346
35 497
35 815
36 58
36 64
36 70
36 107
36 130
36 159
36 160
36 176
36 187
36 279
36 295
36 330
36 427
36 433
36 626
36 799
36 849
37 156
37 166
37 269
37 280
37 282
37 389
37 448
37 512
37 521
37 537
38 53
38 58
38 73
38 116
38 146
38 182
38 193
38 195
38 197
38 253
38 453
39 103
39 271
39 374
39 432
39 447
39 487
39 869
40 69
40 89
40 98
40 104
40 111
40 166
40 197
40 309
40 405
40 569
40 589
40 835
41 74
41 88
41 92
41 98
41 141
41 161
41 184
41 282
41 443
41 471
41 486
41 552
41 578
41 878
41 921
42 129
42 403
42 490
42 491
42 530
43 258
43 336
43 346
43 553
43 619
43 622
43 653
43 660
43 665
44 50
44 51
44 58
44 96
44 121
44 170
44 257
44 259
44 307
44 358
44 406
44 436
44 617
44 814
45 54
45 67
45 156
45 173
45 175
45 193
45 220
45 272
45 319
45 325
45 338
45 359
45 698
46 65
46 70
46 100
46 138
46 158
46 282
46 295
46 372
46 413
46 444
46 461
46 589
46 776
47 52
47 111
47 114
47 123
47 128
47 164
47 165
47 183
47 202
47 251
47 263
47 286
47 358
47 650
48 51
48 53
48 64
48 197
48 384
48 474
48 901
49 83
49 158
49 172
49 214
49 669
50 62
50 83
50 95
50 161
50 213
50 575
50 774
50 876
51 71
51 77
51 115
51 135
51 221
51 227
51 240
51 274
51 304
51 421
51 446
51 456
51 529
51 536
51 719
52 68
52 152
52 176
52 273
52 300
52 310
52 382
52 648
53 80
53 96
53 105
53 140
53 161
53 507
53 795
54 130
54 151
54 248
54 296
54 384
54 409
54 416
54 450
54 479
54 506
54 531
55 117
55 246
55 496
55 526
55 562
55 838
55 839
55 852
56 93
56 127
56 245
56 375
56 466
57 89
57 142
57 291
57 367
57 441
57 491
58 72
58 108
58 109
58 146
58 148
58 159
58 437
58 471
58 803
59 84
59 112
59 158
59 426
59 434
59 518
60 69
60 75
60 153
60 246
60 301
60 308
60 351
60 413
60 507
60 662
60 669
61 65
61 92
61 140
61 152
61 161
61 207
61 320
61 565
62 87
62 114
62 291
62 352
62 476
62 556
63 66
63 82
63 86
63 97
63 144
63 168
63 184
63 236
63 237
63 340
63 489
63 624
64 71
64 89
64 101
64 110
64 125
64 180
64 238
64 239
64 263
64 267
64 743
65 91
65 107
65 121
65 185
65 200
65 581
65 699
66 177
66 184
66 192
66 234
66 252
66 276
66 466
66 468
66 525
67 71
67 76
67 228
67 309
67 481
67 653
67 709
68 86
68 104
68 191
68 201
68 239
68 241
68 299
68 455
68 510
69 123
69 256
69 282
69 600
69 683
69 780
70 120
70 355
70 403
70 414
70 428
70 470
71 113
71 116
71 179
71 347
71 354
71 377
71 492
71 571
71 603
71 664
72 100
72 257
72 482
73 77
73 100
73 182
73 313
73 384
73 488
73 563
73 819
74 156
74 158
74 192
74 244
74 413
74 587
74 786
74 863
75 87
75 133
75 219
75 272
75 313
75 374
75 570
75 658
75 826
76 276
76 312
76 359
76 476
76 532
76 627
77 85
77 233
77 312
77 377
77 434
77 701
78 126
78 168
78 179
78 193
78 197
78 238
78 255
78 263
79 90
79 115
79 120
79 329
79 334
79 577
79 834
80 96
80 116
80 129
80 212
80 409
80 665
80 747
80 800
81 110
81 140
81 236
81 279
81 292
81 384
81 506
82 100
82 135
82 259
82 339
82 349
82 352
82 357
82 360
82 423
82 916
83 129
83 137
83 194
83 249
83 301
83 307
83 361
83 445
83 527
84 97
84 102
84 141
84 154
84 210
84 234
84 274
84 302
85 105
85 112
85 121
85 147
85 161
85 180
85 267
85 297
85 550
85 563
85 704
85 725
86 114
86 301
86 312
86 616
86 695
86 706
87 154
87 158
87 195
87 212
87 243
87 291
87 549
87 564
88 587
88 604
88 702
89 104
89 294
89 490
90 92
90 107
90 140
90 438
90 487
90 519
90 845
91 162
91 179
91 266
91 273
91 383
91 649
91 683
91 910
92 222
92 224
92 227
92 438
92 621
92 662
92 752
92 753
93 110
93 184
93 380
93 404
93 562
93 659
93 660
93 809
94 131
94 132
94 174
94 203
94 239
94 337
94 755
94 759
95 105
95 122
95 177
95 188
95 199
95 350
95 384
95 489
95 538
95 804
96 136
96 164
96 390
96 393
97 162
97 172
97 395
97 579
98 131
98 273
98 315
98 339
98 401
98 402
98 421
98 443
98 467
98 470
99 114
99 213
99 416
99 628
99 634
100 211
100 248
100 389
100 545
100 673
100 987
101 113
101 119
101 123
101 202
101 406
101 468
102 135
102 381
102 479
102 653
102 733
103 139
103 163
103 178
103 187
103 578
104 298
104 563
104 591
104 658
104 718
104 775
104 834
105 174
105 344
105 396
105 447
105 455
105 900
106 127
106 484
106 610
107 145
107 213
107 323
107 864
108 110
108 154
108 225
108 341
108 407
108 535
108 626
108 690
108 798
109 146
109 195
109 237
109 248
109 266
109 378
109 681
110 163
110 202
110 227
110 291
110 421
110 454
110 839
111 127
111 137
111 291
111 355
111 377
111 499
111 556
112 232
112 607
112 699
113 238
113 544
113 546
113 620
114 515
115 155
115 159
115 268
115 471
115 641
116 126
116 138
116 206
116 331
116 478
117 134
117 153
117 348
117 548
117 687
117 705
117 943
118 163
118 231
118 301
118 527
118 686
118 848
119 124
119 166
119 529
119 534
120 237
120 286
120 420
120 574
120 771
121 126
121 215
121 366
121 432
121 458
121 646
122 205
122 231
122 300
122 311
122 446
123 137
123 189
123 200
123 338
123 513
123 768
124 163
124 327
124 350
125 197
125 276
125 500
125 636
126 135
126 218
126 246
126 421
126 502
126 551
127 139
127 156
127 215
127 236
127 243
127 453
128 214
128 297
128 796
129 314
129 378
129 405
129 429
129 482
129 609
129 818
129 825
130 157
130 212
130 316
130 327
130 353
130 399
130 533
130 827
130 976
131 189
131 211
131 215
131 255
131 375
131 778
132 135
132 171
132 190
132 216
132 250
132 367
132 434
133 215
133 255
133 388
133 456
133 472
134 222
134 226
134 428
135 271
135 433
135 755
136 247
136 524
136 542
136 578
137 178
137 242
137 298
137 430
137 592
137 923
138 261
138 553
138 780
139 451
139 500
139 773
140 335
140 364
140 603
140 608
140 648
141 158
141 190
141 348
141 423
141 721
141 862
142 172
142 219
142 300
142 409
142 585
142 594
142 627
142 728
143 200
143 279
143 295
143 513
143 898
144 210
144 281
144 453
145 146
145 231
145 316
146 322
146 475
146 671
146 704
146 710
146 741
146 844
147 166
147 168
147 970
148 208
148 218
148 352
148 429
148 489
148 724
149 217
149 253
149 255
149 258
149 348
149 736
149 743
150 186
150 367
151 192
151 248
151 517
152 223
152 239
152 462
152 508
152 672
152 777
153 248
153 292
153 493
153 548
153 635
153 673
154 182
154 309
154 415
154 491
154 636
154 661
154 836
155 201
155 252
155 301
155 309
155 350
156 249
156 477
156 505
156 636
156 733
157 248
157 371
157 488
158 169
158 581
158 683
158 713
159 195
159 196
160 199
160 210
160 218
160 326
160 446
160 512
160 564
161 344
161 355
161 390
161 751
162 273
162 396
162 502
162 572
162 999
163 326
163 577
164 293
164 478
164 502
164 843
165 166
165 194
165 214
165 247
165 716
166 275
166 368
166 521
166 608
167 172
167 270
167 425
167 605
167 643
168 265
168 363
168 484
168 637
169 215
169 329
169 345
169 446
170 331
170 388
170 411
170 594
171 317
172 242
172 412
172 469
172 535
173 229
173 319
173 480
173 581
173 596
173 751
174 209
174 277
174 328
174 545
174 740
174 885
175 404
175 431
175 628
175 820
176 298
176 458
176 697
177 478
177 744
178 203
178 430
179 214
179 260
179 267
180 217
181 363
181 439
181 543
181 750
182 249
182 286
182 435
182 523
182 596
182 977
182 988
183 250
183 319
183 480
183 524
183 605
183 630
184 301
184 597
185 346
185 442
185 542
185 687
185 720
186 217
186 270
186 573
186 704
186 782
186 954
187 328
187 375
187 650
188 222
188 531
188 632
188 662
189 244
189 256
189 339
189 352
189 461
189 549
190 261
190 307
190 323
190 396
190 640
190 974
191 311
191 339
191 444
191 747
192 297
192 554
193 217
193 341
193 481
194 407
194 554
194 624
195 214
195 852
196 548
196 613
196 685
196 836
196 885
197 763
198 210
198 258
198 366
198 748
199 265
199 407
199 486
199 514
200 403
201 304
201 498
201 547
201 588
202 308
202 500
203 290
203 350
203 673
204 324
204 735
205 334
205 426
205 761
205 916
206 233
206 416
206 758
207 503
207 530
207 532
208 377
208 512
208 654
208 886
209 219
209 786
210 332
210 542
211 501
211 613
211 816
211 822
211 991
212 271
212 341
212 357
212 369
212 883
213 465
213 664
214 336
214 436
214 631
215 498
215 777
216 280
216 625
217 333
218 221
218 532
218 578
219 263
219 306
219 424
219 468
219 652
220 279
220 422
220 557
220 639
221 248
221 325
221 339
221 522
221 585
222 250
222 351
222 386
222 449
223 594
223 762
224 272
224 519
224 904
224 963
225 241
225 615
225 642
226 297
226 397
227 360
227 552
227 583
227 721
228 360
229 291
229 306
229 409
229 527
229 676
230 257
230 523
230 554
230 746
231 417
231 512
231 619
232 307
232 334
232 358
232 644
232 703
232 745
233 595
233 770
233 812
234 384
234 721
234 811
234 973
234 995
235 493
235 536
235 607
235 671
235 820
235 861
235 873
235 953
236 281
236 671
237 315
237 541
238 678
238 759
239 277
239 327
239 757
240 279
240 524
240 525
240 830
241 468
241 775
241 841
241 924
243 791
243 891
244 342
244 380
244 694
244 815
245 315
245 392
245 400
245 641
245 737
245 948
246 341
246 351
246 616
247 488
247 880
248 360
248 546
248 582
249 252
249 272
249 379
249 383
249 520
249 740
250 487
250 695
250 729
250 869
251 276
251 335
251 703
251 926
252 263
252 369
252 548
252 822
253 959
254 274
254 536
255 470
256 340
256 787
257 400
257 425
257 950
259 361
259 448
259 457
259 547
259 941
260 483
260 485
260 756
261 269
261 711
262 264
262 364
262 481
262 728
262 887
263 275
263 338
263 524
263 783
264 300
264 644
265 306
265 379
266 360
266 474
266 523
266 686
267 434
267 457
267 462
268 486
268 593
268 632
269 296
269 583
270 565
270 790
271 511
271 611
272 289
273 295
273 769
275 337
275 373
275 602
275 781
275 808
276 436
276 537
277 307
277 601
278 561
279 343
279 459
280 452
280 513
281 282
281 447
282 706
282 879
283 394
283 777
284 333
284 472
285 381
285 559
286 334
286 810
286 962
286 966
287 314
287 369
287 636
288 418
288 518
288 593
289 544
289 637
290 468
291 389
292 522
293 680
293 769
294 362
294 527
294 890
294 908
295 393
296 400
296 401
296 589
299 398
299 406
299 691
301 579
302 361
302 419
302 723
302 785
303 318
303 848
304 457
305 481
305 788
305 864
307 385
308 851
309 323
309 790
310 338
310 509
310 818
311 349
311 804
312 679
312 717
312 938
313 354
313 718
314 392
314 572
314 591
314 878
315 807
316 686
316 799
317 324
317 438
317 674
318 391
318 414
319 623
319 858
320 420
320 533
321 810
321 879
322 464
322 800
322 881
324 561
325 359
325 390
326 329
326 382
327 692
328 465
328 745
328 783
329 543
330 534
330 693
330 828
331 406
331 471
331 996
332 459
332 762
333 572
333 806
334 348
335 548
335 607
336 413
336 419
336 933
337 467
338 397
338 440
339 670
339 790
341 636
341 684
342 393
342 662
343 428
343 568
344 451
344 650
345 529
345 634
345 752
346 486
346 893
347 405
347 635
348 664
348 796
349 452
350 461
350 542
351 813
351 946
352 431
353 568
353 780
353 956
354 476
354 971
355 443
355 450
356 484
357 449
357 629
357 707
357 729
358 369
358 461
359 395
360 532
360 617
361 449
361 499
361 647
361 746
362 441
363 647
363 837
364 412
364 767
364 911
364 921
364 957
365 793
365 875
366 639
367 829
368 598
368 857
368 899
370 379
370 725
371 428
371 667
371 949
372 389
373 700
373 719
374 487
374 651
376 444
376 581
377 421
378 855
380 602
380 639
380 876
381 771
382 475
382 739
382 862
382 981
383 566
383 701
384 400
384 908
385 642
385 860
386 711
387 705
387 803
388 570
389 785
391 494
392 688
393 597
394 667
395 407
395 925
396 682
397 443
398 776
399 439
399 444
399 518
399 801
399 805
400 715
401 501
401 586
402 417
402 749
404 416
404 676
405 657
407 990
408 562
408 621
408 671
408 978
410 513
410 516
411 829
411 871
413 421
414 444
415 437
417 677
418 427
418 562
419 485
419 716
420 441
421 821
422 477
422 905
423 781
424 462
424 541
424 789
427 517
427 924
429 558
429 584
429 766
430 510
430 678
431 471
431 475
431 551
431 643
432 713
432 918
432 992
433 928
435 935
436 473
436 566
438 637
438 649
439 572
439 666
440 791
442 542
442 727
443 675
445 877
447 654
447 872
448 622
449 460
449 692
449 831
450 975
452 887
453 567
453 802
454 735
456 858
456 930
456 993
458 582
458 765
458 817
459 617
460 492
460 555
461 814
462 799
463 784
463 863
463 931
464 633
466 802
466 910
466 951
467 768
468 553
469 749
471 710
472 980
473 492
474 989
476 657
477 744
478 614
479 542
479 787
480 751
480 865
482 514
482 900
483 843
484 714
485 952
487 695
487 809
487 869
489 508
494 595
495 515
495 762
496 902
497 833
497 889
498 855
503 847
504 855
504 894
505 561
506 903
508 758
510 528
510 750
510 927
511 550
512 631
514 793
515 917
516 561
517 627
518 520
518 940
520 651
522 994
525 534
525 580
525 672
526 824
526 968
527 761
528 618
528 903
529 888
530 666
530 859
531 979
532 797
533 597
533 685
534 828
535 813
536 690
537 872
537 922
538 693
539 895
540 591
541 700
543 730
544 587
544 939
548 555
550 840
551 611
551 691
556 768
556 922
557 652
557 865
558 620
558 622
558 919
559 835
560 650
560 914
561 599
561 609
562 747
563 606
564 880
566 584
569 755
573 619
574 669
575 897
576 731
576 772
580 666
580 958
583 972
585 760
586 742
587 588
588 821
590 725
590 907
591 736
592 857
595 671
597 889
599 831
599 928
600 783
601 656
603 638
606 739
606 965
609 902
609 967
610 690
610 892
612 665
612 904
612 937
613 684
614 712
614 846
615 667
617 842
620 734
621 634
628 758
628 774
628 874
629 710
629 784
630 757
630 823
630 961
633 782
634 912
635 645
638 691
639 781
640 713
641 738
644 906
645 677
645 909
651 866
654 820
655 734
655 898
658 807
659 789
660 722
661 724
663 664
663 796
665 764
666 723
674 712
675 838
678 733
681 881
681 945
682 805
683 969
685 792
688 698
689 717
689 804
692 806
694 778
695 845
696 801
697 847
698 760
704 833
708 748
710 913
712 998
715 877
716 894
719 731
722 748
722 809
722 840
722 870
727 893
729 919
730 738
730 850
731 964
732 764
740 837
742 854
745 770
753 890
754 853
754 897
754 960
756 797
760 788
767 914
769 982
772 773
777 915
779 801
782 936
785 884
794 795
808 918
812 932
815 920
817 925
818 819
819 955
824 875
827 856
832 884
841 896
854 895
860 874
873 985
883 947
917 929
