0 392
0 393
0 215
0 813
0 276
0 174
0 560
0 293
0 177
0 1067
0 557
0 686
0 1072
0 561
0 697
0 58
0 1212
0 958
0 569
0 844
0 739
0 724
0 725
0 598
0 855
0 472
0 606
0 607
0 99
0 612
0 114
0 614
0 493
0 882
1 1027
1 9
1 138
1 16
1 17
1 20
1 23
1 1052
1 413
1 291
1 295
1 41
1 199
1 688
1 817
1 690
1 190
1 49
1 966
1 967
1 72
1 86
1 474
1 221
1 232
1 881
1 116
1 117
1 118
1 122
1 124
2 513
2 6
2 8
2 194
2 16
2 275
2 164
2 294
2 551
2 43
2 1068
2 47
2 176
2 53
2 311
2 187
2 62
2 450
2 198
2 74
2 75
2 85
2 87
2 90
2 102
2 105
2 237
2 238
2 246
2 123
2 380
3 3
3 1031
3 9
3 138
3 14
3 15
3 17
3 21
3 414
3 35
3 550
3 295
3 172
3 173
3 49
3 822
3 61
3 191
3 1093
3 1094
3 972
3 462
3 593
3 221
3 222
3 869
3 370
4 128
4 770
4 12
4 397
4 19
4 286
4 288
4 421
4 166
4 551
4 814
4 563
4 821
4 827
4 190
4 565
4 71
4 73
4 80
4 597
4 859
4 482
4 871
4 750
4 120
4 127
5 1088
5 263
5 411
5 419
5 420
5 677
5 554
5 946
5 1074
5 53
5 185
5 64
5 67
5 840
5 202
5 851
5 89
5 346
5 352
5 109
5 366
5 372
5 118
5 888
5 254
6 394
6 258
6 15
6 19
6 148
6 31
6 421
6 71
6 173
6 755
6 310
6 61
6 576
6 450
6 566
6 326
6 1095
6 85
6 102
6 231
6 105
6 627
6 123
7 11
7 12
7 16
7 149
7 153
7 411
7 28
7 674
7 37
7 439
7 64
7 71
7 202
7 333
7 79
7 346
7 354
7 996
7 613
7 236
7 109
7 372
7 254
8 321
8 1059
8 33
8 71
8 424
8 137
8 170
8 1003
8 845
8 592
8 371
8 1140
8 277
8 577
8 745
8 216
8 90
8 124
8 62
9 944
9 289
9 899
9 49
9 583
9 873
9 138
9 229
9 1069
9 814
9 15
9 208
9 17
9 14
9 566
9 575
9 382
9 767
10 171
10 100
10 965
10 1158
10 40
10 778
10 107
10 76
10 557
10 974
10 911
10 184
10 427
10 1086
10 472
10 857
10 763
10 60
10 381
10 315
11 343
11 459
11 196
11 742
11 102
11 28
11 43
11 109
11 46
11 47
11 112
11 85
11 55
11 504
11 39
11 122
11 1020
11 63
12 64
12 68
12 162
12 291
12 548
12 365
12 224
12 588
12 109
12 1103
12 16
12 819
12 500
12 21
12 88
12 564
12 254
13 1024
13 1025
13 674
13 115
13 196
13 805
13 96
13 650
13 333
13 78
13 645
13 95
13 180
13 405
13 153
13 538
13 347
13 30
13 319
14 68
14 421
14 422
14 295
14 169
14 394
14 23
14 172
14 365
14 15
14 17
14 467
14 86
14 956
14 297
14 1022
15 545
15 147
15 197
15 231
15 1160
15 106
15 172
15 541
15 17
15 19
15 52
15 31
15 61
15 991
16 352
16 1028
16 230
16 1120
16 138
16 583
16 79
16 170
16 1031
16 92
16 202
16 510
16 351
17 1028
17 231
17 295
17 748
17 461
17 365
17 243
17 68
17 122
17 187
17 62
17 351
18 448
18 160
18 1188
18 465
18 239
18 464
18 56
18 51
18 436
18 1143
18 728
18 868
18 152
18 281
18 733
18 734
18 735
19 258
19 197
19 105
19 191
19 34
19 1071
19 784
19 979
19 148
19 247
19 90
19 31
19 412
19 127
20 1222
20 1155
20 1156
20 1157
20 486
20 1064
20 489
20 1200
20 1009
20 51
20 350
20 24
20 794
20 1179
20 1180
20 1150
21 993
21 34
21 132
21 162
21 42
21 435
21 49
21 979
21 757
21 23
21 953
21 59
21 124
21 221
21 31
22 834
22 771
22 36
22 104
22 540
22 714
22 139
22 114
22 1038
22 1051
22 434
22 83
22 184
22 444
22 60
22 93
22 158
23 1088
23 422
23 263
23 1052
23 202
23 224
23 596
23 124
23 500
23 564
23 1082
23 92
23 31
24 400
24 195
24 260
24 70
24 647
24 1034
24 679
24 108
24 239
24 464
24 116
24 183
24 410
24 635
24 766
25 1123
25 1124
25 1127
25 584
25 331
25 460
25 687
25 1042
25 253
25 694
25 695
25 696
25 655
25 988
25 989
25 199
26 737
26 451
26 36
26 1142
26 892
26 648
26 1065
26 1131
26 621
26 430
26 977
26 630
26 316
26 508
26 798
27 627
27 226
27 35
27 998
27 459
27 46
27 47
27 112
27 883
27 1079
27 504
27 473
27 119
27 28
27 62
28 64
28 195
28 220
28 236
28 238
28 176
28 46
28 502
28 504
28 860
28 157
28 318
29 418
29 490
29 407
29 45
29 93
29 433
29 626
29 83
29 212
29 277
29 375
29 522
29 158
29 885
30 321
30 66
30 291
30 39
30 259
30 75
30 78
30 143
30 467
30 782
30 55
30 46
30 1145
31 193
31 835
31 147
31 69
31 1161
31 49
31 155
31 1211
31 124
32 897
32 163
32 264
32 777
32 331
32 880
32 753
32 931
32 213
32 951
32 57
32 506
32 1019
32 533
33 616
33 233
33 426
33 275
33 144
33 273
33 1075
33 74
33 245
33 57
33 159
33 445
33 117
34 161
34 1061
34 476
34 63
34 1071
34 593
34 969
34 251
34 92
34 477
34 341
35 417
35 194
35 516
35 325
35 136
35 334
35 176
35 123
35 155
35 375
35 88
36 65
36 99
36 101
36 935
36 104
36 267
36 45
36 430
36 139
36 311
36 381
37 327
37 195
37 934
37 201
37 791
37 498
37 115
37 149
37 585
37 89
37 119
37 220
38 1057
38 386
38 228
38 1030
38 518
38 65
38 140
38 146
38 207
38 240
38 210
38 179
38 101
39 769
39 234
39 43
39 236
39 656
39 245
39 54
39 55
39 248
39 539
39 156
40 99
40 324
40 902
40 620
40 76
40 174
40 911
40 114
40 540
40 714
40 159
41 354
41 420
41 278
41 177
41 912
41 529
41 946
41 276
41 1045
41 118
41 858
42 100
42 773
42 774
42 72
42 523
42 44
42 53
42 341
42 1141
42 382
42 325
43 438
43 234
43 46
43 274
43 147
43 238
43 54
43 55
43 156
44 869
44 870
44 191
44 765
44 369
44 53
44 246
44 823
44 815
44 285
44 357
45 930
45 299
45 356
45 165
45 235
45 845
45 630
45 982
45 442
45 987
46 417
46 240
46 1007
46 112
46 84
46 245
46 119
47 128
47 166
47 106
47 226
47 80
47 344
47 87
47 120
47 700
48 800
48 290
48 740
48 165
48 134
48 204
48 546
48 270
48 399
48 213
48 219
48 348
49 803
49 993
49 944
49 435
49 341
49 1082
49 767
50 512
50 929
50 930
50 771
50 327
50 140
50 111
50 280
50 1112
50 1113
50 1114
50 315
51 267
51 710
51 968
51 1003
51 623
51 152
51 116
51 1019
51 1119
52 256
52 1025
52 839
52 64
52 62
52 1036
52 78
52 79
52 190
52 222
53 650
53 285
53 691
53 823
53 760
53 1066
53 453
54 123
54 775
54 618
54 80
54 55
54 255
54 189
54 62
54 63
55 610
55 873
55 234
55 376
55 248
55 447
56 710
56 877
56 878
56 1005
56 881
56 152
56 121
56 786
56 443
56 1050
57 994
57 484
57 552
57 810
57 811
57 264
57 404
57 505
57 219
58 961
58 98
58 225
58 488
58 298
58 493
58 418
58 885
58 60
58 725
59 224
59 385
59 579
59 743
59 169
59 501
59 161
59 341
59 536
59 92
60 381
60 466
60 949
60 280
60 665
60 314
60 93
60 862
61 458
61 1194
61 972
61 1201
61 119
61 792
61 668
61 618
62 551
62 74
62 437
62 247
62 85
63 128
63 1089
63 226
63 197
63 166
63 590
63 80
63 344
64 1187
64 71
64 1011
64 1012
64 89
64 318
65 737
65 555
65 228
65 648
65 267
65 430
65 313
65 571
65 894
66 1056
66 322
66 198
66 903
66 73
66 236
66 238
66 143
66 574
66 311
67 192
67 420
67 935
67 524
67 79
67 886
67 214
67 473
67 921
67 829
68 224
68 232
68 956
68 202
68 365
68 243
68 86
68 92
69 323
69 69
69 871
69 1032
69 397
69 147
69 120
69 90
69 251
70 487
70 108
70 455
70 492
70 141
70 339
70 661
70 121
70 428
71 421
71 231
71 173
71 462
71 78
72 229
72 295
72 137
72 110
72 112
72 500
72 201
72 415
73 294
73 328
73 105
73 130
73 143
73 401
73 137
73 286
74 164
74 390
74 198
74 75
74 1154
74 144
74 1048
75 101
75 198
75 103
75 233
75 273
75 87
75 377
76 512
76 722
76 175
76 561
76 914
76 723
76 276
76 970
77 384
77 135
77 330
77 1070
77 496
77 177
77 1106
77 142
77 858
77 383
78 98
78 809
78 110
78 439
78 825
78 347
79 129
79 386
79 388
79 641
79 153
79 157
80 642
80 106
80 268
80 85
80 87
80 120
81 163
81 100
81 101
81 842
81 427
81 688
81 113
81 850
81 211
81 549
82 192
82 514
82 230
82 522
82 83
82 789
82 186
82 188
82 554
82 373
83 99
83 741
83 104
83 470
83 522
83 658
83 186
84 417
84 201
84 234
84 110
84 112
84 146
84 334
84 119
84 156
85 166
85 429
85 247
85 344
85 187
86 530
86 973
86 306
86 110
86 88
86 1081
86 914
87 105
87 173
87 273
87 187
87 317
87 382
88 96
88 352
88 548
88 564
88 150
88 346
89 498
89 888
89 153
89 890
89 220
89 318
90 105
90 258
90 412
90 189
90 127
91 546
91 99
91 298
91 171
91 270
91 211
91 568
91 1049
91 924
92 1223
92 1129
92 202
92 1069
93 834
93 101
93 1062
93 270
93 531
93 280
94 99
94 296
94 269
94 398
94 211
94 302
94 342
94 887
94 568
95 736
95 96
95 259
95 581
95 359
95 585
95 586
95 562
96 115
96 100
96 232
96 333
96 530
96 243
97 1165
97 1166
97 824
97 468
97 152
97 1172
97 635
97 1148
97 1149
98 257
98 456
98 457
98 523
98 182
98 887
98 222
99 300
99 813
99 724
100 199
100 263
100 588
100 182
100 188
101 130
101 139
101 133
101 271
102 246
102 950
102 310
102 792
102 123
102 189
103 197
103 519
103 744
103 105
103 380
103 668
103 637
103 959
104 577
104 139
104 299
104 140
104 1010
104 356
105 148
105 286
106 1089
106 226
106 166
106 231
106 590
106 344
107 643
107 427
107 332
107 557
107 176
107 242
107 215
107 472
108 455
108 203
108 339
108 693
108 183
108 570
108 309
109 354
109 1099
109 1100
109 210
109 439
110 359
110 112
110 178
110 153
110 347
111 386
111 228
111 179
111 212
111 375
111 632
111 1051
111 1118
112 234
112 119
112 156
113 163
113 612
113 171
113 525
113 1135
113 211
113 667
114 418
114 690
114 820
114 540
114 223
115 129
115 498
115 538
115 220
115 702
116 167
116 244
116 152
116 507
116 350
117 195
117 591
117 118
117 376
117 411
117 413
118 875
118 718
118 402
118 185
119 1020
119 1183
120 288
120 268
120 563
120 187
121 684
121 729
121 410
121 731
121 732
121 730
122 194
122 782
122 369
122 817
122 926
123 148
123 189
123 222
124 1186
124 461
124 191
125 1090
125 1091
125 804
125 901
125 589
125 483
125 891
125 508
126 647
126 1163
126 1167
126 1169
126 244
126 152
126 154
126 572
127 193
127 251
127 563
127 148
127 827
128 262
128 717
128 1204
128 301
128 700
129 896
129 1221
129 585
129 556
129 666
129 415
130 513
130 137
130 376
130 378
130 571
130 159
131 738
131 1126
131 716
131 362
131 204
131 463
131 349
131 287
132 161
132 1063
132 169
132 985
132 180
132 1015
132 596
133 897
133 134
133 841
133 179
133 218
133 798
133 357
134 676
134 235
134 146
134 213
134 982
134 378
135 420
135 178
135 943
135 562
135 1044
135 405
135 511
136 417
136 807
136 744
136 495
136 405
136 609
136 414
137 320
137 556
137 181
137 313
138 289
138 172
138 435
138 566
139 235
139 424
139 434
139 444
140 512
140 960
140 816
140 320
140 316
141 368
141 145
141 183
141 431
141 624
141 625
141 1047
142 741
142 970
142 686
142 496
142 852
142 470
142 1054
143 322
143 236
143 984
143 156
143 445
144 390
144 721
144 181
144 889
144 602
145 487
145 492
145 622
145 431
145 151
145 443
146 849
146 605
146 446
146 255
147 193
147 494
147 757
148 1066
148 310
149 328
149 983
149 217
149 220
149 255
150 194
150 237
150 755
150 469
150 189
150 286
151 260
151 1005
151 244
151 154
151 1117
151 478
152 507
153 495
153 978
154 160
154 898
154 260
154 766
154 824
155 555
155 748
155 371
155 191
155 222
156 769
156 359
157 1058
157 361
157 265
157 473
157 829
158 900
158 230
158 806
158 1033
158 893
159 704
159 1102
159 186
159 510
160 448
160 1216
160 712
160 241
160 507
161 1060
161 422
161 713
161 1106
162 323
162 746
162 803
162 412
162 597
163 801
163 335
163 951
163 990
164 983
164 592
164 535
164 1048
164 217
165 906
165 651
165 335
165 433
165 184
166 775
166 788
167 195
167 260
167 679
167 1064
167 1009
167 794
168 547
168 201
168 1039
168 818
168 307
168 440
168 255
169 718
169 536
169 1022
169 383
170 386
170 613
170 249
170 632
170 441
171 580
171 363
171 211
171 381
172 854
172 1175
172 191
173 1094
173 429
173 187
174 961
174 929
174 298
174 175
174 280
175 864
175 387
175 457
175 395
175 1116
176 523
176 206
176 604
177 416
177 460
177 884
177 764
178 416
178 1041
178 754
178 276
178 479
179 225
179 419
179 587
179 366
180 1108
180 1110
180 308
180 284
180 509
181 304
181 227
181 305
181 409
181 345
182 996
182 361
182 369
182 405
182 1053
183 487
183 492
183 654
183 1104
184 515
184 939
184 942
184 549
185 354
185 678
185 937
185 514
185 214
186 192
186 514
186 452
186 441
187 1105
188 937
188 554
188 373
188 921
188 474
189 516
189 286
190 262
190 785
190 991
192 1008
192 402
192 851
193 550
193 843
193 221
194 997
194 413
195 586
196 352
196 809
196 591
196 346
197 619
197 750
198 642
198 984
199 531
199 667
199 639
200 227
200 367
200 304
200 305
200 345
200 409
201 539
201 220
203 449
203 938
203 533
203 534
203 670
204 716
204 1076
204 918
204 863
205 864
205 802
205 298
205 395
205 269
205 336
206 528
206 866
206 584
206 939
206 531
207 227
207 304
207 305
207 409
207 345
208 579
208 553
208 297
208 330
208 1162
209 709
209 783
209 787
209 761
209 282
209 863
210 388
210 1125
210 934
210 1074
211 296
212 423
212 1073
212 761
212 287
213 518
213 406
213 925
214 747
214 419
214 1044
214 373
215 1072
215 242
215 660
215 315
216 233
216 1134
216 445
216 248
216 765
217 322
217 747
217 245
217 637
218 960
218 357
218 371
218 920
218 447
219 225
219 675
219 685
219 533
221 323
221 541
222 821
223 451
223 358
223 652
223 633
223 314
224 581
224 636
225 266
225 275
225 1016
226 590
226 883
227 390
227 299
227 360
228 1125
228 240
228 659
229 899
229 289
229 243
230 601
230 316
232 1177
232 636
233 804
233 367
235 652
235 399
237 619
237 469
237 414
238 294
239 281
239 350
239 1119
240 256
240 255
241 368
241 1034
241 355
241 478
242 363
242 948
242 332
243 351
244 756
244 478
245 250
246 628
246 285
247 288
247 268
248 401
248 359
249 424
249 1008
249 290
249 366
250 328
250 889
250 940
250 454
251 952
251 482
252 256
252 610
252 830
252 334
252 511
253 528
253 954
253 848
253 1199
254 319
254 511
256 325
256 289
257 296
257 342
257 1101
257 398
258 353
258 785
259 521
259 538
259 516
260 355
261 1168
261 1130
261 1195
261 1132
261 654
262 595
262 397
262 503
263 1225
263 562
264 499
264 941
264 936
265 521
265 474
265 678
265 525
266 800
266 793
266 404
266 367
267 315
267 311
268 874
268 429
269 808
269 270
269 847
270 546
271 313
271 811
271 300
271 337
272 331
272 1043
272 362
272 795
272 720
273 484
273 303
274 920
274 414
274 526
274 995
275 499
275 1026
276 392
277 577
277 900
277 806
278 923
278 1061
278 926
278 909
279 1081
279 471
279 476
279 285
279 1079
280 307
281 400
281 350
281 615
282 728
282 425
282 1050
282 895
283 752
283 340
283 559
283 1084
283 967
284 536
284 385
284 413
284 553
285 1017
287 801
287 933
287 374
288 952
288 482
289 583
290 653
290 673
290 407
291 1027
291 548
292 1057
292 721
292 356
292 390
292 793
293 1065
293 1115
293 356
293 692
294 736
294 1029
296 1037
296 846
297 385
297 330
297 408
298 391
299 305
299 345
300 378
300 908
300 399
301 595
301 503
301 565
301 397
302 456
302 1176
302 1220
303 908
303 1013
303 629
304 360
306 969
306 973
306 351
307 608
307 1040
308 408
308 1060
308 509
309 400
309 410
309 786
310 326
312 689
312 1076
312 838
312 745
313 555
314 1033
314 389
316 857
317 1068
317 462
317 870
318 773
319 840
319 333
320 616
320 452
321 401
321 535
322 535
323 412
324 955
324 1077
324 799
325 495
326 459
326 453
327 1080
327 1040
328 574
329 682
329 331
329 726
329 639
330 912
332 673
332 407
334 1202
335 433
335 778
336 1049
336 779
336 391
337 609
337 547
337 526
338 706
338 1083
338 1092
338 1078
339 730
339 878
340 1184
340 486
340 1191
342 1043
342 1189
343 1080
343 998
343 542
347 586
348 449
348 675
348 796
349 992
349 699
349 532
353 836
353 461
353 394
355 465
355 572
357 841
358 833
358 980
358 1085
360 409
360 621
361 852
361 669
362 904
362 927
363 844
363 663
364 808
364 488
364 1116
364 847
366 875
367 671
368 622
368 1151
369 1120
370 953
370 541
370 501
371 571
372 922
372 524
373 587
374 537
374 463
374 1023
375 1010
376 380
377 1139
377 426
377 1013
378 603
379 848
379 699
379 580
379 719
380 524
382 797
383 723
383 393
384 553
384 754
384 999
385 543
387 416
387 560
387 902
388 978
388 818
389 664
389 1035
389 493
391 395
391 802
392 964
392 789
393 1224
393 560
394 545
395 488
396 1208
396 882
396 958
396 1206
398 456
398 1000
399 671
400 732
401 656
402 440
402 578
403 570
403 1098
403 917
403 1023
404 1182
404 910
406 672
406 938
406 534
407 626
408 1107
408 1109
410 436
411 517
415 704
415 547
416 1070
418 1085
419 587
422 596
423 880
423 787
423 532
425 489
425 1014
426 629
428 582
428 981
431 712
432 832
432 682
432 1170
434 1128
436 640
437 770
437 503
438 1002
438 469
440 578
441 578
442 1091
442 971
443 758
444 892
446 691
446 575
447 830
448 464
449 740
450 836
451 971
452 894
453 458
454 1056
454 940
455 624
457 856
458 644
460 1042
463 532
465 623
466 1035
466 1006
467 751
468 1098
468 756
470 861
471 1017
471 1093
475 768
475 611
475 1004
476 477
477 501
479 496
479 909
480 954
480 772
480 1087
481 1087
481 1037
481 1101
483 995
483 484
485 1136
485 681
485 1159
486 559
489 752
490 891
490 508
491 521
491 606
491 855
494 1032
494 784
497 1121
497 916
497 525
499 901
502 1024
502 805
505 932
505 558
506 1214
506 727
509 543
510 680
513 611
515 945
515 1126
517 1015
517 543
518 922
519 592
519 1004
520 865
520 749
520 1014
526 959
527 1096
527 989
527 853
528 957
529 579
529 943
530 588
534 876
537 589
537 918
539 617
542 825
542 860
544 1185
544 1011
544 1012
545 565
549 1218
550 903
552 947
552 558
556 605
558 1146
559 1178
561 598
567 697
567 739
567 1067
568 698
569 660
569 662
570 879
572 1084
573 1001
573 962
573 1108
574 919
575 1210
576 985
576 743
580 924
581 776
582 729
582 877
584 990
589 1096
591 791
593 1063
594 879
594 1021
594 831
595 874
597 1103
598 923
599 992
599 927
600 1105
600 910
601 1111
602 1075
603 692
604 974
607 646
608 680
614 916
615 733
617 1007
620 722
625 661
628 1095
631 1171
631 797
633 1090
634 826
634 1046
638 986
638 1196
640 693
641 702
643 1128
644 1002
645 760
646 955
649 839
649 799
651 826
653 893
655 701
657 715
657 1124
658 1102
659 1039
662 986
663 780
664 820
665 861
666 711
669 964
670 968
672 850
676 1133
677 1045
681 689
683 842
683 1046
684 758
685 849
687 720
694 976
695 726
696 866
698 856
701 957
703 705
703 762
705 763
706 1021
707 708
707 975
708 904
709 917
711 1138
713 776
715 1152
717 788
719 913
727 941
731 734
735 1117
738 905
742 790
746 859
749 1213
751 1100
753 876
759 933
759 1198
762 1144
764 1122
768 815
772 779
774 807
777 884
780 1137
781 1147
781 947
783 925
790 890
795 931
796 994
810 831
812 936
812 1174
816 1111
819 1207
822 919
828 932
828 1164
832 915
833 853
835 854
837 988
837 838
843 1192
846 1077
862 1055
865 907
867 928
867 907
868 895
872 1121
872 1217
886 1099
896 1113
898 1153
905 945
906 915
913 1127
928 1104
942 1073
948 1055
949 1038
950 997
962 1190
963 1219
963 1110
965 1062
966 1193
975 976
977 980
981 1047
987 1018
999 1054
1000 1001
1006 1097
1016 1173
1018 1115
1026 1209
1029 1059
1030 1114
1036 1041
1053 1058
1078 1197
1083 1205
1086 1097
1092 1203
1107 1181
1109 1215
1112 1118
1122 1123
