0 1
0 2
1 2
2 3
0 3
1 4
0 4
3 5
1 5
2 6
0 6
0 7
3 7
1 8
5 8
5 9
2 9
0 10
6 10
10 11
6 11
1 12
0 12
7 13
4 13
0 14
5 14
0 15
5 15
2 16
4 16
2 17
8 17
2 18
1 18
0 19
3 19
7 20
14 20
5 21
7 21
3 22
9 22
6 23
5 23
21 24
7 24
5 25
3 25
1 26
19 26
5 27
1 27
19 28
7 28
0 29
7 29
3 30
2 30
0 31
2 31
3 32
1 32
8 33
13 33
5 34
3 34
13 35
4 35
6 36
2 36
34 37
0 37
35 38
0 38
7 39
0 39
19 40
3 40
2 41
3 41
13 42
0 42
3 43
0 43
10 44
40 44
7 45
4 45
26 46
2 46
12 47
42 47
47 48
2 48
6 49
3 49
31 50
9 50
3 51
7 51
13 52
5 52
0 53
2 53
7 54
0 54
1 55
3 55
52 56
48 56
13 57
7 57
5 58
7 58
48 59
6 59
2 60
15 60
35 61
3 61
2 62
35 62
57 63
2 63
21 64
3 64
0 65
40 65
0 66
6 66
7 67
47 67
48 68
5 68
5 69
48 69
23 70
27 70
36 71
2 71
2 72
0 72
2 73
28 73
64 74
3 74
2 75
7 75
3 76
7 76
48 77
2 77
47 78
71 78
34 79
8 79
13 80
33 80
34 81
5 81
33 82
5 82
67 83
49 83
33 84
48 84
1 85
7 85
5 86
2 86
0 87
53 87
2 88
12 88
52 89
7 89
15 90
5 90
7 91
3 91
21 92
76 92
39 93
0 93
92 94
12 94
35 95
5 95
1 96
76 96
5 97
3 97
0 98
2 98
5 99
34 99
7 100
13 100
8 101
2 101
39 102
85 102
48 103
59 103
59 104
1 104
48 105
0 105
4 106
103 106
103 107
0 107
1 108
2 108
48 109
5 109
8 110
12 110
7 111
53 111
3 112
52 112
77 113
26 113
51 114
52 114
3 115
12 115
5 116
59 116
5 117
65 117
0 118
2 118
19 119
2 119
103 120
48 120
39 121
52 121
12 122
0 122
83 123
48 123
34 124
3 124
33 125
48 125
14 126
27 126
35 127
2 127
113 128
5 128
117 129
34 129
35 130
52 130
109 131
96 131
48 132
104 132
42 133
7 133
95 134
0 134
13 135
48 135
73 136
113 136
129 137
6 137
41 138
1 138
5 139
8 139
88 140
119 140
8 141
26 141
98 142
5 142
29 143
5 143
5 144
1 144
83 145
3 145
76 146
40 146
140 147
12 147
4 148
113 148
131 149
103 149
74 150
130 150
131 151
5 151
14 152
17 152
12 153
97 153
4 154
5 154
48 155
2 155
5 156
12 156
79 157
0 157
3 158
106 158
5 159
145 159
7 160
103 160
53 161
13 161
6 162
12 162
12 163
48 163
4 164
5 164
101 165
6 165
28 166
119 166
2 167
0 167
40 168
28 168
85 169
95 169
5 170
101 170
125 171
4 171
47 172
64 172
1 173
0 173
59 174
5 174
47 175
96 175
5 176
52 176
35 177
0 177
6 178
65 178
41 179
3 179
35 180
134 180
21 181
107 181
162 182
119 182
2 183
124 183
23 184
39 184
83 185
13 185
95 186
21 186
53 187
26 187
124 188
39 188
2 189
55 189
0 190
34 190
26 191
2 191
4 192
6 192
4 193
159 193
59 194
7 194
5 195
68 195
3 196
1 196
5 197
6 197
3 198
1 198
3 199
2 199
38 200
83 200
13 201
47 201
52 202
104 202
5 203
104 203
85 204
12 204
110 205
48 205
13 206
0 206
28 207
175 207
146 208
205 208
3 209
4 209
35 210
4 210
2 211
133 211
34 212
43 212
124 213
21 213
202 214
139 214
7 215
201 215
142 216
161 216
131 217
7 217
33 218
2 218
19 219
6 219
133 220
3 220
155 221
83 221
0 222
52 222
0 223
72 223
1 224
59 224
7 225
13 225
6 226
13 226
41 227
100 227
35 228
60 228
0 229
8 229
13 230
38 230
28 231
106 231
101 232
162 232
103 233
2 233
118 234
0 234
197 235
173 235
4 236
79 236
7 237
40 237
47 238
35 238
179 239
0 239
0 240
21 240
98 241
52 241
3 242
128 242
154 243
3 243
1 244
2 244
121 245
23 245
0 246
4 246
202 247
141 247
175 248
4 248
56 249
19 249
1 250
61 250
85 251
23 251
28 252
5 252
201 253
106 253
2 254
7 254
103 255
19 255
33 256
141 256
73 257
4 257
133 258
0 258
2 259
28 259
3 260
34 260
0 261
12 261
2 262
19 262
4 263
158 263
88 264
2 264
158 265
40 265
222 266
19 266
131 267
221 267
228 268
47 268
3 269
119 269
59 270
2 270
7 271
57 271
148 272
3 272
13 273
104 273
211 274
119 274
162 275
153 275
3 276
4 276
18 277
216 277
0 278
48 278
233 279
1 279
35 280
7 280
146 281
264 281
228 282
134 282
85 283
0 283
0 284
34 284
134 285
172 285
3 286
150 286
34 287
28 287
28 288
141 288
6 289
28 289
30 290
106 290
107 291
2 291
48 292
33 292
47 293
94 293
266 294
47 294
3 295
5 295
0 296
116 296
0 297
30 297
47 298
280 298
2 299
64 299
223 300
2 300
137 301
2 301
0 302
4 302
2 303
23 303
35 304
158 304
76 305
2 305
3 306
28 306
30 307
0 307
35 308
85 308
65 309
94 309
3 310
5 310
227 311
0 311
83 312
5 312
309 313
255 313
30 314
109 314
7 315
5 315
309 316
2 316
3 317
137 317
71 318
21 318
139 319
221 319
13 320
152 320
0 321
19 321
156 322
191 322
73 323
1 323
135 324
6 324
0 325
131 325
2 326
92 326
0 327
195 327
6 328
83 328
92 329
72 329
40 330
215 330
197 331
328 331
19 332
0 332
141 333
57 333
78 334
197 334
175 335
168 335
59 336
67 336
64 337
111 337
12 338
34 338
57 339
7 339
6 340
75 340
154 341
22 341
131 342
52 342
131 343
103 343
189 344
68 344
64 345
6 345
64 346
95 346
4 347
289 347
3 348
0 348
85 349
13 349
7 350
221 350
3 351
294 351
82 352
52 352
7 353
26 353
34 354
4 354
7 355
116 355
103 356
48 356
285 357
195 357
47 358
134 358
139 359
28 359
175 360
2 360
6 361
154 361
266 362
118 362
0 363
253 363
35 364
94 364
6 365
57 365
173 366
2 366
2 367
122 367
148 368
188 368
12 369
33 369
48 370
7 370
211 371
6 371
314 372
2 372
82 373
194 373
110 374
26 374
3 375
323 375
0 376
5 376
67 377
0 377
77 378
313 378
336 379
8 379
214 380
267 380
5 381
244 381
5 382
292 382
298 383
4 383
38 384
47 384
321 385
131 385
35 386
97 386
68 387
172 387
65 388
2 388
317 389
128 389
139 390
52 390
2 391
3 391
28 392
3 392
3 393
304 393
1 394
12 394
48 395
79 395
52 396
313 396
3 397
2 397
65 398
227 398
293 399
83 399
38 400
2 400
169 401
342 401
251 402
399 402
77 403
13 403
2 404
328 404
114 405
7 405
39 406
323 406
221 407
51 407
12 408
3 408
5 409
56 409
162 410
244 410
127 411
65 411
307 412
75 412
319 413
320 413
170 414
7 414
3 415
240 415
21 416
105 416
34 417
118 417
221 418
118 418
369 419
6 419
47 420
319 420
8 421
100 421
313 422
57 422
6 423
421 423
34 424
0 424
119 425
362 425
312 426
140 426
96 427
397 427
86 428
35 428
1 429
21 429
77 430
410 430
271 431
40 431
3 432
2 432
6 433
106 433
5 434
415 434
3 435
106 435
85 436
31 436
104 437
141 437
0 438
19 438
47 439
59 439
151 440
59 440
125 441
192 441
1 442
5 442
154 443
320 443
137 444
313 444
26 445
435 445
7 446
29 446
110 447
4 447
331 448
175 448
180 449
146 449
81 450
418 450
83 451
1 451
59 452
402 452
361 453
1 453
271 454
2 454
2 455
356 455
2 456
141 456
33 457
12 457
5 458
61 458
57 459
13 459
273 460
38 460
47 461
90 461
158 462
5 462
7 463
371 463
19 464
110 464
5 465
0 465
57 466
4 466
1 467
85 467
5 468
454 468
75 469
56 469
48 470
31 470
263 471
372 471
206 472
443 472
300 473
434 473
110 474
197 474
5 475
372 475
239 476
4 476
346 477
133 477
104 478
0 478
16 479
141 479
110 480
24 480
464 481
3 481
2 482
59 482
13 483
39 483
369 484
141 484
35 485
0 485
48 486
118 486
52 487
28 487
0 488
6 488
15 489
0 489
3 490
206 490
257 491
95 491
3 492
106 492
54 493
34 493
47 494
13 494
491 495
172 495
284 496
95 496
118 497
249 497
286 498
3 498
68 499
6 499
13 500
119 500
6 501
372 501
57 502
48 502
131 503
7 503
206 504
435 504
3 505
31 505
206 506
360 506
59 507
255 507
398 508
0 508
49 509
29 509
13 510
6 510
5 511
16 511
22 512
19 512
258 513
159 513
407 514
6 514
7 515
28 515
28 516
16 516
7 517
2 517
59 518
35 518
31 519
244 519
507 520
0 520
205 521
120 521
59 522
319 522
26 523
197 523
21 524
506 524
4 525
39 525
319 526
52 526
222 527
48 527
452 528
97 528
26 529
81 529
2 530
359 530
293 531
253 531
35 532
470 532
5 533
103 533
131 534
0 534
119 535
2 535
13 536
0 536
29 537
521 537
179 538
222 538
532 539
8 539
12 540
7 540
4 541
366 541
168 542
2 542
21 543
48 543
7 544
23 544
83 545
15 545
131 546
366 546
111 547
5 547
85 548
4 548
7 549
103 549
103 550
180 550
311 551
139 551
59 552
16 552
1 553
382 553
474 554
12 554
326 555
41 555
512 556
367 556
73 557
27 557
13 558
18 558
146 559
94 559
461 560
410 560
173 561
130 561
421 562
75 562
110 563
6 563
2 564
12 564
77 565
6 565
2 566
192 566
0 567
402 567
6 568
435 568
293 569
124 569
224 570
48 570
428 571
159 571
262 572
275 572
151 573
138 573
549 574
3 574
2 575
530 575
41 576
414 576
470 577
494 577
19 578
35 578
222 579
206 579
131 580
59 580
0 581
7 581
335 582
489 582
29 583
563 583
19 584
140 584
6 585
275 585
48 586
21 586
145 587
48 587
4 588
95 588
362 589
15 589
5 590
48 590
118 591
3 591
350 592
24 592
116 593
382 593
21 594
275 594
12 595
501 595
114 596
21 596
56 597
5 597
4 598
96 598
0 599
140 599
7 600
34 600
1 601
74 601
328 602
313 602
543 603
1 603
33 604
18 604
2 605
507 605
83 606
6 606
280 607
2 607
72 608
35 608
233 609
59 609
394 610
2 610
595 611
192 611
202 612
139 612
48 613
2 613
3 614
69 614
13 615
0 615
349 616
71 616
35 617
83 617
258 618
3 618
34 619
47 619
107 620
0 620
26 621
175 621
12 622
3 622
521 623
608 623
173 624
48 624
495 625
132 625
73 626
13 626
4 627
12 627
5 628
574 628
146 629
0 629
3 630
264 630
369 631
221 631
35 632
340 632
4 633
35 633
41 634
26 634
346 635
13 635
4 636
52 636
7 637
129 637
216 638
3 638
16 639
0 639
59 640
210 640
291 641
173 641
6 642
145 642
33 643
52 643
0 644
13 644
3 645
410 645
601 646
7 646
0 647
560 647
5 648
7 648
0 649
148 649
343 650
140 650
639 651
2 651
59 652
82 652
145 653
5 653
3 654
4 654
21 655
359 655
402 656
118 656
281 657
12 657
6 658
184 658
202 659
50 659
34 660
95 660
0 661
590 661
284 662
34 662
85 663
12 663
576 664
2 664
2 665
263 665
103 666
487 666
293 667
2 667
2 668
134 668
643 669
5 669
211 670
122 670
6 671
4 671
321 672
35 672
95 673
312 673
195 674
39 674
319 675
4 675
64 676
572 676
35 677
7 677
512 678
541 678
201 679
248 679
88 680
435 680
225 681
111 681
608 682
564 682
203 683
239 683
2 684
52 684
9 685
301 685
110 686
563 686
83 687
0 687
490 688
8 688
2 689
321 689
684 690
370 690
40 691
662 691
141 692
446 692
134 693
69 693
3 694
5 694
4 695
131 695
2 696
12 696
3 697
216 697
694 698
469 698
13 699
134 699
7 700
643 700
101 701
138 701
309 702
431 702
52 703
6 703
5 704
59 704
208 705
141 705
53 706
2 706
7 707
85 707
47 708
1 708
195 709
154 709
255 710
531 710
333 711
19 711
686 712
5 712
349 713
57 713
297 714
1 714
48 715
21 715
5 716
56 716
369 717
495 717
273 718
2 718
5 719
81 719
298 720
4 720
311 721
1 721
415 722
114 722
2 723
16 723
12 724
104 724
33 725
2 725
0 726
221 726
284 727
5 727
151 728
6 728
65 729
0 729
27 730
421 730
2 731
1 731
13 732
656 732
12 733
0 733
28 734
250 734
560 735
178 735
277 736
20 736
5 737
421 737
68 738
331 738
346 739
4 739
6 740
13 740
13 741
6 741
48 742
663 742
4 743
48 743
118 744
7 744
106 745
509 745
5 746
51 746
540 747
197 747
3 748
289 748
3 749
407 749
462 750
19 750
1 751
0 751
51 752
57 752
2 753
450 753
287 754
547 754
467 755
12 755
221 756
313 756
162 757
175 757
35 758
676 758
4 759
269 759
5 760
65 760
185 761
88 761
5 762
6 762
507 763
89 763
275 764
356 764
684 765
68 765
0 766
736 766
293 767
267 767
124 768
7 768
35 769
489 769
159 770
644 770
48 771
52 771
383 772
67 772
162 773
0 773
173 774
5 774
65 775
770 775
584 776
633 776
34 777
13 777
22 778
412 778
110 779
708 779
654 780
119 780
221 781
776 781
22 782
35 782
286 783
113 783
57 784
569 784
34 785
2 785
0 786
259 786
42 787
13 787
677 788
264 788
293 789
34 789
2 790
95 790
351 791
83 791
2 792
683 792
195 793
2 793
756 794
30 794
713 795
7 795
175 796
55 796
76 797
3 797
38 798
3 798
114 799
83 799
179 800
85 800
28 801
3 801
202 802
303 802
549 803
644 803
2 804
131 804
290 805
110 805
3 806
59 806
313 807
471 807
7 808
6 808
743 809
4 809
802 810
59 810
83 811
19 811
155 812
47 812
2 813
28 813
2 814
107 814
331 815
7 815
77 816
97 816
789 817
8 817
57 818
36 818
5 819
590 819
129 820
3 820
680 821
7 821
799 822
111 822
35 823
255 823
34 824
3 824
221 825
134 825
12 826
79 826
146 827
253 827
5 828
726 828
369 829
27 829
6 830
526 830
364 831
47 831
21 832
1 832
52 833
28 833
405 834
168 834
223 835
7 835
337 836
225 836
345 837
21 837
83 838
32 838
146 839
12 839
18 840
423 840
3 841
167 841
97 842
87 842
181 843
57 843
215 844
707 844
211 845
0 845
151 846
364 846
0 847
30 847
552 848
712 848
642 849
47 849
107 850
79 850
838 851
2 851
398 852
331 852
3 853
5 853
338 854
13 854
63 855
794 855
77 856
33 856
48 857
578 857
4 858
300 858
8 859
35 859
452 860
756 860
413 861
180 861
388 862
19 862
729 863
97 863
48 864
1 864
3 865
42 865
100 866
4 866
839 867
131 867
96 868
26 868
30 869
563 869
662 870
64 870
41 871
122 871
65 872
47 872
549 873
349 873
2 874
1 874
0 875
52 875
83 876
151 876
47 877
808 877
70 878
313 878
175 879
65 879
56 880
3 880
3 881
298 881
334 882
65 882
103 883
113 883
7 884
213 884
1 885
321 885
3 886
512 886
2 887
173 887
166 888
40 888
205 889
3 889
345 890
131 890
31 891
434 891
369 892
96 892
8 893
35 893
776 894
366 894
366 895
175 895
1 896
291 896
530 897
28 897
6 898
785 898
100 899
116 899
285 900
40 900
714 901
35 901
455 902
106 902
363 903
221 903
163 904
356 904
598 905
139 905
2 906
81 906
264 907
602 907
57 908
1 908
1 909
6 909
1 910
173 910
328 911
617 911
121 912
48 912
7 913
3 913
94 914
7 914
779 915
28 915
172 916
913 916
7 917
64 917
1 918
2 918
691 919
139 919
642 920
7 920
880 921
6 921
21 922
223 922
90 923
528 923
900 924
172 924
34 925
28 925
75 926
414 926
1 927
87 927
113 928
13 928
644 929
236 929
826 930
811 930
255 931
860 931
1 932
12 932
140 933
227 933
462 934
255 934
246 935
1 935
7 936
47 936
275 937
87 937
56 938
799 938
31 939
137 939
860 940
12 940
2 941
0 941
1 942
496 942
446 943
3 943
23 944
120 944
26 945
19 945
170 946
911 946
203 947
3 947
7 948
655 948
5 949
39 949
92 950
473 950
677 951
77 951
21 952
392 952
314 953
34 953
687 954
734 954
77 955
148 955
2 956
47 956
321 957
680 957
399 958
13 958
141 959
287 959
113 960
625 960
33 961
442 961
735 962
450 962
2 963
21 963
813 964
1 964
108 965
264 965
1 966
421 966
107 967
253 967
13 968
179 968
40 969
78 969
423 970
39 970
813 971
5 971
59 972
23 972
927 973
372 973
0 974
3 974
83 975
235 975
669 976
901 976
222 977
752 977
420 978
320 978
148 979
5 979
52 980
13 980
756 981
140 981
131 982
255 982
372 983
131 983
173 984
48 984
47 985
336 985
133 986
48 986
139 987
703 987
1 988
64 988
405 989
6 989
887 990
59 990
30 991
986 991
98 992
2 992
507 993
0 993
129 994
169 994
6 995
343 995
3 996
13 996
789 997
203 997
602 998
95 998
712 999
222 999
1 0
2 0
2 1
3 2
3 0
4 1
4 0
5 3
5 1
6 2
6 0
7 0
7 3
8 1
8 5
9 5
9 2
10 0
10 6
11 10
11 6
12 1
12 0
13 7
13 4
14 0
14 5
15 0
15 5
16 2
16 4
17 2
17 8
18 2
18 1
19 0
19 3
20 7
20 14
21 5
21 7
22 3
22 9
23 6
23 5
24 21
24 7
25 5
25 3
26 1
26 19
27 5
27 1
28 19
28 7
29 0
29 7
30 3
30 2
31 0
31 2
32 3
32 1
33 8
33 13
34 5
34 3
35 13
35 4
36 6
36 2
37 34
37 0
38 35
38 0
39 7
39 0
40 19
40 3
41 2
41 3
42 13
42 0
43 3
43 0
44 10
44 40
45 7
45 4
46 26
46 2
47 12
47 42
48 47
48 2
49 6
49 3
50 31
50 9
51 3
51 7
52 13
52 5
53 0
53 2
54 7
54 0
55 1
55 3
56 52
56 48
57 13
57 7
58 5
58 7
59 48
59 6
60 2
60 15
61 35
61 3
62 2
62 35
63 57
63 2
64 21
64 3
65 0
65 40
66 0
66 6
67 7
67 47
68 48
68 5
69 5
69 48
70 23
70 27
71 36
71 2
72 2
72 0
73 2
73 28
74 64
74 3
75 2
75 7
76 3
76 7
77 48
77 2
78 47
78 71
79 34
79 8
80 13
80 33
81 34
81 5
82 33
82 5
83 67
83 49
84 33
84 48
85 1
85 7
86 5
86 2
87 0
87 53
88 2
88 12
89 52
89 7
90 15
90 5
91 7
91 3
92 21
92 76
93 39
93 0
94 92
94 12
95 35
95 5
96 1
96 76
97 5
97 3
98 0
98 2
99 5
99 34
100 7
100 13
101 8
101 2
102 39
102 85
103 48
103 59
104 59
104 1
105 48
105 0
106 4
106 103
107 103
107 0
108 1
108 2
109 48
109 5
110 8
110 12
111 7
111 53
112 3
112 52
113 77
113 26
114 51
114 52
115 3
115 12
116 5
116 59
117 5
117 65
118 0
118 2
119 19
119 2
120 103
120 48
121 39
121 52
122 12
122 0
123 83
123 48
124 34
124 3
125 33
125 48
126 14
126 27
127 35
127 2
128 113
128 5
129 117
129 34
130 35
130 52
131 109
131 96
132 48
132 104
133 42
133 7
134 95
134 0
135 13
135 48
136 73
136 113
137 129
137 6
138 41
138 1
139 5
139 8
140 88
140 119
141 8
141 26
142 98
142 5
143 29
143 5
144 5
144 1
145 83
145 3
146 76
146 40
147 140
147 12
148 4
148 113
149 131
149 103
150 74
150 130
151 131
151 5
152 14
152 17
153 12
153 97
154 4
154 5
155 48
155 2
156 5
156 12
157 79
157 0
158 3
158 106
159 5
159 145
160 7
160 103
161 53
161 13
162 6
162 12
163 12
163 48
164 4
164 5
165 101
165 6
166 28
166 119
167 2
167 0
168 40
168 28
169 85
169 95
170 5
170 101
171 125
171 4
172 47
172 64
173 1
173 0
174 59
174 5
175 47
175 96
176 5
176 52
177 35
177 0
178 6
178 65
179 41
179 3
180 35
180 134
181 21
181 107
182 162
182 119
183 2
183 124
184 23
184 39
185 83
185 13
186 95
186 21
187 53
187 26
188 124
188 39
189 2
189 55
190 0
190 34
191 26
191 2
192 4
192 6
193 4
193 159
194 59
194 7
195 5
195 68
196 3
196 1
197 5
197 6
198 3
198 1
199 3
199 2
200 38
200 83
201 13
201 47
202 52
202 104
203 5
203 104
204 85
204 12
205 110
205 48
206 13
206 0
207 28
207 175
208 146
208 205
209 3
209 4
210 35
210 4
211 2
211 133
212 34
212 43
213 124
213 21
214 202
214 139
215 7
215 201
216 142
216 161
217 131
217 7
218 33
218 2
219 19
219 6
220 133
220 3
221 155
221 83
222 0
222 52
223 0
223 72
224 1
224 59
225 7
225 13
226 6
226 13
227 41
227 100
228 35
228 60
229 0
229 8
230 13
230 38
231 28
231 106
232 101
232 162
233 103
233 2
234 118
234 0
235 197
235 173
236 4
236 79
237 7
237 40
238 47
238 35
239 179
239 0
240 0
240 21
241 98
241 52
242 3
242 128
243 154
243 3
244 1
244 2
245 121
245 23
246 0
246 4
247 202
247 141
248 175
248 4
249 56
249 19
250 1
250 61
251 85
251 23
252 28
252 5
253 201
253 106
254 2
254 7
255 103
255 19
256 33
256 141
257 73
257 4
258 133
258 0
259 2
259 28
260 3
260 34
261 0
261 12
262 2
262 19
263 4
263 158
264 88
264 2
265 158
265 40
266 222
266 19
267 131
267 221
268 228
268 47
269 3
269 119
270 59
270 2
271 7
271 57
272 148
272 3
273 13
273 104
274 211
274 119
275 162
275 153
276 3
276 4
277 18
277 216
278 0
278 48
279 233
279 1
280 35
280 7
281 146
281 264
282 228
282 134
283 85
283 0
284 0
284 34
285 134
285 172
286 3
286 150
287 34
287 28
288 28
288 141
289 6
289 28
290 30
290 106
291 107
291 2
292 48
292 33
293 47
293 94
294 266
294 47
295 3
295 5
296 0
296 116
297 0
297 30
298 47
298 280
299 2
299 64
300 223
300 2
301 137
301 2
302 0
302 4
303 2
303 23
304 35
304 158
305 76
305 2
306 3
306 28
307 30
307 0
308 35
308 85
309 65
309 94
310 3
310 5
311 227
311 0
312 83
312 5
313 309
313 255
314 30
314 109
315 7
315 5
316 309
316 2
317 3
317 137
318 71
318 21
319 139
319 221
320 13
320 152
321 0
321 19
322 156
322 191
323 73
323 1
324 135
324 6
325 0
325 131
326 2
326 92
327 0
327 195
328 6
328 83
329 92
329 72
330 40
330 215
331 197
331 328
332 19
332 0
333 141
333 57
334 78
334 197
335 175
335 168
336 59
336 67
337 64
337 111
338 12
338 34
339 57
339 7
340 6
340 75
341 154
341 22
342 131
342 52
343 131
343 103
344 189
344 68
345 64
345 6
346 64
346 95
347 4
347 289
348 3
348 0
349 85
349 13
350 7
350 221
351 3
351 294
352 82
352 52
353 7
353 26
354 34
354 4
355 7
355 116
356 103
356 48
357 285
357 195
358 47
358 134
359 139
359 28
360 175
360 2
361 6
361 154
362 266
362 118
363 0
363 253
364 35
364 94
365 6
365 57
366 173
366 2
367 2
367 122
368 148
368 188
369 12
369 33
370 48
370 7
371 211
371 6
372 314
372 2
373 82
373 194
374 110
374 26
375 3
375 323
376 0
376 5
377 67
377 0
378 77
378 313
379 336
379 8
380 214
380 267
381 5
381 244
382 5
382 292
383 298
383 4
384 38
384 47
385 321
385 131
386 35
386 97
387 68
387 172
388 65
388 2
389 317
389 128
390 139
390 52
391 2
391 3
392 28
392 3
393 3
393 304
394 1
394 12
395 48
395 79
396 52
396 313
397 3
397 2
398 65
398 227
399 293
399 83
400 38
400 2
401 169
401 342
402 251
402 399
403 77
403 13
404 2
404 328
405 114
405 7
406 39
406 323
407 221
407 51
408 12
408 3
409 5
409 56
410 162
410 244
411 127
411 65
412 307
412 75
413 319
413 320
414 170
414 7
415 3
415 240
416 21
416 105
417 34
417 118
418 221
418 118
419 369
419 6
420 47
420 319
421 8
421 100
422 313
422 57
423 6
423 421
424 34
424 0
425 119
425 362
426 312
426 140
427 96
427 397
428 86
428 35
429 1
429 21
430 77
430 410
431 271
431 40
432 3
432 2
433 6
433 106
434 5
434 415
435 3
435 106
436 85
436 31
437 104
437 141
438 0
438 19
439 47
439 59
440 151
440 59
441 125
441 192
442 1
442 5
443 154
443 320
444 137
444 313
445 26
445 435
446 7
446 29
447 110
447 4
448 331
448 175
449 180
449 146
450 81
450 418
451 83
451 1
452 59
452 402
453 361
453 1
454 271
454 2
455 2
455 356
456 2
456 141
457 33
457 12
458 5
458 61
459 57
459 13
460 273
460 38
461 47
461 90
462 158
462 5
463 7
463 371
464 19
464 110
465 5
465 0
466 57
466 4
467 1
467 85
468 5
468 454
469 75
469 56
470 48
470 31
471 263
471 372
472 206
472 443
473 300
473 434
474 110
474 197
475 5
475 372
476 239
476 4
477 346
477 133
478 104
478 0
479 16
479 141
480 110
480 24
481 464
481 3
482 2
482 59
483 13
483 39
484 369
484 141
485 35
485 0
486 48
486 118
487 52
487 28
488 0
488 6
489 15
489 0
490 3
490 206
491 257
491 95
492 3
492 106
493 54
493 34
494 47
494 13
495 491
495 172
496 284
496 95
497 118
497 249
498 286
498 3
499 68
499 6
500 13
500 119
501 6
501 372
502 57
502 48
503 131
503 7
504 206
504 435
505 3
505 31
506 206
506 360
507 59
507 255
508 398
508 0
509 49
509 29
510 13
510 6
511 5
511 16
512 22
512 19
513 258
513 159
514 407
514 6
515 7
515 28
516 28
516 16
517 7
517 2
518 59
518 35
519 31
519 244
520 507
520 0
521 205
521 120
522 59
522 319
523 26
523 197
524 21
524 506
525 4
525 39
526 319
526 52
527 222
527 48
528 452
528 97
529 26
529 81
530 2
530 359
531 293
531 253
532 35
532 470
533 5
533 103
534 131
534 0
535 119
535 2
536 13
536 0
537 29
537 521
538 179
538 222
539 532
539 8
540 12
540 7
541 4
541 366
542 168
542 2
543 21
543 48
544 7
544 23
545 83
545 15
546 131
546 366
547 111
547 5
548 85
548 4
549 7
549 103
550 103
550 180
551 311
551 139
552 59
552 16
553 1
553 382
554 474
554 12
555 326
555 41
556 512
556 367
557 73
557 27
558 13
558 18
559 146
559 94
560 461
560 410
561 173
561 130
562 421
562 75
563 110
563 6
564 2
564 12
565 77
565 6
566 2
566 192
567 0
567 402
568 6
568 435
569 293
569 124
570 224
570 48
571 428
571 159
572 262
572 275
573 151
573 138
574 549
574 3
575 2
575 530
576 41
576 414
577 470
577 494
578 19
578 35
579 222
579 206
580 131
580 59
581 0
581 7
582 335
582 489
583 29
583 563
584 19
584 140
585 6
585 275
586 48
586 21
587 145
587 48
588 4
588 95
589 362
589 15
590 5
590 48
591 118
591 3
592 350
592 24
593 116
593 382
594 21
594 275
595 12
595 501
596 114
596 21
597 56
597 5
598 4
598 96
599 0
599 140
600 7
600 34
601 1
601 74
602 328
602 313
603 543
603 1
604 33
604 18
605 2
605 507
606 83
606 6
607 280
607 2
608 72
608 35
609 233
609 59
610 394
610 2
611 595
611 192
612 202
612 139
613 48
613 2
614 3
614 69
615 13
615 0
616 349
616 71
617 35
617 83
618 258
618 3
619 34
619 47
620 107
620 0
621 26
621 175
622 12
622 3
623 521
623 608
624 173
624 48
625 495
625 132
626 73
626 13
627 4
627 12
628 5
628 574
629 146
629 0
630 3
630 264
631 369
631 221
632 35
632 340
633 4
633 35
634 41
634 26
635 346
635 13
636 4
636 52
637 7
637 129
638 216
638 3
639 16
639 0
640 59
640 210
641 291
641 173
642 6
642 145
643 33
643 52
644 0
644 13
645 3
645 410
646 601
646 7
647 0
647 560
648 5
648 7
649 0
649 148
650 343
650 140
651 639
651 2
652 59
652 82
653 145
653 5
654 3
654 4
655 21
655 359
656 402
656 118
657 281
657 12
658 6
658 184
659 202
659 50
660 34
660 95
661 0
661 590
662 284
662 34
663 85
663 12
664 576
664 2
665 2
665 263
666 103
666 487
667 293
667 2
668 2
668 134
669 643
669 5
670 211
670 122
671 6
671 4
672 321
672 35
673 95
673 312
674 195
674 39
675 319
675 4
676 64
676 572
677 35
677 7
678 512
678 541
679 201
679 248
680 88
680 435
681 225
681 111
682 608
682 564
683 203
683 239
684 2
684 52
685 9
685 301
686 110
686 563
687 83
687 0
688 490
688 8
689 2
689 321
690 684
690 370
691 40
691 662
692 141
692 446
693 134
693 69
694 3
694 5
695 4
695 131
696 2
696 12
697 3
697 216
698 694
698 469
699 13
699 134
700 7
700 643
701 101
701 138
702 309
702 431
703 52
703 6
704 5
704 59
705 208
705 141
706 53
706 2
707 7
707 85
708 47
708 1
709 195
709 154
710 255
710 531
711 333
711 19
712 686
712 5
713 349
713 57
714 297
714 1
715 48
715 21
716 5
716 56
717 369
717 495
718 273
718 2
719 5
719 81
720 298
720 4
721 311
721 1
722 415
722 114
723 2
723 16
724 12
724 104
725 33
725 2
726 0
726 221
727 284
727 5
728 151
728 6
729 65
729 0
730 27
730 421
731 2
731 1
732 13
732 656
733 12
733 0
734 28
734 250
735 560
735 178
736 277
736 20
737 5
737 421
738 68
738 331
739 346
739 4
740 6
740 13
741 13
741 6
742 48
742 663
743 4
743 48
744 118
744 7
745 106
745 509
746 5
746 51
747 540
747 197
748 3
748 289
749 3
749 407
750 462
750 19
751 1
751 0
752 51
752 57
753 2
753 450
754 287
754 547
755 467
755 12
756 221
756 313
757 162
757 175
758 35
758 676
759 4
759 269
760 5
760 65
761 185
761 88
762 5
762 6
763 507
763 89
764 275
764 356
765 684
765 68
766 0
766 736
767 293
767 267
768 124
768 7
769 35
769 489
770 159
770 644
771 48
771 52
772 383
772 67
773 162
773 0
774 173
774 5
775 65
775 770
776 584
776 633
777 34
777 13
778 22
778 412
779 110
779 708
780 654
780 119
781 221
781 776
782 22
782 35
783 286
783 113
784 57
784 569
785 34
785 2
786 0
786 259
787 42
787 13
788 677
788 264
789 293
789 34
790 2
790 95
791 351
791 83
792 2
792 683
793 195
793 2
794 756
794 30
795 713
795 7
796 175
796 55
797 76
797 3
798 38
798 3
799 114
799 83
800 179
800 85
801 28
801 3
802 202
802 303
803 549
803 644
804 2
804 131
805 290
805 110
806 3
806 59
807 313
807 471
808 7
808 6
809 743
809 4
810 802
810 59
811 83
811 19
812 155
812 47
813 2
813 28
814 2
814 107
815 331
815 7
816 77
816 97
817 789
817 8
818 57
818 36
819 5
819 590
820 129
820 3
821 680
821 7
822 799
822 111
823 35
823 255
824 34
824 3
825 221
825 134
826 12
826 79
827 146
827 253
828 5
828 726
829 369
829 27
830 6
830 526
831 364
831 47
832 21
832 1
833 52
833 28
834 405
834 168
835 223
835 7
836 337
836 225
837 345
837 21
838 83
838 32
839 146
839 12
840 18
840 423
841 3
841 167
842 97
842 87
843 181
843 57
844 215
844 707
845 211
845 0
846 151
846 364
847 0
847 30
848 552
848 712
849 642
849 47
850 107
850 79
851 838
851 2
852 398
852 331
853 3
853 5
854 338
854 13
855 63
855 794
856 77
856 33
857 48
857 578
858 4
858 300
859 8
859 35
860 452
860 756
861 413
861 180
862 388
862 19
863 729
863 97
864 48
864 1
865 3
865 42
866 100
866 4
867 839
867 131
868 96
868 26
869 30
869 563
870 662
870 64
871 41
871 122
872 65
872 47
873 549
873 349
874 2
874 1
875 0
875 52
876 83
876 151
877 47
877 808
878 70
878 313
879 175
879 65
880 56
880 3
881 3
881 298
882 334
882 65
883 103
883 113
884 7
884 213
885 1
885 321
886 3
886 512
887 2
887 173
888 166
888 40
889 205
889 3
890 345
890 131
891 31
891 434
892 369
892 96
893 8
893 35
894 776
894 366
895 366
895 175
896 1
896 291
897 530
897 28
898 6
898 785
899 100
899 116
900 285
900 40
901 714
901 35
902 455
902 106
903 363
903 221
904 163
904 356
905 598
905 139
906 2
906 81
907 264
907 602
908 57
908 1
909 1
909 6
910 1
910 173
911 328
911 617
912 121
912 48
913 7
913 3
914 94
914 7
915 779
915 28
916 172
916 913
917 7
917 64
918 1
918 2
919 691
919 139
920 642
920 7
921 880
921 6
922 21
922 223
923 90
923 528
924 900
924 172
925 34
925 28
926 75
926 414
927 1
927 87
928 113
928 13
929 644
929 236
930 826
930 811
931 255
931 860
932 1
932 12
933 140
933 227
934 462
934 255
935 246
935 1
936 7
936 47
937 275
937 87
938 56
938 799
939 31
939 137
940 860
940 12
941 2
941 0
942 1
942 496
943 446
943 3
944 23
944 120
945 26
945 19
946 170
946 911
947 203
947 3
948 7
948 655
949 5
949 39
950 92
950 473
951 677
951 77
952 21
952 392
953 314
953 34
954 687
954 734
955 77
955 148
956 2
956 47
957 321
957 680
958 399
958 13
959 141
959 287
960 113
960 625
961 33
961 442
962 735
962 450
963 2
963 21
964 813
964 1
965 108
965 264
966 1
966 421
967 107
967 253
968 13
968 179
969 40
969 78
970 423
970 39
971 813
971 5
972 59
972 23
973 927
973 372
974 0
974 3
975 83
975 235
976 669
976 901
977 222
977 752
978 420
978 320
979 148
979 5
980 52
980 13
981 756
981 140
982 131
982 255
983 372
983 131
984 173
984 48
985 47
985 336
986 133
986 48
987 139
987 703
988 1
988 64
989 405
989 6
990 887
990 59
991 30
991 986
992 98
992 2
993 507
993 0
994 129
994 169
995 6
995 343
996 3
996 13
997 789
997 203
998 602
998 95
999 712
999 222
