0 1
0 2
0 3
0 4
0 5
0 6
0 8
0 9
0 10
0 11
0 964
0 14
0 15
0 656
0 17
0 18
0 19
0 20
0 46
0 22
0 791
0 24
0 25
0 26
0 28
0 29
0 30
0 31
0 32
0 48
0 34
0 27
0 36
0 37
0 38
0 39
0 796
0 42
0 43
0 44
0 301
0 142
0 47
0 176
0 50
0 180
0 158
0 7
0 35
0 961
0 452
0 69
0 33
0 460
0 45
0 13
0 465
0 344
0 932
0 16
0 148
0 742
0 230
0 273
0 232
0 359
0 385
0 883
0 532
0 251
0 21
1 0
1 2
1 3
1 5
1 6
1 135
1 8
1 777
1 10
1 11
1 13
1 14
1 15
1 22
1 17
1 786
1 771
1 20
1 533
1 24
1 25
1 26
1 27
1 28
1 30
1 31
1 32
1 33
1 34
1 163
1 36
1 37
1 38
1 39
1 42
1 18
1 44
1 45
1 46
1 47
1 50
1 438
1 9
1 826
1 821
1 19
1 69
1 456
1 35
1 43
1 7
1 29
1 736
1 16
1 231
1 744
1 747
1 493
1 21
1 4
2 0
2 1
2 3
2 4
2 5
2 6
2 9
2 10
2 909
2 14
2 45
2 16
2 17
2 18
2 19
2 20
2 21
2 22
2 791
2 24
2 25
2 26
2 303
2 28
2 29
2 30
2 31
2 32
2 33
2 34
2 36
2 38
2 39
2 796
2 42
2 43
2 44
2 47
2 48
2 8
2 50
2 180
2 158
2 35
2 964
2 11
2 452
2 838
2 460
2 13
2 142
2 7
2 932
2 15
2 37
2 148
2 742
2 230
2 913
2 232
2 366
2 27
2 532
3 0
3 1
3 2
3 74
3 17
3 5
3 6
3 385
3 8
3 818
3 10
3 11
3 908
3 13
3 14
3 400
3 401
3 18
3 19
3 532
3 21
3 22
3 24
3 25
3 26
3 27
3 28
3 29
3 30
3 799
3 32
3 33
3 34
3 35
3 36
3 37
3 38
3 39
3 936
3 42
3 43
3 44
3 45
3 46
3 47
3 48
3 50
3 307
3 513
3 798
3 9
3 31
3 700
3 573
3 69
3 455
3 843
3 7
3 15
3 16
3 359
3 232
3 583
3 287
3 20
3 250
3 251
3 4
3 166
4 0
4 1
4 2
4 3
4 5
4 6
4 7
4 136
4 9
4 10
4 11
4 13
4 14
4 15
4 400
4 17
4 18
4 20
4 21
4 22
4 24
4 25
4 26
4 795
4 28
4 29
4 30
4 31
4 32
4 33
4 34
4 35
4 36
4 37
4 38
4 39
4 169
4 42
4 43
4 44
4 45
4 46
4 47
4 48
4 8
4 50
4 521
4 824
4 287
4 573
4 800
4 69
4 455
4 433
4 607
4 425
4 16
4 167
4 493
4 27
4 19
4 244
4 503
4 763
4 264
5 0
5 1
5 2
5 4
5 6
5 7
5 136
5 9
5 10
5 11
5 13
5 14
5 15
5 16
5 17
5 530
5 3
5 20
5 21
5 22
5 24
5 25
5 26
5 559
5 28
5 157
5 30
5 31
5 32
5 33
5 34
5 35
5 36
5 37
5 38
5 39
5 169
5 42
5 43
5 44
5 45
5 46
5 47
5 27
5 264
5 50
5 138
5 578
5 69
5 585
5 141
5 336
5 607
5 612
5 456
5 167
5 29
5 18
5 238
5 19
5 244
5 8
5 425
6 0
6 1
6 2
6 3
6 4
6 5
6 7
6 8
6 9
6 10
6 11
6 908
6 13
6 14
6 15
6 400
6 17
6 18
6 19
6 20
6 21
6 22
6 24
6 25
6 26
6 795
6 28
6 29
6 30
6 799
6 32
6 33
6 34
6 35
6 36
6 37
6 38
6 39
6 936
6 42
6 43
6 44
6 45
6 46
6 47
6 48
6 50
6 307
6 287
6 521
6 824
6 31
6 573
6 800
6 69
6 455
6 503
6 16
6 763
6 583
6 27
6 251
7 0
7 1
7 2
7 3
7 4
7 5
7 6
7 8
7 10
7 11
7 13
7 14
7 301
7 16
7 273
7 18
7 19
7 20
7 21
7 22
7 24
7 25
7 26
7 27
7 28
7 29
7 30
7 31
7 32
7 33
7 34
7 35
7 36
7 37
7 38
7 39
7 156
7 42
7 43
7 44
7 45
7 46
7 47
7 50
7 180
7 798
7 9
7 69
7 158
7 590
7 142
7 15
7 148
7 166
7 17
7 41
7 250
8 0
8 1
8 2
8 3
8 17
8 5
8 6
8 385
8 9
8 10
8 11
8 13
8 14
8 301
8 656
8 273
8 18
8 19
8 20
8 21
8 22
8 791
8 24
8 25
8 26
8 27
8 28
8 29
8 30
8 31
8 32
8 48
8 34
8 35
8 36
8 37
8 38
8 39
8 42
8 43
8 44
8 45
8 46
8 47
8 176
8 50
8 180
8 158
8 7
8 287
8 573
8 964
8 69
8 455
8 465
8 344
8 15
8 400
8 33
8 16
8 359
8 232
8 148
8 251
8 4
9 0
9 1
9 2
9 3
9 5
9 6
9 135
9 8
9 10
9 11
9 13
9 14
9 15
9 16
9 17
9 18
9 20
9 142
9 22
9 24
9 25
9 26
9 27
9 28
9 29
9 30
9 31
9 32
9 33
9 34
9 35
9 36
9 37
9 38
9 39
9 42
9 43
9 44
9 45
9 46
9 47
9 50
9 158
9 452
9 69
9 456
9 460
9 718
9 7
9 932
9 739
9 230
9 231
9 744
9 19
9 4
9 21
10 0
10 1
10 2
10 3
10 4
10 5
10 6
10 7
10 8
10 9
10 11
10 13
10 14
10 15
10 400
10 17
10 18
10 19
10 20
10 21
10 22
10 24
10 25
10 26
10 795
10 28
10 29
10 30
10 799
10 800
10 33
10 34
10 35
10 36
10 37
10 38
10 39
10 42
10 43
10 44
10 45
10 46
10 47
10 48
10 50
10 307
10 287
10 521
10 824
10 31
10 573
10 32
10 69
10 455
10 312
10 16
10 763
10 27
10 503
10 251
11 0
11 1
11 2
11 3
11 4
11 5
11 6
11 8
11 9
11 10
11 524
11 13
11 14
11 15
11 16
11 273
11 18
11 19
11 20
11 21
11 22
11 791
11 24
11 25
11 26
11 27
11 28
11 29
11 30
11 31
11 32
11 33
11 34
11 35
11 36
11 37
11 38
11 39
11 42
11 43
11 44
11 45
11 46
11 47
11 50
11 180
11 158
11 961
11 964
11 69
11 465
11 7
11 230
11 17
11 148
12 51
12 132
12 133
12 134
12 64
12 137
12 471
12 121
12 23
12 155
12 453
12 139
12 902
12 70
12 49
12 499
12 52
12 53
12 54
12 55
12 56
12 57
12 58
12 59
12 828
12 61
12 62
12 63
12 832
12 65
12 66
12 67
12 68
12 118
12 991
12 71
12 72
12 73
12 76
12 80
12 596
12 854
12 87
12 90
12 229
12 97
12 60
12 371
12 122
12 123
12 124
12 125
12 126
13 0
13 1
13 2
13 4
13 5
13 6
13 7
13 8
13 9
13 10
13 11
13 14
13 15
13 400
13 17
13 18
13 3
13 20
13 21
13 22
13 24
13 25
13 26
13 27
13 28
13 29
13 30
13 31
13 32
13 33
13 162
13 35
13 36
13 37
13 38
13 39
13 42
13 43
13 44
13 45
13 46
13 47
13 48
13 50
13 569
13 287
13 573
13 69
13 455
13 34
13 16
13 583
13 19
14 0
14 1
14 2
14 3
14 4
14 5
14 6
14 385
14 8
14 9
14 10
14 11
14 13
14 15
14 400
14 17
14 18
14 19
14 20
14 21
14 22
14 24
14 25
14 26
14 27
14 28
14 29
14 30
14 31
14 32
14 33
14 34
14 35
14 36
14 37
14 38
14 39
14 42
14 43
14 44
14 45
14 46
14 47
14 48
14 50
14 287
14 573
14 69
14 455
14 7
14 804
14 152
14 16
15 0
15 1
15 2
15 3
15 4
15 5
15 6
15 385
15 8
15 9
15 10
15 11
15 13
15 14
15 400
15 17
15 18
15 19
15 20
15 21
15 22
15 24
15 25
15 26
15 27
15 28
15 29
15 30
15 31
15 32
15 33
15 34
15 35
15 36
15 37
15 38
15 39
15 42
15 43
15 44
15 45
15 46
15 47
15 48
15 50
15 569
15 287
15 573
15 69
15 455
15 7
15 804
15 16
16 0
16 1
16 2
16 3
16 4
16 5
16 6
16 135
16 8
16 9
16 10
16 11
16 13
16 14
16 15
16 17
16 18
16 19
16 20
16 21
16 22
16 24
16 25
16 26
16 27
16 28
16 29
16 30
16 31
16 32
16 33
16 34
16 35
16 36
16 37
16 38
16 39
16 42
16 43
16 44
16 45
16 46
16 47
16 50
16 69
16 7
16 231
16 744
17 0
17 1
17 2
17 3
17 4
17 5
17 6
17 8
17 9
17 10
17 11
17 13
17 14
17 15
17 16
17 18
17 19
17 20
17 21
17 22
17 791
17 24
17 25
17 26
17 27
17 28
17 29
17 30
17 31
17 32
17 33
17 34
17 35
17 36
17 37
17 38
17 39
17 42
17 43
17 44
17 45
17 46
17 47
17 48
17 50
17 964
17 69
17 7
17 230
17 359
17 232
18 0
18 1
18 2
18 3
18 4
18 5
18 6
18 7
18 8
18 9
18 10
18 11
18 13
18 14
18 15
18 16
18 17
18 19
18 20
18 21
18 22
18 24
18 25
18 26
18 27
18 28
18 29
18 30
18 31
18 32
18 33
18 34
18 35
18 36
18 37
18 38
18 39
18 42
18 43
18 44
18 45
18 46
18 47
18 50
18 287
18 69
18 503
19 0
19 1
19 2
19 3
19 4
19 5
19 6
19 7
19 8
19 10
19 11
19 13
19 14
19 15
19 16
19 17
19 18
19 20
19 21
19 22
19 24
19 25
19 26
19 27
19 28
19 30
19 31
19 32
19 33
19 34
19 35
19 36
19 37
19 38
19 39
19 42
19 43
19 44
19 45
19 46
19 47
19 50
19 438
19 9
19 138
19 69
19 103
19 29
19 374
20 0
20 1
20 2
20 3
20 4
20 5
20 6
20 8
20 9
20 10
20 11
20 13
20 14
20 15
20 16
20 17
20 18
20 19
20 21
20 22
20 24
20 25
20 26
20 27
20 28
20 29
20 30
20 31
20 32
20 33
20 34
20 35
20 36
20 37
20 38
20 39
20 42
20 43
20 44
20 45
20 46
20 47
20 50
20 823
20 705
20 69
20 7
20 346
21 0
21 1
21 2
21 3
21 4
21 5
21 6
21 7
21 8
21 9
21 10
21 11
21 13
21 14
21 15
21 16
21 17
21 18
21 19
21 20
21 22
21 791
21 24
21 25
21 26
21 27
21 28
21 29
21 30
21 31
21 32
21 33
21 34
21 35
21 36
21 37
21 38
21 39
21 42
21 43
21 44
21 45
21 46
21 47
21 50
21 180
21 961
21 964
21 69
21 465
21 148
22 0
22 1
22 2
22 3
22 4
22 5
22 6
22 7
22 8
22 10
22 11
22 13
22 14
22 15
22 16
22 17
22 18
22 19
22 20
22 21
22 24
22 25
22 26
22 27
22 28
22 29
22 30
22 31
22 32
22 33
22 34
22 35
22 36
22 37
22 38
22 39
22 42
22 43
22 44
22 45
22 46
22 47
22 50
22 183
22 69
22 9
22 366
23 132
23 133
23 134
23 137
23 139
23 12
23 155
23 49
23 51
23 52
23 53
23 54
23 55
23 56
23 57
23 58
23 59
23 60
23 61
23 62
23 63
23 64
23 65
23 66
23 67
23 68
23 70
23 71
23 72
23 73
23 76
23 80
23 87
23 90
23 97
23 881
23 118
23 121
23 122
23 123
23 124
23 125
23 126
24 0
24 1
24 2
24 3
24 4
24 5
24 6
24 8
24 9
24 10
24 11
24 13
24 14
24 15
24 16
24 17
24 18
24 19
24 20
24 21
24 22
24 791
24 25
24 26
24 27
24 28
24 29
24 30
24 31
24 32
24 33
24 34
24 35
24 36
24 37
24 38
24 39
24 42
24 43
24 44
24 45
24 46
24 47
24 50
24 69
24 7
24 230
24 532
25 0
25 1
25 2
25 3
25 4
25 5
25 6
25 7
25 8
25 9
25 10
25 11
25 13
25 14
25 15
25 16
25 17
25 18
25 19
25 20
25 21
25 22
25 24
25 26
25 27
25 28
25 29
25 30
25 31
25 32
25 33
25 35
25 36
25 37
25 38
25 39
25 42
25 43
25 44
25 45
25 46
25 47
25 48
25 50
25 34
25 359
25 232
26 0
26 1
26 2
26 3
26 4
26 5
26 6
26 7
26 8
26 9
26 10
26 11
26 13
26 14
26 15
26 16
26 17
26 18
26 19
26 20
26 21
26 22
26 791
26 24
26 25
26 27
26 28
26 29
26 30
26 31
26 32
26 33
26 34
26 35
26 36
26 37
26 38
26 39
26 42
26 43
26 44
26 45
26 46
26 47
26 50
26 964
26 69
27 0
27 1
27 2
27 3
27 4
27 5
27 6
27 7
27 8
27 9
27 10
27 11
27 13
27 14
27 15
27 16
27 17
27 18
27 19
27 20
27 21
27 22
27 24
27 25
27 26
27 28
27 29
27 30
27 31
27 32
27 33
27 34
27 35
27 36
27 37
27 38
27 39
27 42
27 43
27 44
27 45
27 46
27 47
27 50
27 69
27 478
27 735
27 232
28 0
28 1
28 2
28 3
28 4
28 5
28 6
28 7
28 8
28 9
28 10
28 11
28 13
28 14
28 15
28 16
28 17
28 18
28 19
28 20
28 21
28 22
28 24
28 25
28 26
28 27
28 29
28 30
28 31
28 32
28 33
28 35
28 36
28 37
28 38
28 39
28 42
28 43
28 44
28 45
28 46
28 47
28 50
28 69
28 34
28 709
29 0
29 1
29 2
29 3
29 4
29 5
29 6
29 7
29 8
29 9
29 10
29 11
29 13
29 14
29 15
29 16
29 17
29 18
29 19
29 20
29 21
29 22
29 24
29 25
29 26
29 27
29 28
29 30
29 31
29 32
29 33
29 34
29 35
29 36
29 37
29 38
29 39
29 42
29 43
29 44
29 45
29 46
29 47
29 50
29 69
29 152
30 0
30 1
30 2
30 3
30 4
30 5
30 6
30 7
30 8
30 10
30 11
30 13
30 14
30 15
30 16
30 17
30 18
30 19
30 20
30 21
30 22
30 24
30 25
30 26
30 27
30 28
30 29
30 31
30 32
30 33
30 34
30 35
30 36
30 37
30 38
30 39
30 42
30 43
30 44
30 45
30 46
30 47
30 50
30 9
30 69
31 0
31 1
31 2
31 3
31 4
31 5
31 6
31 7
31 8
31 9
31 10
31 11
31 13
31 14
31 15
31 16
31 17
31 18
31 19
31 20
31 21
31 22
31 24
31 25
31 26
31 27
31 28
31 29
31 30
31 32
31 34
31 35
31 36
31 37
31 38
31 39
31 42
31 43
31 44
31 45
31 46
31 47
31 944
31 50
31 69
31 33
32 0
32 1
32 2
32 3
32 4
32 5
32 6
32 7
32 8
32 9
32 10
32 11
32 13
32 14
32 15
32 16
32 17
32 18
32 19
32 20
32 21
32 22
32 24
32 25
32 26
32 27
32 28
32 29
32 30
32 31
32 33
32 34
32 35
32 36
32 37
32 38
32 39
32 42
32 43
32 44
32 45
32 46
32 47
32 50
32 69
33 0
33 1
33 2
33 3
33 4
33 5
33 6
33 7
33 8
33 9
33 10
33 11
33 13
33 14
33 15
33 16
33 17
33 18
33 19
33 20
33 21
33 22
33 24
33 25
33 26
33 27
33 28
33 29
33 30
33 31
33 32
33 34
33 35
33 36
33 37
33 38
33 39
33 42
33 43
33 44
33 45
33 46
33 47
33 50
33 69
34 0
34 1
34 2
34 3
34 4
34 5
34 6
34 7
34 8
34 10
34 11
34 13
34 14
34 15
34 16
34 17
34 18
34 19
34 20
34 21
34 22
34 24
34 25
34 26
34 27
34 28
34 29
34 30
34 31
34 32
34 33
34 35
34 36
34 37
34 38
34 39
34 42
34 43
34 44
34 45
34 46
34 47
34 50
34 9
34 69
35 0
35 1
35 2
35 3
35 4
35 5
35 6
35 7
35 8
35 9
35 10
35 11
35 13
35 14
35 15
35 16
35 17
35 18
35 19
35 20
35 21
35 22
35 24
35 25
35 26
35 27
35 28
35 29
35 30
35 31
35 32
35 33
35 34
35 36
35 37
35 38
35 39
35 42
35 43
35 44
35 45
35 46
35 47
35 50
35 69
36 0
36 1
36 2
36 3
36 4
36 5
36 6
36 7
36 8
36 9
36 10
36 11
36 13
36 14
36 15
36 16
36 17
36 18
36 19
36 20
36 21
36 22
36 24
36 25
36 26
36 27
36 28
36 29
36 30
36 31
36 32
36 33
36 34
36 35
36 37
36 38
36 39
36 42
36 43
36 44
36 45
36 46
36 47
36 50
36 69
37 0
37 1
37 2
37 3
37 4
37 5
37 6
37 7
37 8
37 9
37 10
37 11
37 13
37 14
37 15
37 16
37 17
37 18
37 19
37 20
37 21
37 22
37 24
37 25
37 26
37 27
37 28
37 29
37 30
37 31
37 32
37 33
37 34
37 35
37 36
37 38
37 39
37 42
37 43
37 44
37 45
37 46
37 47
37 50
37 69
38 0
38 1
38 2
38 3
38 4
38 5
38 6
38 7
38 8
38 9
38 10
38 11
38 13
38 14
38 15
38 16
38 17
38 18
38 19
38 20
38 21
38 22
38 24
38 25
38 26
38 27
38 28
38 29
38 30
38 31
38 32
38 33
38 34
38 35
38 36
38 37
38 39
38 42
38 43
38 44
38 45
38 46
38 47
38 50
38 69
39 0
39 1
39 2
39 3
39 4
39 5
39 6
39 7
39 8
39 9
39 10
39 11
39 13
39 14
39 15
39 16
39 17
39 18
39 19
39 20
39 21
39 22
39 24
39 25
39 26
39 27
39 28
39 29
39 30
39 31
39 32
39 33
39 34
39 35
39 36
39 37
39 38
39 42
39 43
39 44
39 45
39 46
39 47
39 50
39 69
40 262
40 522
40 534
40 103
40 542
40 161
40 679
40 811
40 303
40 308
40 310
40 440
40 326
40 339
40 858
40 476
40 863
40 227
40 615
40 235
40 620
40 495
40 246
40 507
41 470
41 7
41 392
41 140
41 836
41 156
41 159
41 161
41 170
41 300
41 817
41 562
41 543
41 448
41 324
41 590
41 730
41 227
41 613
41 235
42 0
42 1
42 2
42 3
42 4
42 5
42 6
42 7
42 8
42 9
42 10
42 11
42 13
42 14
42 15
42 16
42 17
42 18
42 19
42 20
42 21
42 22
42 24
42 25
42 26
42 27
42 28
42 29
42 30
42 31
42 32
42 33
42 34
42 35
42 36
42 37
42 38
42 39
42 43
42 44
42 45
42 46
42 47
42 50
42 69
43 0
43 1
43 2
43 3
43 4
43 5
43 6
43 7
43 8
43 9
43 10
43 11
43 13
43 14
43 15
43 16
43 17
43 18
43 19
43 20
43 21
43 22
43 24
43 25
43 26
43 27
43 28
43 29
43 30
43 31
43 32
43 33
43 34
43 35
43 36
43 37
43 38
43 39
43 42
43 44
43 45
43 46
43 47
43 50
43 69
44 0
44 1
44 2
44 3
44 4
44 5
44 6
44 7
44 8
44 9
44 10
44 11
44 13
44 14
44 15
44 16
44 17
44 18
44 19
44 20
44 21
44 22
44 24
44 25
44 26
44 27
44 28
44 29
44 30
44 31
44 32
44 33
44 34
44 35
44 36
44 37
44 38
44 39
44 42
44 43
44 45
44 46
44 47
44 50
44 69
45 0
45 1
45 2
45 3
45 4
45 5
45 6
45 7
45 8
45 9
45 10
45 11
45 13
45 14
45 15
45 16
45 17
45 18
45 19
45 20
45 21
45 22
45 24
45 25
45 26
45 27
45 28
45 29
45 30
45 31
45 32
45 33
45 34
45 35
45 36
45 37
45 38
45 39
45 42
45 43
45 44
45 46
45 47
45 50
45 69
46 0
46 1
46 3
46 4
46 5
46 6
46 7
46 8
46 10
46 11
46 13
46 14
46 15
46 16
46 17
46 18
46 19
46 20
46 21
46 22
46 24
46 25
46 26
46 27
46 28
46 29
46 30
46 31
46 32
46 33
46 34
46 35
46 36
46 37
46 38
46 39
46 42
46 43
46 44
46 45
46 47
46 9
46 69
47 0
47 1
47 2
47 3
47 4
47 5
47 6
47 7
47 8
47 9
47 10
47 11
47 13
47 14
47 15
47 16
47 17
47 18
47 19
47 20
47 21
47 22
47 24
47 25
47 26
47 27
47 28
47 29
47 30
47 31
47 32
47 33
47 34
47 35
47 36
47 37
47 38
47 39
47 42
47 43
47 44
47 45
47 46
47 50
47 69
48 0
48 513
48 2
48 3
48 17
48 6
48 385
48 8
48 10
48 908
48 13
48 14
48 400
48 401
48 532
48 25
48 287
48 290
48 166
48 583
48 568
48 700
48 573
48 455
48 465
48 337
48 344
48 15
48 359
48 232
48 249
48 250
48 4
49 132
49 133
49 134
49 137
49 139
49 12
49 23
49 155
49 561
49 51
49 52
49 53
49 54
49 55
49 56
49 57
49 58
49 59
49 60
49 61
49 62
49 63
49 64
49 65
49 66
49 67
49 68
49 70
49 71
49 72
49 73
49 76
49 80
49 87
49 90
49 97
49 118
49 121
49 122
49 123
49 124
49 125
49 126
50 0
50 1
50 2
50 3
50 4
50 5
50 6
50 7
50 8
50 9
50 10
50 11
50 13
50 14
50 15
50 16
50 17
50 18
50 19
50 20
50 21
50 22
50 24
50 25
50 26
50 27
50 28
50 29
50 30
50 31
50 32
50 33
50 34
50 35
50 36
50 37
50 38
50 39
50 42
50 43
50 44
50 45
50 47
51 132
51 133
51 134
51 137
51 139
51 12
51 23
51 155
51 49
51 52
51 53
51 54
51 55
51 56
51 57
51 58
51 59
51 60
51 61
51 62
51 63
51 64
51 65
51 66
51 67
51 68
51 70
51 71
51 72
51 73
51 76
51 80
51 87
51 90
51 97
51 118
51 121
51 122
51 123
51 124
51 125
51 126
52 132
52 133
52 134
52 137
52 139
52 12
52 23
52 155
52 49
52 51
52 53
52 54
52 55
52 56
52 57
52 58
52 59
52 60
52 61
52 62
52 63
52 64
52 65
52 66
52 67
52 68
52 70
52 71
52 72
52 73
52 76
52 80
52 87
52 90
52 97
52 118
52 121
52 122
52 123
52 124
52 125
52 126
53 132
53 133
53 134
53 137
53 139
53 12
53 23
53 155
53 49
53 51
53 52
53 54
53 55
53 56
53 57
53 58
53 59
53 60
53 61
53 62
53 63
53 64
53 65
53 66
53 67
53 68
53 70
53 71
53 72
53 73
53 76
53 80
53 87
53 90
53 97
53 118
53 121
53 122
53 123
53 124
53 125
53 126
54 132
54 133
54 134
54 137
54 139
54 12
54 23
54 155
54 49
54 51
54 52
54 53
54 55
54 56
54 57
54 58
54 59
54 60
54 61
54 62
54 63
54 64
54 65
54 66
54 67
54 68
54 70
54 71
54 72
54 73
54 76
54 80
54 87
54 90
54 97
54 118
54 121
54 122
54 123
54 124
54 125
54 126
55 132
55 133
55 134
55 137
55 139
55 12
55 23
55 155
55 49
55 51
55 52
55 53
55 54
55 56
55 57
55 58
55 59
55 60
55 61
55 62
55 63
55 64
55 65
55 66
55 67
55 68
55 70
55 71
55 72
55 73
55 76
55 80
55 87
55 90
55 97
55 118
55 121
55 122
55 123
55 124
55 125
55 126
56 132
56 133
56 134
56 137
56 139
56 12
56 23
56 155
56 49
56 51
56 52
56 53
56 54
56 55
56 57
56 58
56 59
56 60
56 61
56 62
56 63
56 64
56 65
56 66
56 67
56 68
56 70
56 71
56 72
56 73
56 76
56 80
56 87
56 90
56 97
56 118
56 121
56 122
56 123
56 124
56 125
56 126
57 132
57 133
57 134
57 137
57 139
57 12
57 23
57 155
57 49
57 51
57 52
57 53
57 54
57 55
57 56
57 58
57 59
57 60
57 61
57 62
57 63
57 64
57 65
57 66
57 67
57 68
57 70
57 71
57 72
57 73
57 76
57 80
57 87
57 90
57 97
57 118
57 121
57 122
57 123
57 124
57 125
57 126
58 132
58 133
58 134
58 137
58 139
58 12
58 23
58 155
58 49
58 51
58 52
58 53
58 54
58 55
58 56
58 57
58 59
58 60
58 61
58 62
58 63
58 64
58 65
58 66
58 67
58 68
58 70
58 71
58 72
58 73
58 76
58 80
58 87
58 90
58 97
58 118
58 121
58 122
58 123
58 124
58 125
58 126
59 132
59 133
59 134
59 137
59 139
59 12
59 23
59 155
59 49
59 51
59 52
59 53
59 54
59 55
59 56
59 57
59 58
59 60
59 61
59 62
59 63
59 64
59 65
59 66
59 67
59 68
59 70
59 71
59 72
59 73
59 76
59 80
59 87
59 90
59 97
59 118
59 121
59 122
59 123
59 124
59 125
59 126
60 132
60 133
60 134
60 137
60 139
60 12
60 23
60 155
60 49
60 51
60 52
60 53
60 54
60 55
60 56
60 57
60 58
60 59
60 61
60 62
60 63
60 64
60 65
60 66
60 67
60 68
60 70
60 71
60 72
60 73
60 76
60 80
60 87
60 90
60 97
60 118
60 121
60 122
60 123
60 124
60 125
60 126
61 132
61 133
61 134
61 137
61 139
61 12
61 23
61 155
61 49
61 51
61 52
61 53
61 54
61 55
61 56
61 57
61 58
61 59
61 60
61 62
61 63
61 64
61 65
61 66
61 67
61 68
61 70
61 71
61 72
61 73
61 76
61 80
61 87
61 90
61 97
61 118
61 121
61 122
61 123
61 124
61 125
61 126
62 132
62 133
62 134
62 137
62 139
62 12
62 23
62 155
62 49
62 51
62 52
62 53
62 54
62 55
62 56
62 57
62 58
62 59
62 60
62 61
62 63
62 64
62 65
62 66
62 67
62 68
62 70
62 71
62 72
62 73
62 76
62 80
62 87
62 90
62 97
62 118
62 121
62 122
62 123
62 124
62 125
62 126
63 132
63 133
63 134
63 137
63 139
63 12
63 23
63 155
63 49
63 51
63 52
63 53
63 54
63 55
63 56
63 57
63 58
63 59
63 60
63 61
63 62
63 64
63 65
63 66
63 67
63 68
63 70
63 71
63 72
63 73
63 76
63 80
63 87
63 90
63 97
63 118
63 121
63 122
63 123
63 124
63 125
63 126
64 132
64 133
64 134
64 137
64 139
64 12
64 23
64 155
64 49
64 51
64 52
64 53
64 54
64 55
64 56
64 57
64 58
64 59
64 60
64 61
64 62
64 63
64 65
64 66
64 67
64 68
64 70
64 71
64 72
64 73
64 76
64 80
64 87
64 90
64 97
64 118
64 121
64 122
64 123
64 124
64 125
64 126
65 132
65 133
65 134
65 137
65 139
65 12
65 23
65 155
65 49
65 51
65 52
65 53
65 54
65 55
65 56
65 57
65 58
65 59
65 60
65 61
65 62
65 63
65 64
65 66
65 67
65 68
65 70
65 71
65 72
65 73
65 76
65 80
65 87
65 90
65 97
65 118
65 121
65 122
65 123
65 124
65 125
65 126
66 132
66 133
66 134
66 137
66 139
66 12
66 23
66 155
66 49
66 51
66 52
66 53
66 54
66 55
66 56
66 57
66 58
66 59
66 60
66 61
66 62
66 63
66 64
66 65
66 67
66 68
66 70
66 71
66 72
66 73
66 76
66 80
66 87
66 90
66 97
66 118
66 121
66 122
66 123
66 124
66 125
66 126
67 132
67 133
67 134
67 137
67 139
67 12
67 23
67 155
67 49
67 51
67 52
67 53
67 54
67 55
67 56
67 57
67 58
67 59
67 60
67 61
67 62
67 63
67 64
67 65
67 66
67 68
67 70
67 71
67 72
67 73
67 76
67 80
67 87
67 90
67 97
67 118
67 121
67 122
67 123
67 124
67 125
67 126
68 132
68 133
68 134
68 137
68 139
68 12
68 23
68 155
68 49
68 51
68 52
68 53
68 54
68 55
68 56
68 57
68 58
68 59
68 60
68 61
68 62
68 63
68 64
68 65
68 66
68 67
68 70
68 71
68 72
68 73
68 76
68 80
68 87
68 90
68 97
68 118
68 121
68 122
68 123
68 124
68 125
68 126
69 0
69 1
69 3
69 4
69 5
69 6
69 7
69 8
69 9
69 10
69 11
69 13
69 14
69 15
69 16
69 17
69 18
69 19
69 20
69 21
69 22
69 24
69 26
69 27
69 28
69 29
69 30
69 31
69 32
69 33
69 34
69 35
69 36
69 37
69 38
69 39
69 42
69 43
69 44
69 45
69 46
69 47
70 132
70 133
70 134
70 137
70 139
70 12
70 23
70 49
70 51
70 52
70 53
70 54
70 55
70 56
70 57
70 58
70 59
70 60
70 61
70 62
70 63
70 64
70 65
70 66
70 67
70 68
70 71
70 72
70 73
70 76
70 80
70 87
70 90
70 97
70 118
70 121
70 122
70 123
70 124
70 125
70 126
71 132
71 133
71 134
71 137
71 139
71 12
71 23
71 49
71 51
71 52
71 53
71 54
71 55
71 56
71 57
71 58
71 59
71 60
71 61
71 62
71 63
71 64
71 65
71 66
71 67
71 68
71 70
71 72
71 73
71 76
71 80
71 87
71 90
71 97
71 118
71 121
71 122
71 123
71 124
71 125
71 126
72 132
72 133
72 134
72 137
72 139
72 12
72 23
72 49
72 51
72 52
72 53
72 54
72 55
72 56
72 57
72 58
72 59
72 60
72 61
72 62
72 63
72 64
72 65
72 66
72 67
72 68
72 70
72 71
72 73
72 76
72 80
72 87
72 90
72 97
72 118
72 121
72 122
72 123
72 124
72 125
72 126
73 12
73 121
73 23
73 155
73 454
73 49
73 51
73 52
73 53
73 54
73 55
73 56
73 57
73 58
73 59
73 60
73 61
73 62
73 63
73 64
73 65
73 66
73 67
73 68
73 70
73 71
73 72
73 76
73 596
73 87
73 97
73 122
73 123
73 124
73 125
73 126
74 3
74 773
74 135
74 138
74 268
74 141
74 399
74 147
74 149
74 157
74 798
74 421
74 294
74 129
74 426
74 173
74 818
74 183
74 322
74 327
74 329
74 330
74 338
74 341
74 343
74 348
74 549
74 865
74 355
74 361
74 236
74 237
74 238
74 374
75 258
75 259
75 260
75 261
75 263
75 265
75 266
75 267
75 270
75 271
75 272
75 276
75 277
75 278
75 279
75 152
75 281
75 282
75 319
75 325
75 328
75 331
75 332
75 333
75 334
75 335
75 210
75 342
75 347
75 349
75 352
75 358
75 360
75 362
75 363
75 364
75 82
76 12
76 23
76 155
76 49
76 51
76 52
76 53
76 54
76 55
76 56
76 57
76 58
76 59
76 60
76 61
76 62
76 693
76 64
76 65
76 66
76 67
76 68
76 70
76 71
76 72
76 73
76 87
76 97
76 63
76 140
76 121
76 122
76 123
76 124
76 125
76 126
77 662
77 293
77 173
77 823
77 317
77 628
77 373
77 319
78 79
78 81
78 83
78 84
78 85
78 86
78 88
78 89
78 91
78 92
78 93
78 94
78 95
78 96
78 98
78 99
78 100
78 101
78 102
78 104
78 105
78 106
78 107
78 108
78 109
78 110
78 111
78 112
78 113
78 114
78 115
78 116
78 117
78 119
79 526
79 275
79 887
79 78
79 81
79 83
79 84
79 85
79 86
79 88
79 89
79 91
79 92
79 93
79 94
79 95
79 96
79 98
79 99
79 100
79 101
79 102
79 104
79 105
79 106
79 107
79 108
79 109
79 110
79 111
79 112
79 113
79 114
79 115
79 116
79 117
79 119
80 132
80 133
80 134
80 137
80 139
80 12
80 23
80 285
80 291
80 70
80 49
80 51
80 52
80 53
80 54
80 55
80 56
80 57
80 58
80 59
80 60
80 61
80 62
80 63
80 64
80 65
80 66
80 67
80 68
80 71
80 72
80 90
80 118
81 78
81 79
81 83
81 84
81 85
81 86
81 88
81 89
81 91
81 92
81 93
81 94
81 95
81 96
81 98
81 99
81 100
81 101
81 102
81 104
81 105
81 106
81 107
81 108
81 109
81 110
81 111
81 112
81 113
81 114
81 115
81 116
81 117
81 119
82 258
82 259
82 260
82 261
82 263
82 265
82 266
82 271
82 272
82 276
82 277
82 278
82 279
82 152
82 281
82 282
82 676
82 775
82 449
82 267
82 75
82 210
82 270
82 228
83 78
83 79
83 81
83 84
83 85
83 86
83 88
83 89
83 91
83 92
83 93
83 94
83 95
83 96
83 98
83 99
83 100
83 101
83 102
83 104
83 105
83 106
83 107
83 108
83 109
83 110
83 111
83 112
83 113
83 114
83 115
83 116
83 117
83 119
84 78
84 79
84 81
84 83
84 85
84 86
84 88
84 89
84 91
84 92
84 93
84 94
84 95
84 96
84 98
84 99
84 100
84 101
84 102
84 104
84 105
84 106
84 107
84 108
84 109
84 110
84 111
84 112
84 113
84 114
84 115
84 116
84 117
84 119
85 78
85 79
85 81
85 83
85 84
85 86
85 88
85 89
85 91
85 92
85 93
85 94
85 95
85 96
85 98
85 99
85 100
85 101
85 102
85 104
85 105
85 106
85 107
85 108
85 109
85 110
85 111
85 112
85 113
85 114
85 115
85 116
85 117
85 119
86 78
86 79
86 81
86 83
86 84
86 85
86 88
86 89
86 91
86 92
86 93
86 94
86 95
86 96
86 98
86 99
86 100
86 101
86 102
86 104
86 105
86 106
86 107
86 108
86 109
86 110
86 111
86 112
86 113
86 114
86 115
86 116
86 117
86 119
87 12
87 23
87 155
87 49
87 51
87 52
87 53
87 54
87 55
87 56
87 57
87 58
87 59
87 60
87 61
87 62
87 63
87 64
87 65
87 66
87 67
87 68
87 70
87 71
87 72
87 73
87 76
87 97
87 121
87 122
87 123
87 124
87 125
87 126
88 78
88 79
88 81
88 83
88 84
88 85
88 86
88 89
88 91
88 92
88 93
88 94
88 95
88 96
88 98
88 99
88 100
88 101
88 102
88 104
88 105
88 106
88 107
88 108
88 109
88 110
88 111
88 112
88 113
88 114
88 115
88 116
88 117
88 119
89 78
89 79
89 81
89 83
89 84
89 85
89 86
89 88
89 91
89 92
89 93
89 94
89 95
89 96
89 98
89 99
89 100
89 101
89 102
89 104
89 105
89 106
89 107
89 108
89 109
89 110
89 111
89 112
89 113
89 114
89 115
89 116
89 117
89 119
90 132
90 133
90 134
90 137
90 139
90 12
90 23
90 792
90 285
90 49
90 51
90 52
90 53
90 54
90 55
90 56
90 57
90 58
90 59
90 60
90 61
90 62
90 63
90 64
90 65
90 66
90 67
90 68
90 70
90 71
90 72
90 80
90 118
90 766
91 78
91 79
91 81
91 83
91 84
91 85
91 86
91 88
91 89
91 92
91 93
91 94
91 95
91 96
91 98
91 99
91 100
91 101
91 102
91 104
91 105
91 106
91 107
91 108
91 109
91 110
91 111
91 112
91 113
91 114
91 115
91 116
91 117
91 119
92 78
92 79
92 81
92 83
92 84
92 85
92 86
92 88
92 89
92 91
92 93
92 94
92 95
92 96
92 98
92 99
92 100
92 101
92 102
92 104
92 105
92 106
92 107
92 108
92 109
92 110
92 111
92 112
92 113
92 114
92 115
92 116
92 117
92 119
93 78
93 79
93 81
93 83
93 84
93 85
93 86
93 88
93 89
93 91
93 92
93 94
93 95
93 96
93 98
93 99
93 100
93 101
93 102
93 104
93 105
93 106
93 107
93 108
93 109
93 110
93 111
93 112
93 113
93 114
93 115
93 116
93 117
93 119
94 78
94 79
94 81
94 83
94 84
94 85
94 86
94 88
94 89
94 91
94 92
94 93
94 95
94 96
94 98
94 99
94 100
94 101
94 102
94 104
94 105
94 106
94 107
94 108
94 109
94 110
94 111
94 112
94 113
94 114
94 115
94 116
94 117
94 119
95 78
95 79
95 81
95 83
95 84
95 85
95 86
95 88
95 89
95 91
95 92
95 93
95 94
95 96
95 98
95 99
95 100
95 101
95 102
95 104
95 105
95 106
95 107
95 108
95 109
95 110
95 111
95 112
95 113
95 114
95 115
95 116
95 117
95 119
96 78
96 79
96 81
96 83
96 84
96 85
96 86
96 88
96 89
96 91
96 92
96 93
96 94
96 95
96 98
96 99
96 100
96 101
96 102
96 104
96 105
96 106
96 107
96 108
96 109
96 110
96 111
96 112
96 113
96 114
96 115
96 116
96 117
96 119
97 12
97 23
97 155
97 49
97 51
97 52
97 53
97 54
97 55
97 56
97 57
97 58
97 59
97 60
97 61
97 62
97 63
97 64
97 65
97 66
97 67
97 68
97 70
97 71
97 72
97 73
97 76
97 87
97 121
97 122
97 123
97 124
97 125
97 126
98 78
98 79
98 81
98 83
98 84
98 85
98 86
98 88
98 89
98 91
98 92
98 93
98 94
98 95
98 96
98 99
98 100
98 101
98 102
98 104
98 105
98 106
98 107
98 108
98 109
98 110
98 111
98 112
98 113
98 114
98 115
98 116
98 117
98 119
99 78
99 79
99 81
99 83
99 84
99 85
99 86
99 88
99 89
99 91
99 92
99 93
99 94
99 95
99 96
99 98
99 100
99 101
99 102
99 104
99 105
99 106
99 107
99 108
99 109
99 110
99 111
99 112
99 113
99 114
99 115
99 116
99 117
99 119
100 78
100 79
100 81
100 83
100 84
100 85
100 86
100 88
100 89
100 91
100 92
100 93
100 94
100 95
100 96
100 98
100 99
100 101
100 102
100 104
100 105
100 106
100 107
100 108
100 109
100 110
100 111
100 112
100 113
100 114
100 115
100 116
100 117
100 119
101 78
101 79
101 81
101 83
101 84
101 85
101 86
101 88
101 89
101 91
101 92
101 93
101 94
101 95
101 96
101 98
101 99
101 100
101 102
101 104
101 105
101 106
101 107
101 108
101 109
101 110
101 111
101 112
101 113
101 114
101 115
101 116
101 117
101 119
102 78
102 79
102 81
102 83
102 84
102 85
102 86
102 88
102 89
102 91
102 92
102 93
102 94
102 95
102 96
102 98
102 99
102 100
102 101
102 104
102 105
102 106
102 107
102 108
102 109
102 110
102 111
102 112
102 113
102 114
102 115
102 116
102 117
102 119
103 130
103 387
103 519
103 654
103 655
103 765
103 19
103 40
103 536
103 302
103 944
103 946
103 567
103 314
103 720
103 338
103 377
103 617
103 623
103 369
103 249
103 509
104 78
104 79
104 81
104 83
104 84
104 85
104 86
104 88
104 89
104 91
104 92
104 93
104 94
104 95
104 96
104 98
104 99
104 100
104 101
104 102
104 105
104 106
104 107
104 108
104 109
104 110
104 111
104 112
104 113
104 114
104 115
104 116
104 117
104 119
105 78
105 79
105 81
105 83
105 84
105 85
105 86
105 88
105 89
105 91
105 92
105 93
105 94
105 95
105 96
105 98
105 99
105 100
105 101
105 102
105 104
105 106
105 107
105 108
105 109
105 110
105 111
105 112
105 113
105 114
105 115
105 116
105 117
105 119
106 78
106 79
106 81
106 83
106 84
106 85
106 86
106 88
106 89
106 91
106 92
106 93
106 94
106 95
106 96
106 98
106 99
106 100
106 101
106 102
106 104
106 105
106 107
106 108
106 109
106 110
106 111
106 112
106 113
106 114
106 115
106 116
106 117
106 119
107 78
107 79
107 81
107 83
107 84
107 85
107 86
107 88
107 89
107 91
107 92
107 93
107 94
107 95
107 96
107 98
107 99
107 100
107 101
107 102
107 104
107 105
107 106
107 108
107 109
107 110
107 111
107 112
107 113
107 114
107 115
107 116
107 117
107 119
108 78
108 79
108 81
108 83
108 84
108 85
108 86
108 88
108 89
108 91
108 92
108 93
108 94
108 95
108 96
108 98
108 99
108 100
108 101
108 102
108 104
108 105
108 106
108 107
108 109
108 110
108 111
108 112
108 113
108 114
108 115
108 116
108 117
108 119
109 78
109 79
109 81
109 83
109 84
109 85
109 86
109 88
109 89
109 91
109 92
109 93
109 94
109 95
109 96
109 98
109 99
109 100
109 101
109 102
109 104
109 105
109 106
109 107
109 108
109 110
109 111
109 112
109 113
109 114
109 115
109 116
109 117
109 119
110 78
110 79
110 81
110 83
110 84
110 85
110 86
110 88
110 89
110 91
110 92
110 93
110 94
110 95
110 96
110 98
110 99
110 100
110 101
110 102
110 104
110 105
110 106
110 107
110 108
110 109
110 111
110 112
110 113
110 114
110 115
110 116
110 117
110 119
111 78
111 79
111 81
111 83
111 84
111 85
111 86
111 88
111 89
111 91
111 92
111 93
111 94
111 95
111 96
111 98
111 99
111 100
111 101
111 102
111 104
111 105
111 106
111 107
111 108
111 109
111 110
111 112
111 113
111 114
111 115
111 116
111 117
111 119
112 78
112 79
112 81
112 83
112 84
112 85
112 86
112 88
112 89
112 91
112 92
112 93
112 94
112 95
112 96
112 98
112 99
112 100
112 101
112 102
112 104
112 105
112 106
112 107
112 108
112 109
112 110
112 111
112 113
112 114
112 115
112 116
112 117
112 119
113 78
113 79
113 81
113 83
113 84
113 85
113 86
113 88
113 89
113 91
113 92
113 93
113 94
113 95
113 96
113 98
113 99
113 100
113 101
113 102
113 104
113 105
113 106
113 107
113 108
113 109
113 110
113 111
113 112
113 114
113 115
113 116
113 117
113 119
114 78
114 79
114 81
114 83
114 84
114 85
114 86
114 88
114 89
114 91
114 92
114 93
114 94
114 95
114 96
114 98
114 99
114 100
114 101
114 102
114 104
114 105
114 106
114 107
114 108
114 109
114 110
114 111
114 112
114 113
114 115
114 116
114 117
114 119
115 78
115 79
115 81
115 83
115 84
115 85
115 86
115 88
115 89
115 91
115 92
115 93
115 94
115 95
115 96
115 98
115 99
115 100
115 101
115 102
115 104
115 105
115 106
115 107
115 108
115 109
115 110
115 111
115 112
115 113
115 114
115 116
115 117
115 119
116 78
116 79
116 81
116 83
116 84
116 85
116 86
116 88
116 89
116 91
116 92
116 93
116 94
116 95
116 96
116 98
116 99
116 100
116 101
116 102
116 104
116 105
116 106
116 107
116 108
116 109
116 110
116 111
116 112
116 113
116 114
116 115
116 117
116 119
117 78
117 79
117 81
117 83
117 84
117 85
117 86
117 88
117 89
117 91
117 92
117 93
117 94
117 95
117 96
117 98
117 99
117 100
117 101
117 102
117 104
117 105
117 106
117 107
117 108
117 109
117 110
117 111
117 112
117 113
117 114
117 115
117 116
117 119
118 132
118 133
118 134
118 137
118 139
118 12
118 23
118 539
118 70
118 49
118 51
118 52
118 53
118 54
118 55
118 56
118 57
118 58
118 59
118 60
118 61
118 62
118 63
118 64
118 65
118 66
118 67
118 68
118 71
118 72
118 80
118 90
119 78
119 79
119 81
119 83
119 84
119 85
119 86
119 88
119 89
119 91
119 92
119 93
119 94
119 95
119 96
119 98
119 99
119 100
119 101
119 102
119 104
119 105
119 106
119 107
119 108
119 109
119 110
119 111
119 112
119 113
119 114
119 115
119 116
119 117
120 514
120 522
120 141
120 914
120 540
120 161
120 163
120 164
120 310
120 441
120 186
120 584
120 311
120 993
120 740
120 231
120 622
120 246
121 12
121 23
121 49
121 51
121 52
121 53
121 54
121 55
121 56
121 57
121 58
121 59
121 60
121 61
121 62
121 63
121 64
121 65
121 66
121 67
121 68
121 70
121 71
121 72
121 73
121 76
121 87
121 97
121 122
121 123
121 124
121 125
121 126
122 12
122 23
122 49
122 51
122 52
122 53
122 54
122 55
122 56
122 57
122 58
122 59
122 60
122 61
122 62
122 63
122 64
122 65
122 66
122 67
122 68
122 70
122 71
122 72
122 73
122 76
122 87
122 97
122 121
122 123
122 124
122 125
122 126
123 12
123 23
123 49
123 51
123 52
123 53
123 54
123 55
123 56
123 57
123 58
123 59
123 60
123 61
123 62
123 63
123 64
123 65
123 66
123 67
123 68
123 70
123 71
123 72
123 73
123 76
123 87
123 97
123 121
123 122
123 124
123 125
123 126
124 12
124 23
124 49
124 51
124 52
124 53
124 54
124 55
124 56
124 57
124 58
124 59
124 60
124 61
124 62
124 63
124 64
124 65
124 66
124 67
124 68
124 70
124 71
124 72
124 73
124 76
124 87
124 97
124 121
124 122
124 123
124 125
124 126
125 12
125 23
125 49
125 51
125 52
125 53
125 54
125 55
125 56
125 57
125 58
125 59
125 60
125 61
125 62
125 63
125 64
125 65
125 66
125 67
125 68
125 70
125 71
125 72
125 73
125 76
125 87
125 97
125 121
125 122
125 123
125 124
125 126
126 12
126 23
126 49
126 51
126 52
126 53
126 54
126 55
126 56
126 57
126 58
126 59
126 60
126 61
126 62
126 63
126 64
126 65
126 66
126 67
126 68
126 70
126 71
126 72
126 73
126 76
126 87
126 97
126 121
126 122
126 123
126 124
126 125
127 392
127 145
127 151
127 284
127 295
127 175
127 185
127 315
127 316
127 192
127 193
127 195
127 197
127 198
127 199
127 200
127 714
127 205
127 214
127 215
127 220
127 224
127 226
127 240
127 241
127 245
127 247
127 379
128 646
128 907
128 143
128 536
128 811
128 306
128 691
128 575
128 722
128 731
128 367
128 881
128 630
129 769
129 135
129 520
129 147
129 149
129 150
129 543
129 294
129 807
129 173
129 74
129 183
129 322
129 327
129 329
129 330
129 341
129 343
129 348
129 355
129 236
129 237
129 882
129 764
129 510
129 767
130 386
130 262
130 519
130 655
130 280
130 164
130 687
130 946
130 310
130 567
130 317
130 574
130 703
130 720
130 209
130 728
130 353
130 103
130 373
131 922
131 815
131 669
131 545
131 168
131 937
131 426
131 952
131 320
131 594
132 133
132 134
132 137
132 139
132 12
132 23
132 49
132 51
132 52
132 53
132 54
132 55
132 56
132 57
132 58
132 59
132 60
132 61
132 62
132 63
132 64
132 65
132 66
132 67
132 68
132 70
132 71
132 72
132 80
132 90
132 118
133 132
133 134
133 137
133 139
133 12
133 23
133 49
133 51
133 52
133 53
133 54
133 55
133 56
133 57
133 58
133 59
133 60
133 61
133 62
133 63
133 64
133 65
133 66
133 67
133 68
133 70
133 71
133 72
133 80
133 90
133 118
134 132
134 133
134 137
134 139
134 12
134 23
134 49
134 51
134 52
134 53
134 54
134 55
134 56
134 57
134 58
134 59
134 60
134 61
134 62
134 63
134 64
134 65
134 66
134 67
134 68
134 70
134 71
134 72
134 80
134 90
134 118
135 1
135 129
135 9
135 138
135 141
135 147
135 149
135 294
135 173
135 183
135 74
135 322
135 327
135 329
135 330
135 210
135 341
135 343
135 348
135 16
135 355
135 231
135 236
135 237
135 251
136 384
136 4
136 5
136 264
136 406
136 167
136 169
136 429
136 431
136 179
136 436
136 313
136 447
136 580
136 457
136 587
136 592
136 597
136 598
136 607
136 365
136 625
136 626
136 627
136 244
136 425
136 376
136 633
136 636
136 382
136 383
137 132
137 133
137 134
137 139
137 12
137 23
137 49
137 51
137 52
137 53
137 54
137 55
137 56
137 57
137 58
137 59
137 60
137 61
137 62
137 63
137 64
137 65
137 66
137 67
137 68
137 70
137 71
137 72
137 80
137 90
137 118
138 5
138 135
138 141
138 530
138 147
138 157
138 169
138 173
138 559
138 438
138 578
138 374
138 456
138 585
138 74
138 336
138 228
138 612
138 238
138 19
138 361
138 249
139 132
139 133
139 134
139 137
139 12
139 23
139 49
139 51
139 52
139 53
139 54
139 55
139 56
139 57
139 58
139 59
139 60
139 61
139 62
139 63
139 64
139 65
139 66
139 67
139 68
139 70
139 71
139 72
139 80
139 90
139 118
140 649
140 917
140 155
140 542
140 41
140 691
140 693
140 953
140 828
140 76
140 716
140 723
140 983
140 233
140 234
141 5
141 135
141 138
141 909
141 173
141 912
141 530
141 157
141 163
141 559
141 445
141 578
141 456
141 585
141 74
141 847
141 336
141 612
141 161
141 238
141 120
142 0
142 2
142 772
142 9
142 275
142 148
142 918
142 158
142 932
142 166
142 7
142 301
142 180
142 452
142 460
142 718
142 467
142 230
142 374
142 250
143 128
143 644
143 398
143 784
143 922
143 669
143 545
143 807
143 177
143 446
143 601
143 187
143 487
143 234
143 878
143 378
143 252
144 897
144 787
144 794
144 164
144 677
144 812
144 557
144 947
144 659
144 588
144 338
144 724
144 476
144 350
144 361
144 234
144 367
145 151
145 284
145 295
145 175
145 185
145 316
145 192
145 193
145 195
145 197
145 198
145 199
145 200
145 714
145 205
145 214
145 215
145 220
145 224
145 226
145 240
145 241
145 245
145 247
145 379
145 127
146 899
146 650
146 525
146 924
146 555
146 973
146 483
147 129
147 386
147 773
147 135
147 138
147 149
147 294
147 169
147 173
147 183
147 74
147 577
147 322
147 327
147 329
147 330
147 341
147 343
147 348
147 355
147 236
147 237
148 0
148 2
148 7
148 8
148 11
148 268
148 142
148 399
148 656
148 532
148 21
148 796
148 158
148 301
148 180
148 452
148 203
148 465
148 848
148 230
148 883
148 251
149 129
149 135
149 399
149 147
149 157
149 166
149 257
149 173
149 183
149 74
149 322
149 327
149 584
149 329
149 330
149 237
149 341
149 343
149 348
149 610
149 355
149 294
149 236
149 238
149 374
150 129
150 280
150 665
150 925
150 306
150 178
150 183
150 186
150 576
150 472
150 986
150 229
150 366
150 372
150 761
150 637
150 510
151 145
151 284
151 925
151 295
151 556
151 175
151 185
151 192
151 193
151 195
151 197
151 198
151 199
151 200
151 205
151 214
151 215
151 220
151 224
151 226
151 240
151 241
151 245
151 247
151 127
152 258
152 259
152 260
152 261
152 263
152 265
152 266
152 267
152 14
152 271
152 272
152 276
152 277
152 278
152 279
152 281
152 282
152 29
152 159
152 174
152 75
152 82
152 270
152 470
152 356
152 210
152 250
153 778
153 781
153 671
153 165
153 297
153 242
153 733
153 570
153 957
153 203
153 470
153 227
153 616
153 234
153 254
154 535
154 286
154 165
154 170
154 566
154 340
154 614
154 486
154 880
154 375
155 140
155 23
155 49
155 51
155 52
155 53
155 54
155 55
155 56
155 57
155 58
155 59
155 60
155 61
155 62
155 693
155 64
155 65
155 66
155 67
155 68
155 73
155 76
155 87
155 97
155 12
155 63
156 640
156 7
156 923
156 801
156 41
156 562
156 827
156 613
156 595
156 255
157 5
157 138
157 141
157 530
157 161
157 559
157 818
157 578
157 456
157 585
157 74
157 336
157 612
157 237
157 366
157 238
157 255
157 149
158 0
158 2
158 8
158 9
158 11
158 142
158 301
158 273
158 148
158 932
158 7
158 180
158 452
158 460
158 230
158 489
158 250
159 525
159 152
159 41
159 300
159 571
159 324
159 710
159 590
159 470
159 989
159 351
159 608
159 242
160 726
160 416
160 299
160 370
160 182
160 323
160 221
160 871
160 234
160 748
160 637
161 514
161 262
161 141
161 157
161 163
161 164
161 40
161 584
161 336
161 227
161 740
161 231
161 235
161 41
161 120
162 768
162 779
162 525
162 269
162 790
162 415
162 682
162 755
162 569
162 886
162 13
162 593
162 754
162 506
163 1
163 771
163 262
163 777
163 522
163 141
163 786
163 533
163 161
163 821
163 311
163 826
163 120
163 859
163 736
163 231
163 747
163 236
163 495
163 246
164 130
164 654
164 144
164 659
164 285
164 161
164 291
164 428
164 306
164 582
164 209
164 476
164 227
164 371
164 120
165 515
165 398
165 403
165 153
165 154
165 690
165 340
165 486
165 614
165 375
166 257
166 3
166 7
166 908
166 142
166 399
166 530
166 532
166 149
166 798
166 802
166 48
166 467
166 610
166 235
166 238
166 250
167 384
167 4
167 5
167 648
167 663
167 664
167 670
167 169
167 684
167 136
167 179
167 580
167 598
167 607
167 425
167 365
167 626
167 627
167 244
167 264
167 376
167 636
167 382
167 383
168 131
168 537
168 283
168 803
168 937
168 170
168 952
168 601
168 734
168 357
168 491
168 501
168 758
168 252
169 257
169 4
169 5
169 136
169 138
169 813
169 147
169 805
169 167
169 425
169 173
169 264
169 819
169 478
169 607
169 232
169 361
169 749
169 750
169 497
169 244
169 509
170 403
170 154
170 168
170 41
170 566
170 596
170 345
170 502
171 662
171 414
171 675
171 676
171 421
171 302
171 820
171 314
171 591
171 473
171 753
171 377
171 891
172 672
172 184
172 188
172 189
172 190
172 191
172 194
172 196
172 201
172 202
172 204
172 206
172 207
172 208
172 211
172 212
172 213
172 216
172 217
172 218
172 219
172 222
172 223
172 225
173 129
173 135
173 138
173 141
173 147
173 149
173 294
173 169
173 823
173 74
173 322
173 327
173 329
173 330
173 183
173 77
173 341
173 343
173 348
173 355
173 361
173 236
173 237
174 152
174 538
174 290
174 423
174 296
174 555
174 699
174 317
174 830
174 324
174 975
174 984
174 719
174 735
174 356
174 680
174 754
174 755
174 249
175 145
175 151
175 284
175 295
175 185
175 192
175 193
175 195
175 197
175 198
175 199
175 200
175 205
175 214
175 215
175 220
175 224
175 226
175 240
175 241
175 245
175 247
175 127
176 0
176 832
176 8
176 676
176 565
176 839
176 979
176 991
176 242
176 499
176 634
177 461
177 143
177 922
177 439
177 952
177 442
177 443
177 316
177 450
177 451
177 462
177 463
177 464
177 466
177 468
177 474
177 475
177 784
178 642
178 645
178 150
178 280
178 808
178 986
178 372
179 136
179 406
179 167
179 429
179 431
179 264
179 436
179 447
179 457
179 587
179 592
179 597
179 313
179 865
179 625
179 244
179 633
180 0
180 385
180 2
180 7
180 8
180 11
180 142
180 656
180 532
180 21
180 796
180 158
180 301
180 465
180 344
180 230
180 359
180 883
180 148
180 251
181 528
181 661
181 409
181 415
181 688
181 856
181 380
182 416
182 299
182 943
182 160
182 323
182 977
182 726
182 604
182 221
182 748
182 370
183 129
183 150
183 135
183 147
183 149
183 22
183 294
183 173
183 74
183 322
183 327
183 329
183 330
183 341
183 343
183 472
183 348
183 355
183 236
183 237
183 366
183 510
184 172
184 188
184 189
184 190
184 191
184 194
184 196
184 201
184 202
184 204
184 206
184 207
184 208
184 211
184 212
184 213
184 216
184 217
184 218
184 219
184 222
184 223
184 225
185 145
185 151
185 284
185 295
185 175
185 192
185 193
185 195
185 197
185 198
185 199
185 200
185 205
185 214
185 215
185 220
185 224
185 226
185 240
185 241
185 245
185 247
185 127
186 514
186 775
186 150
186 812
186 688
186 306
186 120
186 732
186 239
187 143
187 551
187 560
187 572
187 446
187 575
187 738
187 998
187 235
187 878
187 887
187 632
188 172
188 184
188 189
188 190
188 191
188 194
188 196
188 201
188 202
188 204
188 206
188 207
188 208
188 211
188 212
188 213
188 216
188 217
188 218
188 219
188 222
188 223
188 225
189 172
189 184
189 188
189 190
189 191
189 194
189 196
189 201
189 202
189 204
189 206
189 207
189 208
189 211
189 212
189 213
189 216
189 217
189 218
189 219
189 222
189 223
189 225
190 172
190 184
190 188
190 189
190 191
190 194
190 196
190 201
190 202
190 204
190 206
190 207
190 208
190 211
190 212
190 213
190 216
190 217
190 218
190 219
190 222
190 223
190 225
191 172
191 184
191 188
191 189
191 190
191 194
191 196
191 201
191 202
191 204
191 206
191 207
191 208
191 211
191 212
191 213
191 216
191 217
191 218
191 219
191 222
191 223
191 225
192 145
192 151
192 284
192 295
192 175
192 185
192 193
192 195
192 197
192 198
192 199
192 200
192 205
192 214
192 215
192 220
192 224
192 226
192 240
192 241
192 245
192 247
192 127
193 145
193 151
193 284
193 295
193 175
193 185
193 192
193 195
193 197
193 198
193 199
193 200
193 205
193 214
193 215
193 220
193 224
193 226
193 240
193 241
193 245
193 247
193 127
194 172
194 184
194 188
194 189
194 190
194 191
194 196
194 201
194 202
194 204
194 206
194 207
194 208
194 211
194 212
194 213
194 216
194 217
194 218
194 219
194 222
194 223
194 225
195 145
195 151
195 284
195 295
195 175
195 185
195 192
195 193
195 197
195 198
195 199
195 200
195 205
195 214
195 215
195 220
195 224
195 226
195 240
195 241
195 245
195 247
195 127
196 172
196 184
196 188
196 189
196 190
196 191
196 194
196 201
196 202
196 204
196 206
196 207
196 208
196 211
196 212
196 213
196 216
196 217
196 218
196 219
196 222
196 223
196 225
197 145
197 151
197 284
197 295
197 175
197 185
197 192
197 193
197 195
197 198
197 199
197 200
197 205
197 214
197 215
197 220
197 224
197 226
197 240
197 241
197 245
197 247
197 127
198 145
198 151
198 284
198 295
198 175
198 185
198 192
198 193
198 195
198 197
198 199
198 200
198 205
198 214
198 215
198 220
198 224
198 226
198 240
198 241
198 245
198 247
198 127
199 145
199 151
199 284
199 295
199 175
199 185
199 192
199 193
199 195
199 197
199 198
199 200
199 205
199 214
199 215
199 220
199 224
199 226
199 240
199 241
199 245
199 247
199 127
200 145
200 151
200 284
200 295
200 175
200 185
200 192
200 193
200 195
200 197
200 198
200 199
200 205
200 214
200 215
200 220
200 224
200 226
200 240
200 241
200 245
200 247
200 127
201 172
201 184
201 188
201 189
201 190
201 191
201 194
201 196
201 202
201 204
201 206
201 207
201 208
201 211
201 212
201 213
201 216
201 217
201 218
201 219
201 222
201 223
201 225
202 172
202 184
202 188
202 189
202 190
202 191
202 194
202 196
202 201
202 204
202 206
202 207
202 208
202 211
202 212
202 213
202 216
202 217
202 218
202 219
202 222
202 223
202 225
203 780
203 403
203 148
203 153
203 672
203 682
203 861
203 268
203 810
204 172
204 184
204 188
204 189
204 190
204 191
204 194
204 196
204 201
204 202
204 206
204 207
204 208
204 211
204 212
204 213
204 216
204 217
204 218
204 219
204 222
204 223
204 225
205 145
205 151
205 284
205 295
205 175
205 185
205 192
205 193
205 195
205 197
205 198
205 199
205 200
205 214
205 215
205 220
205 224
205 226
205 240
205 241
205 245
205 247
205 127
206 172
206 184
206 188
206 189
206 190
206 191
206 194
206 196
206 201
206 202
206 204
206 207
206 208
206 211
206 212
206 213
206 216
206 217
206 218
206 219
206 222
206 223
206 225
207 172
207 184
207 188
207 189
207 190
207 191
207 194
207 196
207 201
207 202
207 204
207 206
207 208
207 211
207 212
207 213
207 216
207 217
207 218
207 219
207 222
207 223
207 225
208 172
208 184
208 188
208 189
208 190
208 191
208 194
208 196
208 201
208 202
208 204
208 206
208 207
208 211
208 212
208 213
208 216
208 217
208 218
208 219
208 222
208 223
208 225
209 130
209 774
209 654
209 659
209 291
209 164
209 302
209 968
209 728
209 617
210 258
210 259
210 260
210 261
210 263
210 265
210 266
210 267
210 270
210 271
210 272
210 276
210 277
210 278
210 279
210 152
210 281
210 282
210 135
210 75
210 82
211 172
211 184
211 188
211 189
211 190
211 191
211 194
211 196
211 201
211 202
211 204
211 206
211 207
211 208
211 212
211 213
211 216
211 217
211 218
211 219
211 222
211 223
211 225
212 172
212 184
212 188
212 189
212 190
212 191
212 194
212 196
212 201
212 202
212 204
212 206
212 207
212 208
212 211
212 213
212 216
212 217
212 218
212 219
212 222
212 223
212 225
213 172
213 184
213 188
213 189
213 190
213 191
213 194
213 196
213 201
213 202
213 204
213 206
213 207
213 208
213 211
213 212
213 216
213 217
213 218
213 219
213 222
213 223
213 225
214 145
214 151
214 284
214 295
214 175
214 185
214 192
214 193
214 195
214 197
214 198
214 199
214 200
214 205
214 215
214 220
214 224
214 226
214 240
214 241
214 245
214 247
214 127
215 145
215 151
215 284
215 295
215 175
215 185
215 192
215 193
215 195
215 197
215 198
215 199
215 200
215 205
215 214
215 220
215 224
215 226
215 240
215 241
215 245
215 247
215 127
216 172
216 184
216 188
216 189
216 190
216 191
216 194
216 196
216 201
216 202
216 204
216 206
216 207
216 208
216 211
216 212
216 213
216 217
216 218
216 219
216 222
216 223
216 225
217 172
217 184
217 188
217 189
217 190
217 191
217 194
217 196
217 201
217 202
217 204
217 206
217 207
217 208
217 211
217 212
217 213
217 216
217 218
217 219
217 222
217 223
217 225
218 172
218 184
218 188
218 189
218 190
218 191
218 194
218 196
218 201
218 202
218 204
218 206
218 207
218 208
218 211
218 212
218 213
218 216
218 217
218 219
218 222
218 223
218 225
219 172
219 184
219 188
219 189
219 190
219 191
219 194
219 196
219 201
219 202
219 204
219 206
219 207
219 208
219 211
219 212
219 213
219 216
219 217
219 218
219 222
219 223
219 225
220 145
220 151
220 284
220 295
220 175
220 185
220 192
220 193
220 195
220 197
220 198
220 199
220 200
220 205
220 214
220 215
220 224
220 226
220 240
220 241
220 245
220 247
220 127
221 528
221 660
221 409
221 416
221 304
221 690
221 182
221 960
221 160
222 172
222 184
222 188
222 189
222 190
222 191
222 194
222 196
222 201
222 202
222 204
222 206
222 207
222 208
222 211
222 212
222 213
222 216
222 217
222 218
222 219
222 223
222 225
223 172
223 184
223 188
223 189
223 190
223 191
223 194
223 196
223 201
223 202
223 204
223 206
223 207
223 208
223 211
223 212
223 213
223 216
223 217
223 218
223 219
223 222
223 225
224 145
224 151
224 284
224 295
224 175
224 185
224 192
224 193
224 195
224 197
224 198
224 199
224 200
224 205
224 214
224 215
224 220
224 226
224 240
224 241
224 245
224 247
224 127
225 172
225 184
225 188
225 189
225 190
225 191
225 194
225 196
225 201
225 202
225 204
225 206
225 207
225 208
225 211
225 212
225 213
225 216
225 217
225 218
225 219
225 222
225 223
226 145
226 151
226 284
226 295
226 175
226 185
226 192
226 193
226 195
226 197
226 198
226 199
226 200
226 205
226 214
226 215
226 220
226 224
226 240
226 241
226 245
226 247
226 127
227 428
227 153
227 161
227 164
227 40
227 41
227 811
227 300
227 609
227 234
227 235
227 297
227 254
228 138
228 538
228 318
228 82
228 997
228 249
228 251
228 511
229 897
229 392
229 12
229 150
229 669
229 960
229 554
229 306
229 315
229 444
229 576
229 577
229 711
229 850
229 471
230 0
230 2
230 9
230 11
230 142
230 17
230 532
230 24
230 796
230 158
230 932
230 303
230 180
230 452
230 460
230 742
230 366
230 148
231 1
231 262
231 135
231 9
231 16
231 161
231 163
231 311
231 584
231 718
231 120
231 467
231 859
231 744
231 236
231 629
231 246
232 0
232 513
232 2
232 3
232 8
232 17
232 25
232 27
232 798
232 169
232 48
232 700
232 465
232 344
232 478
232 735
232 359
233 640
233 140
233 871
233 234
233 890
233 254
234 140
234 398
234 143
234 144
234 153
234 160
234 428
234 609
234 227
234 871
234 616
234 233
234 254
235 386
235 161
235 166
235 40
235 41
235 187
235 572
235 445
235 575
235 227
235 632
236 129
236 135
236 147
236 149
236 163
236 294
236 173
236 311
236 74
236 322
236 327
236 329
236 330
236 183
236 341
236 343
236 348
236 355
236 231
236 237
236 246
237 129
237 135
237 147
237 149
237 157
237 421
237 294
237 348
237 173
237 183
237 74
237 322
237 327
237 329
237 330
237 341
237 343
237 355
237 236
237 374
238 257
238 5
238 138
238 141
238 399
238 530
238 149
238 157
238 293
238 166
238 559
238 578
238 456
238 585
238 74
238 336
238 610
238 612
238 294
239 928
239 866
239 996
239 934
239 904
239 874
239 875
239 940
239 962
239 942
239 840
239 418
239 884
239 469
239 921
239 186
239 509
240 192
240 193
240 224
240 195
240 197
240 198
240 145
240 200
240 226
240 247
240 205
240 175
240 241
240 245
240 214
240 215
240 151
240 185
240 220
240 199
240 127
241 192
241 193
241 224
241 195
241 197
241 198
241 199
241 200
241 226
241 247
241 205
241 175
241 240
241 145
241 245
241 214
241 215
241 151
241 185
241 220
241 127
242 351
242 730
242 159
242 562
242 176
242 600
242 979
242 470
242 537
242 153
242 570
242 634
242 671
243 720
243 586
243 653
243 477
243 688
243 307
243 269
243 981
243 249
243 538
243 732
243 829
244 4
244 5
244 633
244 136
244 425
244 587
244 429
244 431
244 592
244 625
244 179
244 169
244 597
244 406
244 457
244 436
244 313
244 447
244 167
244 264
244 607
245 192
245 193
245 224
245 195
245 197
245 198
245 145
245 200
245 226
245 247
245 205
245 175
245 240
245 241
245 214
245 215
245 151
245 185
245 220
245 199
245 127
246 993
246 163
246 708
246 262
246 231
246 40
246 522
246 236
246 120
246 542
246 310
246 311
246 540
246 606
246 703
247 192
247 193
247 224
247 195
247 197
247 198
247 241
247 200
247 226
247 199
247 205
247 175
247 240
247 145
247 245
247 214
247 215
247 151
247 185
247 220
247 127
248 288
248 579
248 459
248 935
248 877
248 483
248 531
248 948
248 380
248 350
249 624
249 290
249 228
249 103
249 808
249 617
249 586
249 680
249 269
249 174
249 367
249 48
249 536
249 754
249 243
249 823
249 568
249 505
249 138
250 3
250 516
250 166
250 556
250 7
250 142
250 399
250 48
250 530
250 665
250 532
250 510
250 152
250 761
250 158
251 0
251 656
251 3
251 452
251 6
251 135
251 936
251 10
251 301
251 8
251 307
251 180
251 312
251 148
251 228
251 799
252 448
252 283
252 273
252 168
252 491
252 143
252 803
252 758
252 601
252 537
253 480
253 481
253 482
253 643
253 517
253 391
253 488
253 298
253 678
253 496
253 305
253 529
253 761
253 527
253 395
253 485
254 609
254 227
254 616
254 233
254 234
254 811
254 693
254 153
254 890
254 315
255 705
255 550
255 299
255 300
255 157
255 692
255 757
255 923
255 156
256 704
256 667
256 414
256 639
257 750
257 868
257 166
257 520
257 361
257 610
257 392
257 749
257 238
257 399
257 497
257 819
257 149
257 169
257 813
257 478
257 805
258 259
258 260
258 261
258 263
258 265
258 266
258 75
258 210
258 270
258 271
258 272
258 82
258 276
258 277
258 278
258 279
258 152
258 281
258 282
258 267
259 258
259 267
259 260
259 261
259 263
259 265
259 266
259 75
259 210
259 270
259 271
259 272
259 82
259 276
259 277
259 278
259 279
259 152
259 281
259 282
260 258
260 259
260 261
260 263
260 265
260 266
260 75
260 210
260 270
260 271
260 272
260 82
260 276
260 277
260 278
260 279
260 152
260 281
260 282
260 267
261 258
261 259
261 260
261 263
261 265
261 266
261 75
261 210
261 270
261 271
261 272
261 82
261 276
261 277
261 278
261 279
261 152
261 281
261 282
261 267
262 353
262 130
262 163
262 708
262 231
262 40
262 161
262 522
262 647
262 495
262 339
262 246
262 440
262 303
262 703
263 258
263 259
263 260
263 261
263 265
263 266
263 75
263 210
263 270
263 271
263 272
263 82
263 276
263 277
263 278
263 279
263 152
263 281
263 282
263 267
264 865
264 4
264 5
264 167
264 136
264 425
264 587
264 429
264 431
264 179
264 436
264 406
264 457
264 313
264 244
264 447
264 169
264 607
265 258
265 259
265 260
265 261
265 263
265 266
265 75
265 210
265 270
265 271
265 272
265 82
265 276
265 277
265 278
265 279
265 152
265 281
265 282
265 267
266 258
266 259
266 260
266 261
266 263
266 265
266 75
266 210
266 270
266 271
266 272
266 82
266 276
266 277
266 278
266 279
266 152
266 281
266 282
266 267
267 258
267 259
267 260
267 261
267 263
267 265
267 266
267 75
267 210
267 270
267 271
267 272
267 82
267 276
267 277
267 278
267 279
267 152
267 281
267 282
268 546
268 423
268 74
268 203
268 403
268 148
268 538
268 668
268 861
269 640
269 162
269 387
269 292
269 467
269 243
269 249
270 258
270 259
270 260
270 261
270 263
270 265
270 266
270 75
270 210
270 271
270 272
270 82
270 276
270 277
270 278
270 279
270 152
270 281
270 282
270 267
271 258
271 259
271 260
271 261
271 263
271 265
271 266
271 75
271 210
271 270
271 272
271 82
271 276
271 277
271 278
271 279
271 152
271 281
271 282
271 267
272 258
272 259
272 260
272 261
272 263
272 265
272 266
272 75
272 210
272 270
272 271
272 82
272 276
272 277
272 278
272 279
272 152
272 281
272 282
272 267
273 0
273 570
273 644
273 8
273 297
273 11
273 489
273 7
273 601
273 793
273 252
273 733
273 158
274 835
274 390
274 435
274 498
274 851
274 603
275 142
275 551
275 887
275 918
275 718
275 79
275 689
275 526
275 790
275 859
276 258
276 259
276 260
276 261
276 263
276 265
276 266
276 75
276 210
276 270
276 271
276 272
276 82
276 277
276 278
276 279
276 152
276 281
276 282
276 267
277 258
277 259
277 260
277 261
277 263
277 265
277 266
277 75
277 210
277 270
277 271
277 272
277 82
277 276
277 278
277 279
277 152
277 281
277 282
277 267
278 258
278 259
278 260
278 261
278 263
278 265
278 266
278 75
278 210
278 270
278 271
278 272
278 82
278 276
278 277
278 279
278 152
278 281
278 282
278 267
279 258
279 259
279 260
279 261
279 263
279 265
279 266
279 75
279 210
279 270
279 271
279 272
279 82
279 276
279 277
279 278
279 152
279 281
279 282
279 267
280 130
280 150
280 808
280 178
281 258
281 259
281 260
281 261
281 263
281 265
281 266
281 75
281 210
281 270
281 271
281 272
281 82
281 276
281 277
281 278
281 279
281 152
281 267
281 282
282 258
282 259
282 260
282 261
282 263
282 265
282 266
282 75
282 210
282 270
282 271
282 272
282 82
282 276
282 277
282 278
282 279
282 152
282 281
282 267
283 758
283 168
283 842
283 546
283 822
283 537
283 252
283 381
283 491
284 192
284 193
284 224
284 195
284 197
284 198
284 199
284 200
284 226
284 295
284 205
284 175
284 145
284 214
284 215
284 151
284 185
284 220
284 127
285 164
285 534
285 292
285 80
285 291
285 446
285 792
285 825
285 90
285 476
285 766
285 543
286 871
286 713
286 535
286 721
286 340
286 566
286 375
286 154
287 800
287 48
287 3
287 4
287 6
287 455
287 8
287 521
287 10
287 13
287 14
287 15
287 400
287 18
287 763
287 503
287 824
287 795
287 573
288 579
288 459
288 935
288 531
288 948
288 248
288 350
289 320
289 544
289 837
289 701
289 458
289 725
289 690
289 702
290 680
290 249
290 754
290 174
290 719
290 48
290 984
290 568
290 699
290 735
291 164
291 582
291 428
291 654
291 495
291 80
291 209
291 285
292 806
292 420
292 269
292 723
292 792
292 473
292 540
292 285
292 766
293 683
293 77
293 302
293 986
293 465
293 238
293 314
293 346
294 237
294 129
294 322
294 355
294 327
294 329
294 330
294 183
294 236
294 173
294 238
294 399
294 147
294 149
294 343
294 135
294 348
294 74
294 341
295 192
295 193
295 224
295 195
295 197
295 198
295 199
295 200
295 284
295 151
295 205
295 226
295 175
295 145
295 214
295 215
295 185
295 220
295 127
296 830
296 808
296 401
296 849
296 403
296 174
296 735
296 538
297 733
297 227
297 324
297 710
297 957
297 778
297 524
297 273
297 153
297 868
298 480
298 481
298 482
298 395
298 517
298 391
298 488
298 814
298 527
298 496
298 305
298 529
298 379
298 253
298 485
299 160
299 323
299 548
299 182
299 604
299 748
299 943
299 977
299 370
299 726
299 919
299 378
299 668
299 255
300 534
300 550
300 392
300 41
300 351
300 227
300 692
300 444
300 255
300 159
301 0
301 656
301 359
301 8
301 7
301 142
301 385
301 883
301 148
301 344
301 180
301 251
301 796
301 158
302 293
302 103
302 171
302 765
302 209
302 377
302 314
302 753
302 762
302 445
303 353
303 2
303 708
303 742
303 230
303 679
303 366
303 262
303 40
303 542
304 416
304 544
304 701
304 784
304 221
305 480
305 481
305 482
305 395
305 485
305 391
305 488
305 379
305 298
305 814
305 496
305 529
305 761
305 527
305 253
305 517
306 128
306 577
306 514
306 164
306 229
306 775
306 711
306 967
306 367
306 881
306 150
306 632
306 315
306 186
306 539
307 3
307 251
307 6
307 936
307 10
307 653
307 829
307 624
307 243
307 312
307 955
307 477
307 799
308 864
308 40
308 558
308 309
308 920
308 508
308 542
309 864
309 708
309 694
309 970
309 920
309 308
309 504
309 309
310 130
310 507
310 926
310 40
310 563
310 917
310 246
310 759
310 120
310 703
310 606
311 993
311 163
311 231
311 522
311 236
311 957
311 120
311 246
311 440
311 540
311 542
312 799
312 321
312 603
312 550
312 681
312 10
312 307
312 951
312 835
312 251
312 543
313 865
313 136
313 457
313 587
313 429
313 431
313 592
313 625
313 179
313 244
313 597
313 406
313 436
313 633
313 264
313 447
314 944
314 171
314 293
314 103
314 302
314 753
314 946
314 567
314 377
314 765
315 576
315 897
315 960
315 229
315 577
315 392
315 554
315 711
315 306
315 471
315 669
315 254
315 127
316 450
316 475
316 379
316 145
316 461
316 462
316 463
316 464
316 177
316 466
316 451
316 468
316 439
316 474
316 443
316 442
316 127
317 417
317 130
317 423
317 77
317 174
317 687
317 628
317 473
317 789
318 228
318 712
318 683
318 372
318 501
318 346
318 894
319 352
319 75
319 325
319 358
319 360
319 332
319 362
319 363
319 364
319 77
319 334
319 333
319 328
319 335
319 342
319 331
319 347
319 349
320 544
320 289
320 815
320 131
320 701
320 702
321 550
321 681
321 622
321 387
321 951
321 312
321 603
322 129
322 135
322 355
322 294
322 327
322 329
322 330
322 183
322 236
322 173
322 237
322 147
322 149
322 343
322 348
322 74
322 341
323 160
323 299
323 748
323 977
323 370
323 182
323 695
324 987
324 710
324 730
324 297
324 778
324 174
324 755
324 372
324 470
324 41
324 957
324 159
325 352
325 331
325 358
325 360
325 332
325 362
325 75
325 364
325 333
325 334
325 335
325 328
325 342
325 347
325 363
325 349
325 319
326 40
326 522
326 620
326 563
327 129
327 322
327 355
327 294
327 135
327 329
327 330
327 183
327 236
327 173
327 237
327 147
327 149
327 343
327 348
327 74
327 341
328 352
328 331
328 325
328 358
328 360
328 332
328 362
328 75
328 364
328 333
328 334
328 335
328 342
328 347
328 363
328 349
328 319
329 129
329 322
329 355
329 294
329 327
329 330
329 183
329 236
329 173
329 237
329 147
329 149
329 343
329 135
329 348
329 74
329 341
330 129
330 322
330 355
330 294
330 327
330 329
330 74
330 183
330 236
330 173
330 237
330 147
330 149
330 343
330 135
330 348
330 341
331 352
331 363
331 325
331 358
331 360
331 332
331 362
331 75
331 364
331 333
331 334
331 335
331 328
331 342
331 347
331 349
331 319
332 352
332 331
332 325
332 358
332 360
332 362
332 75
332 364
332 333
332 334
332 335
332 328
332 342
332 347
332 363
332 349
332 319
333 352
333 363
333 325
333 358
333 360
333 332
333 362
333 75
333 364
333 334
333 335
333 328
333 342
333 331
333 347
333 349
333 319
334 352
334 331
334 325
334 358
334 360
334 332
334 362
334 75
334 364
334 333
334 335
334 328
334 342
334 347
334 363
334 349
334 319
335 352
335 331
335 325
335 358
335 360
335 332
335 362
335 75
335 364
335 333
335 334
335 328
335 342
335 347
335 363
335 349
335 319
336 161
336 578
336 612
336 5
336 456
336 585
336 141
336 238
336 559
336 157
336 530
336 138
337 672
337 547
337 486
337 810
337 48
337 401
337 568
337 958
338 354
338 549
338 103
338 519
338 879
338 144
338 74
338 567
338 655
338 509
339 262
339 615
339 40
339 647
339 620
339 679
339 629
339 564
339 858
339 863
340 165
340 486
340 871
340 535
340 614
340 690
340 286
340 566
340 375
340 154
341 129
341 322
341 355
341 294
341 327
341 329
341 330
341 183
341 236
341 173
341 237
341 147
341 149
341 343
341 135
341 348
341 74
342 352
342 331
342 325
342 358
342 360
342 332
342 362
342 75
342 364
342 333
342 334
342 335
342 328
342 347
342 363
342 349
342 319
343 129
343 322
343 355
343 294
343 327
343 329
343 330
343 135
343 236
343 173
343 237
343 147
343 149
343 183
343 348
343 74
343 341
344 0
344 385
344 359
344 8
344 971
344 301
344 48
344 232
344 498
344 180
344 414
344 667
344 700
344 798
345 170
345 596
345 472
345 665
346 293
346 465
346 683
346 986
346 372
346 503
346 20
346 318
347 352
347 331
347 325
347 358
347 360
347 332
347 362
347 75
347 364
347 333
347 334
347 335
347 328
347 342
347 363
347 349
347 319
348 129
348 322
348 355
348 294
348 327
348 329
348 330
348 183
348 236
348 173
348 237
348 147
348 149
348 343
348 135
348 74
348 341
349 352
349 331
349 325
349 358
349 360
349 332
349 362
349 75
349 364
349 333
349 334
349 335
349 328
349 342
349 347
349 363
349 319
350 288
350 579
350 677
350 935
350 144
350 531
350 948
350 248
350 476
350 459
351 608
351 300
351 242
351 470
351 730
351 159
352 331
352 325
352 358
352 360
352 332
352 362
352 75
352 364
352 333
352 334
352 335
352 328
352 342
352 347
352 363
352 349
352 319
353 130
353 262
353 519
353 386
353 303
353 944
353 724
354 879
354 338
355 129
355 322
355 294
355 327
355 329
355 330
355 183
355 236
355 173
355 237
355 147
355 149
355 343
355 135
355 348
355 74
355 341
356 806
356 174
356 560
356 632
356 511
356 152
357 734
357 680
357 781
357 369
357 890
357 168
358 352
358 331
358 325
358 360
358 332
358 362
358 75
358 364
358 333
358 334
358 335
358 328
358 342
358 347
358 363
358 349
358 319
359 0
359 385
359 3
359 513
359 8
359 301
359 48
359 17
359 180
359 344
359 25
359 700
359 232
360 352
360 331
360 325
360 358
360 328
360 332
360 362
360 75
360 364
360 333
360 334
360 335
360 342
360 347
360 363
360 349
360 319
361 257
361 805
361 169
361 138
361 749
361 750
361 173
361 144
361 497
361 819
361 374
361 813
361 74
361 478
361 421
362 352
362 363
362 325
362 358
362 360
362 332
362 75
362 364
362 333
362 334
362 335
362 328
362 342
362 331
362 347
362 349
362 319
363 352
363 331
363 325
363 358
363 360
363 332
363 362
363 75
363 364
363 333
363 334
363 335
363 328
363 342
363 347
363 349
363 319
364 352
364 331
364 325
364 358
364 360
364 362
364 75
364 332
364 333
364 334
364 335
364 328
364 342
364 347
364 363
364 349
364 319
365 384
365 580
365 167
365 136
365 664
365 684
365 648
365 626
365 627
365 670
365 598
365 663
365 376
365 636
365 382
365 383
366 2
366 150
366 230
366 303
366 742
366 22
366 183
366 472
366 539
366 157
366 510
367 128
367 611
367 996
367 588
367 144
367 306
367 787
367 377
367 249
367 732
368 422
368 424
368 427
368 396
368 397
368 434
368 432
368 402
368 404
368 437
368 374
368 407
368 408
368 410
368 411
368 405
369 827
369 357
369 103
369 595
369 734
369 671
370 726
370 299
370 323
370 160
370 182
371 609
371 582
371 454
371 12
371 554
371 616
371 164
372 324
372 150
372 986
372 178
372 599
372 346
372 318
373 130
373 77
373 816
373 655
374 19
374 610
374 421
374 138
374 237
374 142
374 368
374 467
374 74
374 149
374 438
374 361
375 165
375 486
375 614
375 403
375 340
375 566
375 154
375 286
376 384
376 580
376 167
376 136
376 684
376 365
376 648
376 626
376 627
376 670
376 598
376 663
376 664
376 636
376 382
376 383
377 103
377 171
377 302
377 367
377 753
377 659
377 314
377 765
378 545
378 548
378 487
378 299
378 143
378 976
378 919
378 668
379 391
379 714
379 145
379 298
379 395
379 685
379 814
379 305
379 316
379 127
380 483
380 453
380 902
380 528
380 248
380 181
380 856
380 409
380 415
380 988
380 661
381 515
381 646
381 425
381 388
381 825
381 283
382 384
382 580
382 167
382 136
382 664
382 684
382 365
382 648
382 626
382 627
382 598
382 663
382 376
382 636
382 670
382 383
383 384
383 580
383 167
383 136
383 664
383 684
383 365
383 648
383 626
383 627
383 670
383 598
383 663
383 376
383 636
383 382
384 580
384 167
384 136
384 664
384 684
384 365
384 648
384 626
384 627
384 670
384 598
384 663
384 376
384 636
384 382
384 383
385 0
385 3
385 804
385 359
385 8
385 971
385 301
385 14
385 15
385 48
385 401
385 180
385 344
385 700
385 798
386 832
386 353
386 539
386 235
386 130
386 499
386 561
386 147
387 321
387 708
387 966
387 103
387 617
387 269
387 536
388 611
388 381
388 565
388 671
389 674
389 963
389 872
389 393
389 972
389 915
389 916
389 809
389 867
389 892
389 413
390 737
390 274
390 853
390 822
390 603
391 480
391 481
391 482
391 485
391 529
391 488
391 298
391 395
391 814
391 527
391 496
391 305
391 379
391 253
391 517
392 576
392 897
392 257
392 41
392 554
392 300
392 729
392 127
392 315
392 229
393 963
393 389
393 872
393 972
393 915
393 916
393 867
393 892
393 413
394 571
394 845
394 653
394 721
395 480
395 481
395 482
395 485
395 391
395 488
395 298
395 814
395 527
395 496
395 305
395 529
395 379
395 253
395 517
396 432
396 422
396 424
396 427
396 397
396 434
396 368
396 402
396 404
396 437
396 407
396 408
396 410
396 411
396 405
397 432
397 422
397 424
397 427
397 396
397 434
397 368
397 402
397 404
397 437
397 407
397 408
397 410
397 411
397 405
398 448
398 836
398 165
398 878
398 446
398 143
398 234
399 257
399 610
399 868
399 166
399 294
399 74
399 556
399 238
399 148
399 149
399 532
399 250
399 925
400 3
400 4
400 6
400 583
400 8
400 10
400 455
400 908
400 13
400 14
400 15
400 48
400 573
400 287
401 385
401 3
401 849
401 296
401 48
401 337
401 700
402 432
402 422
402 424
402 427
402 396
402 397
402 368
402 434
402 404
402 437
402 407
402 408
402 410
402 411
402 405
403 165
403 296
403 170
403 203
403 268
403 375
403 538
403 861
404 432
404 422
404 424
404 427
404 396
404 397
404 434
404 368
404 402
404 437
404 407
404 408
404 410
404 411
404 405
405 432
405 422
405 424
405 427
405 396
405 397
405 434
405 368
405 402
405 404
405 437
405 407
405 408
405 410
405 411
406 136
406 457
406 587
406 429
406 431
406 592
406 625
406 179
406 244
406 597
406 633
406 436
406 313
406 264
406 447
407 432
407 422
407 424
407 427
407 396
407 397
407 434
407 368
407 402
407 404
407 437
407 408
407 410
407 411
407 405
408 432
408 422
408 424
408 427
408 396
408 397
408 434
408 368
408 402
408 404
408 437
408 407
408 410
408 411
408 405
409 988
409 430
409 221
409 528
409 690
409 660
409 181
409 380
410 432
410 422
410 424
410 427
410 396
410 397
410 434
410 368
410 402
410 404
410 405
410 407
410 408
410 411
410 437
411 432
411 422
411 424
411 427
411 396
411 397
411 434
411 368
411 402
411 404
411 437
411 407
411 408
411 410
411 405
412 803
412 646
412 515
412 922
413 674
413 963
413 389
413 872
413 393
413 972
413 915
413 916
413 809
413 867
413 892
414 256
414 344
414 171
414 723
414 667
415 162
415 483
415 528
415 661
415 856
415 380
415 181
416 960
416 160
416 304
416 660
416 182
416 221
417 423
417 628
417 756
417 473
417 317
418 928
418 866
418 996
418 934
418 904
418 874
418 875
418 940
418 962
418 942
418 239
418 840
418 884
418 469
418 921
419 784
419 995
419 901
419 873
419 728
420 292
420 453
420 430
420 751
420 473
420 444
421 374
421 361
421 74
421 171
421 237
421 662
421 975
421 825
421 495
422 432
422 424
422 427
422 396
422 397
422 434
422 368
422 402
422 404
422 437
422 407
422 408
422 410
422 411
422 405
423 417
423 268
423 174
423 628
423 317
424 432
424 422
424 427
424 396
424 397
424 434
424 368
424 402
424 404
424 437
424 407
424 408
424 410
424 411
424 405
425 4
425 5
425 167
425 169
425 381
425 136
425 755
425 244
425 264
425 607
426 801
426 131
426 549
426 905
426 74
426 818
427 432
427 422
427 424
427 396
427 397
427 434
427 368
427 402
427 404
427 405
427 407
427 408
427 410
427 411
427 437
428 609
428 869
428 582
428 291
428 234
428 514
428 697
428 227
428 164
429 136
429 457
429 587
429 431
429 592
429 625
429 179
429 244
429 597
429 406
429 633
429 436
429 313
429 264
429 447
430 420
430 453
430 780
430 660
430 409
430 444
431 136
431 457
431 587
431 429
431 592
431 625
431 179
431 244
431 597
431 406
431 633
431 436
431 313
431 264
431 447
432 422
432 424
432 427
432 396
432 397
432 434
432 368
432 402
432 404
432 437
432 407
432 408
432 410
432 411
432 405
433 521
433 493
433 823
433 4
434 432
434 422
434 424
434 427
434 396
434 397
434 368
434 402
434 404
434 437
434 407
434 408
434 410
434 411
434 405
435 274
435 498
435 851
436 625
436 136
436 457
436 587
436 429
436 431
436 592
436 264
436 179
436 244
436 597
436 406
436 633
436 313
436 447
437 432
437 422
437 424
437 427
437 396
437 397
437 434
437 368
437 402
437 404
437 405
437 407
437 408
437 410
437 411
438 1
438 833
438 138
438 19
438 533
438 374
439 450
439 475
439 461
439 462
439 463
439 464
439 177
439 466
439 451
439 468
439 474
439 443
439 316
439 442
440 534
440 262
440 40
440 311
440 703
441 737
441 741
441 584
441 746
441 783
441 752
441 776
441 658
441 760
441 120
441 797
442 450
442 451
442 461
442 462
442 463
442 464
442 177
442 466
442 468
442 439
442 474
442 443
442 316
442 475
443 450
443 451
443 461
443 462
443 463
443 464
443 177
443 466
443 468
443 439
443 474
443 475
443 316
443 442
444 420
444 229
444 678
444 780
444 534
444 300
444 911
444 692
444 430
445 235
445 141
445 302
445 675
446 545
446 514
446 187
446 398
446 143
446 688
446 565
446 285
446 766
446 575
447 865
447 136
447 457
447 587
447 429
447 431
447 264
447 179
447 244
447 406
447 436
447 313
448 836
448 41
448 398
448 817
448 601
448 252
448 861
449 642
449 709
449 687
449 82
449 676
450 451
450 461
450 462
450 463
450 464
450 177
450 466
450 468
450 439
450 474
450 443
450 316
450 442
450 475
451 450
451 475
451 461
451 462
451 463
451 464
451 177
451 466
451 468
451 439
451 474
451 443
451 316
451 442
452 0
452 2
452 932
452 230
452 9
452 460
452 142
452 593
452 148
452 251
452 158
453 420
453 902
453 12
453 430
453 660
453 661
453 380
454 516
454 73
454 371
454 757
454 730
455 48
455 3
455 4
455 6
455 8
455 10
455 13
455 14
455 15
455 400
455 573
455 287
456 1
456 578
456 612
456 5
456 585
456 138
456 141
456 238
456 559
456 336
456 530
456 9
456 157
457 865
457 136
457 587
457 429
457 431
457 264
457 179
457 244
457 406
457 436
457 313
457 447
458 289
458 615
458 860
458 702
459 288
459 579
459 677
459 557
459 877
459 248
459 350
460 0
460 2
460 452
460 230
460 9
460 779
460 142
460 510
460 932
460 506
460 158
461 450
461 451
461 462
461 463
461 464
461 177
461 466
461 468
461 439
461 474
461 443
461 316
461 442
461 475
462 450
462 451
462 461
462 463
462 464
462 177
462 466
462 468
462 439
462 474
462 443
462 316
462 442
462 475
463 450
463 475
463 461
463 462
463 464
463 177
463 466
463 451
463 468
463 439
463 474
463 443
463 316
463 442
464 450
464 451
464 461
464 462
464 463
464 177
464 466
464 468
464 439
464 474
464 443
464 316
464 442
464 475
465 0
465 293
465 8
465 11
465 48
465 232
465 148
465 21
465 180
465 346
466 450
466 451
466 461
466 462
466 463
466 464
466 177
466 468
466 439
466 474
466 443
466 316
466 442
466 475
467 166
467 744
467 231
467 908
467 269
467 142
467 374
467 511
468 450
468 451
468 461
468 462
468 463
468 464
468 177
468 466
468 439
468 474
468 443
468 316
468 442
468 475
469 928
469 866
469 934
469 840
469 874
469 875
469 940
469 962
469 942
469 239
469 904
469 884
469 921
469 418
470 608
470 324
470 351
470 41
470 987
470 242
470 152
470 153
470 730
470 159
471 315
471 12
471 878
471 854
471 731
471 669
471 229
472 366
472 510
472 150
472 183
472 665
472 345
473 171
473 420
473 417
473 850
473 662
473 292
473 317
474 450
474 451
474 461
474 462
474 463
474 464
474 177
474 466
474 468
474 439
474 442
474 443
474 316
474 475
475 450
475 451
475 461
475 462
475 463
475 464
475 177
475 466
475 468
475 439
475 474
475 443
475 316
475 442
476 144
476 164
476 677
476 40
476 522
476 285
476 534
476 350
476 542
477 243
477 653
477 624
477 307
477 829
478 257
478 805
478 232
478 361
478 749
478 750
478 813
478 497
478 819
478 169
478 27
478 798
478 735
479 515
479 484
479 654
479 914
479 931
479 728
479 638
480 481
480 482
480 485
480 391
480 488
480 298
480 395
480 527
480 496
480 305
480 529
480 253
480 517
481 480
481 482
481 485
481 391
481 488
481 298
481 395
481 527
481 496
481 305
481 529
481 253
481 517
482 480
482 481
482 485
482 391
482 488
482 298
482 395
482 527
482 496
482 305
482 529
482 253
482 517
483 557
483 146
483 380
483 248
483 415
484 914
484 638
484 479
485 480
485 481
485 482
485 517
485 391
485 488
485 298
485 395
485 527
485 496
485 305
485 529
485 253
486 165
486 614
486 876
486 337
486 340
486 154
486 375
487 545
487 491
487 546
487 378
487 143
488 480
488 481
488 482
488 485
488 391
488 298
488 395
488 527
488 496
488 305
488 529
488 253
488 517
489 516
489 273
489 158
490 929
491 487
491 168
491 501
491 758
491 600
491 537
491 283
491 252
491 671
493 1
493 521
493 618
493 433
493 823
493 4
494 619
494 500
494 559
495 163
495 421
495 262
495 40
495 522
495 291
495 917
495 708
496 480
496 481
496 482
496 485
496 391
496 488
496 298
496 395
496 527
496 305
496 529
496 253
496 517
497 896
497 257
497 898
497 805
497 361
497 618
497 749
497 750
497 813
497 819
497 169
497 478
497 927
498 550
498 274
498 435
498 344
498 604
499 832
499 386
499 12
499 176
499 854
499 731
499 828
499 991
500 619
500 553
500 494
500 761
501 168
501 491
501 600
501 318
502 844
502 170
502 888
502 733
502 654
503 800
503 763
503 4
503 6
503 521
503 10
503 18
503 824
503 795
503 346
503 287
504 839
504 558
504 309
504 694
505 512
505 705
505 674
505 835
505 809
505 623
505 624
505 249
505 603
506 513
506 162
506 619
506 779
506 460
506 755
506 569
507 310
507 40
507 620
507 759
507 926
508 308
509 169
509 966
509 103
509 239
509 338
509 692
509 853
509 958
510 129
510 460
510 366
510 150
510 183
510 472
510 250
511 356
511 806
511 552
511 467
511 228
511 538
512 519
512 505
513 3
513 583
513 232
513 359
513 48
513 506
513 700
513 894
514 161
514 996
514 775
514 428
514 306
514 120
514 186
514 446
515 165
515 815
515 727
515 412
515 381
515 479
516 454
516 489
516 250
517 480
517 481
517 482
517 485
517 391
517 488
517 298
517 395
517 527
517 496
517 305
517 529
517 253
518 523
518 815
518 594
518 969
518 729
518 893
519 512
519 353
519 130
519 103
519 338
520 640
520 257
520 129
520 706
521 800
521 763
521 4
521 6
521 10
521 493
521 433
521 503
521 824
521 795
521 287
522 163
522 262
522 326
522 647
522 40
522 495
522 246
522 311
522 120
522 476
523 581
523 518
523 630
524 961
524 868
524 297
524 11
524 541
525 162
525 899
525 146
525 159
526 551
526 275
526 79
526 689
526 790
526 887
526 859
527 480
527 481
527 482
527 485
527 391
527 488
527 298
527 395
527 496
527 305
527 529
527 253
527 517
528 988
528 690
528 181
528 856
528 409
528 415
528 380
528 221
528 661
529 480
529 481
529 482
529 485
529 391
529 488
529 298
529 395
529 527
529 496
529 305
529 253
529 517
530 578
530 612
530 5
530 166
530 456
530 585
530 138
530 141
530 238
530 559
530 336
530 250
530 157
531 288
531 970
531 248
531 350
532 0
532 2
532 3
532 230
532 166
532 399
532 48
532 148
532 24
532 180
532 250
532 796
533 736
533 1
533 771
533 777
533 747
533 786
533 163
533 821
533 438
533 826
534 40
534 444
534 300
534 440
534 476
534 285
534 751
535 566
535 340
535 154
535 286
536 128
536 387
536 103
536 808
536 617
536 946
536 944
536 567
536 249
537 168
537 491
537 242
537 600
537 283
537 252
538 268
538 174
538 552
538 243
538 228
538 296
538 403
538 511
539 577
539 386
539 366
539 306
539 118
540 993
540 292
540 246
540 801
540 562
540 950
540 311
540 120
541 553
541 524
541 590
541 793
541 602
542 246
542 40
542 140
542 303
542 308
542 311
542 476
543 129
543 41
543 312
543 285
544 320
544 289
544 837
544 782
544 304
544 701
544 702
545 131
545 487
545 143
545 594
545 952
545 378
545 446
546 487
546 268
546 283
546 668
547 337
547 978
547 959
548 976
548 299
548 758
548 919
548 668
548 378
549 579
549 338
549 818
549 74
549 426
550 321
550 705
550 681
550 300
550 498
550 692
550 312
550 255
551 187
551 275
551 526
551 689
551 790
552 538
552 511
552 959
553 979
553 500
553 634
553 541
554 576
554 392
554 371
554 315
554 229
555 680
555 924
555 973
555 174
555 146
556 870
556 925
556 562
556 151
556 665
556 250
556 399
557 483
557 677
557 459
557 144
558 558
558 694
558 308
558 504
559 578
559 612
559 5
559 456
559 585
559 138
559 141
559 238
559 336
559 530
559 494
559 157
560 356
560 675
560 887
560 632
560 187
561 386
561 589
561 49
562 801
562 41
562 556
562 242
562 950
562 540
562 954
562 156
562 989
563 310
563 326
563 615
563 620
563 917
563 889
563 606
564 647
564 339
564 980
564 629
565 707
565 388
565 176
565 446
566 375
566 880
566 170
566 535
566 340
566 154
566 286
567 130
567 103
567 617
567 338
567 655
567 720
567 946
567 536
567 314
568 290
568 48
568 337
568 249
569 162
569 779
569 13
569 15
569 755
569 599
569 506
569 638
570 644
570 273
570 242
570 153
570 793
571 394
571 653
571 845
571 159
572 738
572 235
572 812
572 695
572 187
573 48
573 3
573 4
573 6
573 455
573 8
573 10
573 13
573 14
573 15
573 400
573 287
574 130
574 998
574 588
574 589
574 693
575 128
575 235
575 722
575 187
575 446
576 897
576 392
576 554
576 677
576 150
576 315
576 229
577 315
577 147
577 229
577 711
577 306
577 539
578 612
578 5
578 456
578 585
578 138
578 141
578 238
578 559
578 336
578 530
578 157
579 288
579 773
579 459
579 877
579 248
579 350
579 549
580 384
580 167
580 136
580 365
580 626
580 627
580 598
580 376
580 636
580 382
580 383
581 523
581 630
582 164
582 869
582 616
582 371
582 428
582 291
582 697
583 48
583 3
583 6
583 513
583 908
583 13
583 400
584 161
584 231
584 149
584 120
584 441
584 860
585 578
585 612
585 5
585 456
585 138
585 141
585 238
585 559
585 336
585 530
585 157
586 712
586 720
586 946
586 243
586 981
586 249
586 732
587 136
587 457
587 436
587 429
587 431
587 264
587 179
587 244
587 406
587 313
587 447
588 996
588 589
588 367
588 144
588 787
588 574
589 588
589 657
589 561
589 605
589 574
590 7
590 41
590 602
590 541
590 159
591 880
591 802
591 171
591 820
591 891
592 136
592 436
592 429
592 431
592 625
592 179
592 244
592 597
592 406
592 633
592 313
593 452
593 162
593 691
594 545
594 707
594 518
594 969
594 131
595 369
595 156
596 73
596 170
596 12
596 974
596 345
597 136
597 436
597 429
597 431
597 592
597 625
597 179
597 244
597 406
597 313
597 633
598 384
598 580
598 167
598 136
598 365
598 626
598 627
598 376
598 636
598 382
598 383
599 619
599 372
599 894
599 569
599 638
600 491
600 242
600 501
600 537
601 448
601 803
601 168
601 143
601 273
601 252
602 933
602 590
602 541
603 321
603 835
603 390
603 681
603 274
603 951
603 312
603 505
604 299
604 748
604 943
604 977
604 498
604 182
605 589
605 657
605 785
606 246
606 939
606 563
606 310
606 855
607 4
607 5
607 136
607 425
607 167
607 264
607 244
607 169
608 939
608 885
608 470
608 351
608 159
609 227
609 234
609 428
609 371
609 254
610 257
610 166
610 238
610 399
610 149
610 374
611 388
611 782
611 367
612 578
612 5
612 456
612 585
612 138
612 141
612 238
612 559
612 336
612 530
612 157
613 41
613 725
613 156
614 165
614 486
614 880
614 340
614 375
614 154
615 40
615 458
615 563
615 339
615 858
615 860
616 582
616 234
616 371
616 153
616 254
617 387
617 774
617 103
617 808
617 944
617 209
617 946
617 567
617 536
617 249
618 896
618 493
618 685
618 497
618 898
618 927
619 494
619 500
619 599
619 506
620 326
620 679
620 40
620 563
620 339
620 858
620 507
620 926
620 863
622 321
622 818
622 120
623 676
623 998
623 103
623 505
624 307
624 885
624 249
624 505
624 477
625 136
625 436
625 429
625 431
625 592
625 179
625 244
625 597
625 406
625 633
625 313
626 384
626 580
626 167
626 136
626 365
626 627
626 598
626 376
626 636
626 382
626 383
627 384
627 580
627 167
627 136
627 365
627 626
627 598
627 376
627 636
627 382
627 383
628 417
628 423
628 77
628 756
628 317
629 231
629 647
629 339
629 564
629 739
630 128
630 581
630 523
631 675
632 356
632 998
632 235
632 878
632 560
632 306
632 887
632 187
633 136
633 436
633 429
633 431
633 592
633 625
633 179
633 244
633 597
633 406
633 313
634 553
634 176
634 242
634 979
634 793
634 634
635 641
635 706
635 686
636 384
636 580
636 167
636 136
636 365
636 626
636 627
636 598
636 376
636 382
636 383
637 160
637 833
637 999
637 843
637 657
637 150
638 484
638 569
638 914
638 599
638 479
639 704
639 256
640 807
640 520
640 233
640 269
640 923
640 156
641 706
641 686
641 635
642 449
642 645
642 808
642 178
643 933
643 678
643 911
643 253
644 817
644 143
644 273
644 793
644 570
644 954
645 642
645 178
646 128
646 803
646 412
646 381
647 262
647 522
647 339
647 980
647 629
647 564
648 384
648 167
648 684
648 365
648 664
648 670
648 663
648 376
648 382
648 383
649 716
649 983
649 140
649 953
650 924
650 973
650 146
651 715
653 243
653 307
653 394
653 477
653 571
653 829
654 291
654 164
654 103
654 209
654 931
654 502
654 479
655 130
655 103
655 338
655 373
655 567
656 0
656 804
656 8
656 301
656 975
656 148
656 180
656 251
657 833
657 999
657 843
657 589
657 637
657 605
658 741
658 776
658 746
658 783
658 752
658 441
658 760
658 857
658 797
659 164
659 753
659 144
659 209
659 377
659 765
660 416
660 453
660 430
660 902
660 409
660 221
661 453
661 902
661 528
661 181
661 856
661 380
661 415
662 421
662 171
662 77
662 473
663 384
663 167
663 648
663 684
663 365
663 664
663 670
663 376
663 382
663 383
664 384
664 167
664 648
664 684
664 365
664 670
664 663
664 376
664 382
664 383
665 925
665 556
665 150
665 472
665 345
665 250
666 846
666 888
667 256
667 344
667 414
668 546
668 548
668 299
668 268
668 758
668 919
668 378
669 131
669 229
669 878
669 143
669 471
669 825
669 315
670 384
670 167
670 648
670 684
670 365
670 664
670 663
670 376
670 382
670 383
671 388
671 491
671 369
671 242
671 153
672 810
672 203
672 172
672 337
673 673
673 707
674 705
674 389
674 809
674 951
674 505
674 892
674 413
675 171
675 560
675 631
675 445
676 449
676 171
676 623
676 176
676 82
677 576
677 476
677 459
677 557
677 144
677 350
678 643
678 911
678 444
678 253
679 40
679 620
679 303
679 339
679 858
679 863
680 290
680 357
680 555
680 781
680 174
680 754
680 249
680 734
681 321
681 834
681 550
681 951
681 312
681 603
682 162
682 745
682 203
682 780
682 958
682 754
683 293
683 346
683 986
683 318
684 384
684 167
684 648
684 365
684 664
684 670
684 663
684 376
684 382
684 383
685 896
685 618
685 898
685 379
685 927
686 641
686 635
686 831
687 449
687 130
687 317
688 775
688 243
688 181
688 186
688 446
689 551
689 275
689 526
689 790
689 887
689 859
690 165
690 289
690 528
690 340
690 409
690 221
690 702
691 128
691 140
691 593
691 828
692 550
692 444
692 300
692 757
692 509
692 255
693 76
693 140
693 254
693 155
693 574
694 708
694 558
694 309
694 504
695 738
695 572
695 956
695 323
696 883
697 869
697 582
697 428
698 852
699 290
699 174
699 719
699 984
699 735
700 513
700 3
700 385
700 232
700 359
700 48
700 401
700 344
701 320
701 289
701 837
701 304
701 544
702 320
702 289
702 837
702 458
702 690
702 725
702 544
703 246
703 130
703 708
703 262
703 310
703 440
704 256
704 639
705 674
705 550
705 809
705 20
705 505
705 255
706 641
706 520
706 635
707 673
707 594
707 565
708 815
708 387
708 246
708 262
708 495
708 309
708 694
708 303
708 703
709 449
709 28
710 324
710 297
710 778
710 957
710 159
711 897
711 229
711 831
711 577
711 306
711 315
711 869
712 586
712 318
712 981
713 844
713 286
714 831
714 145
714 379
714 127
715 651
715 729
716 649
716 140
716 983
716 953
717 930
717 950
718 739
718 231
718 744
718 9
718 142
718 275
719 290
719 174
719 984
719 699
719 735
720 130
720 103
720 586
720 243
720 567
720 732
721 394
721 845
721 286
722 128
722 881
722 731
722 575
723 292
723 871
723 140
723 414
724 353
724 144
725 289
725 613
725 702
726 160
726 299
726 370
726 182
727 515
727 842
727 853
728 130
728 419
728 901
728 968
728 873
728 209
728 479
729 518
729 392
729 715
729 781
730 324
730 454
730 41
730 242
730 757
730 470
730 351
731 128
731 907
731 499
731 722
731 471
732 996
732 586
732 367
732 720
732 243
732 186
733 297
733 778
733 844
733 273
733 502
733 153
734 357
734 369
734 680
734 781
734 168
734 890
735 290
735 699
735 232
735 174
735 719
735 296
735 984
735 27
735 478
736 1
736 771
736 777
736 747
736 786
736 163
736 821
736 826
736 533
737 390
737 441
738 572
738 695
738 187
739 739
739 9
739 718
739 744
739 629
740 161
740 120
741 776
741 746
741 783
741 752
741 658
741 441
741 760
741 857
741 797
742 0
742 2
742 230
742 366
742 303
744 1
744 739
744 231
744 9
744 718
744 16
744 467
745 780
745 682
746 741
746 776
746 783
746 752
746 658
746 441
746 760
746 857
746 797
747 736
747 1
747 771
747 777
747 786
747 163
747 821
747 826
747 533
748 160
748 323
748 299
748 943
748 977
748 182
748 604
749 257
749 805
749 361
749 813
749 750
749 497
749 819
749 169
749 478
750 257
750 805
750 361
750 749
750 813
750 497
750 819
750 169
750 478
751 420
751 974
751 534
752 741
752 776
752 746
752 783
752 658
752 441
752 760
752 857
752 797
753 171
753 302
753 659
753 377
753 314
753 765
754 162
754 680
754 682
754 290
754 174
754 249
755 162
755 324
755 425
755 779
755 174
755 569
755 506
756 417
756 628
757 454
757 692
757 730
757 255
758 548
758 168
758 252
758 491
758 919
758 283
758 668
759 310
759 507
760 741
760 776
760 746
760 783
760 752
760 658
760 441
760 857
760 797
761 925
761 305
761 500
761 150
761 250
761 253
762 302
763 800
763 4
763 6
763 521
763 10
763 503
763 824
763 795
763 287
764 129
764 929
764 807
764 882
765 103
765 302
765 753
765 659
765 377
765 314
766 292
766 792
766 825
766 90
766 285
766 446
767 769
767 129
768 162
768 901
769 129
769 767
771 736
771 1
771 163
771 777
771 747
771 786
771 821
771 826
771 533
772 142
773 802
773 579
773 74
773 147
774 617
774 209
775 514
775 82
775 688
775 306
775 186
776 741
776 746
776 783
776 752
776 658
776 441
776 760
776 857
776 797
777 736
777 1
777 771
777 747
777 786
777 163
777 821
777 826
777 533
778 324
778 710
778 297
778 957
778 153
778 987
778 733
779 162
779 460
779 755
779 886
779 569
779 506
780 745
780 682
780 203
780 430
780 444
781 357
781 680
781 729
781 153
781 734
782 544
782 611
782 788
783 741
783 776
783 746
783 752
783 658
783 441
783 760
783 857
783 797
784 304
784 419
784 177
784 974
784 143
784 922
785 605
786 736
786 1
786 771
786 777
786 747
786 163
786 821
786 826
786 533
787 588
787 367
787 144
787 947
787 985
788 782
789 923
789 317
790 162
790 551
790 275
790 526
790 689
790 886
791 0
791 2
791 964
791 8
791 11
791 17
791 21
791 24
791 26
792 292
792 90
792 285
792 766
793 644
793 634
793 273
793 570
793 541
794 144
794 947
795 800
795 4
795 6
795 521
795 10
795 503
795 824
795 763
795 287
796 0
796 2
796 230
796 301
796 532
796 148
796 180
797 741
797 776
797 746
797 783
797 752
797 658
797 857
797 760
797 441
798 385
798 3
798 166
798 7
798 232
798 74
798 818
798 344
798 478
799 3
799 6
799 936
799 10
799 307
799 251
799 312
799 955
800 763
800 4
800 6
800 521
800 10
800 503
800 824
800 795
800 287
801 905
801 426
801 562
801 950
801 954
801 156
801 989
801 540
802 773
802 166
802 591
802 959
803 646
803 168
803 252
803 601
803 412
804 385
804 975
804 14
804 15
804 656
805 257
805 361
805 749
805 750
805 813
805 497
805 819
805 169
805 478
806 356
806 292
806 511
807 640
807 129
807 143
807 882
807 764
808 642
808 296
808 617
808 536
808 178
808 280
808 249
809 705
809 674
809 389
809 951
809 505
809 892
809 413
810 672
810 203
810 337
811 128
811 227
811 40
811 254
812 144
812 947
812 186
812 572
813 257
813 805
813 361
813 749
813 750
813 497
813 819
813 169
813 478
814 395
814 391
814 298
814 305
814 379
815 320
815 515
815 708
815 518
815 131
816 935
816 948
816 373
817 448
817 644
817 41
817 836
817 954
818 3
818 549
818 426
818 622
818 74
818 157
818 798
819 257
819 805
819 361
819 749
819 750
819 813
819 497
819 169
819 478
820 171
820 591
820 891
820 926
821 736
821 1
821 771
821 777
821 747
821 786
821 163
821 533
821 826
822 864
822 390
822 283
823 433
823 493
823 77
823 173
823 20
823 249
824 800
824 763
824 4
824 6
824 521
824 10
824 503
824 795
824 287
825 421
825 285
825 381
825 669
825 766
826 736
826 1
826 771
826 777
826 747
826 786
826 163
826 821
826 533
827 369
827 156
828 832
828 140
828 12
828 499
828 691
828 854
828 991
829 243
829 653
829 307
829 477
829 830
830 296
830 174
830 829
831 711
831 714
831 686
832 386
832 12
832 176
832 499
832 854
832 828
832 991
833 999
833 843
833 657
833 438
833 637
834 681
834 877
835 938
835 274
835 312
835 505
835 603
836 448
836 41
836 398
836 817
836 937
837 544
837 289
837 701
837 702
838 2
838 909
838 913
839 176
839 504
840 418
840 934
840 904
840 874
840 239
840 884
840 469
840 921
842 727
842 283
843 833
843 3
843 999
843 657
843 637
844 713
844 949
844 502
844 888
844 733
845 571
845 394
845 721
846 910
846 666
847 141
847 912
848 148
849 296
849 401
850 229
850 473
851 274
851 435
852 698
853 390
853 727
853 509
854 832
854 12
854 878
854 499
854 471
854 828
854 991
855 939
855 606
856 528
856 661
856 181
856 380
856 415
857 741
857 776
857 746
857 783
857 752
857 658
857 760
857 797
858 679
858 40
858 615
858 620
858 339
858 863
859 163
859 231
859 526
859 689
859 275
860 615
860 584
860 458
861 448
861 203
861 268
861 403
863 679
863 40
863 620
863 339
863 858
864 970
864 308
864 309
864 822
865 264
865 457
865 74
865 179
865 313
865 447
866 928
866 962
866 875
866 940
866 418
866 942
866 239
866 469
867 963
867 389
867 872
867 393
867 972
867 915
867 916
867 413
868 257
868 297
868 524
868 399
869 582
869 711
869 428
869 697
870 556
870 925
871 160
871 233
871 234
871 723
871 340
871 286
872 963
872 389
872 393
872 972
872 915
872 916
872 867
872 413
873 419
873 901
873 968
873 728
874 418
874 934
874 904
874 239
874 840
874 884
874 469
874 921
875 928
875 962
875 940
875 866
875 942
875 239
875 469
875 418
876 486
876 919
877 834
877 579
877 459
877 248
878 398
878 143
878 854
878 471
878 632
878 187
878 669
879 354
879 338
880 614
880 591
880 566
880 154
881 128
881 722
881 306
881 23
882 929
882 807
882 129
882 764
883 0
883 301
883 148
883 696
883 180
884 418
884 934
884 904
884 874
884 239
884 840
884 469
884 921
885 608
885 939
885 624
886 162
886 779
886 790
887 526
887 79
887 560
887 689
887 275
887 632
887 187
888 502
888 844
888 950
888 666
889 563
890 357
890 233
890 254
890 734
891 171
891 591
891 820
892 393
892 674
892 389
892 809
892 951
892 413
893 518
894 513
894 599
894 318
896 898
896 618
896 685
896 497
896 927
897 576
897 229
897 711
897 392
897 144
897 315
898 896
898 618
898 685
898 497
898 927
899 525
899 146
900 938
901 768
901 419
901 873
901 728
902 453
902 12
902 660
902 661
902 380
904 418
904 934
904 840
904 874
904 239
904 884
904 469
904 921
905 801
905 426
907 128
907 731
908 48
908 3
908 166
908 6
908 583
908 400
908 467
909 2
909 838
909 141
909 913
910 846
910 945
911 643
911 933
911 678
911 444
912 141
912 847
913 2
913 838
913 909
914 484
914 120
914 638
914 479
915 963
915 389
915 872
915 393
915 972
915 867
915 916
915 413
916 963
916 389
916 872
916 393
916 972
916 915
916 867
916 413
917 140
917 495
917 563
917 310
918 142
918 275
919 548
919 299
919 876
919 758
919 378
919 668
920 308
920 309
921 418
921 934
921 904
921 874
921 239
921 840
921 884
921 469
922 131
922 143
922 784
922 177
922 952
922 412
923 640
923 789
923 156
923 255
924 650
924 555
924 146
925 870
925 665
925 556
925 399
925 150
925 151
925 761
926 620
926 820
926 310
926 507
927 896
927 898
927 618
927 685
927 497
928 962
928 875
928 940
928 866
928 942
928 239
928 469
928 418
929 490
929 882
929 764
930 717
931 654
931 479
932 0
932 2
932 452
932 230
932 9
932 460
932 142
932 158
933 643
933 911
933 602
934 418
934 904
934 874
934 239
934 840
934 884
934 469
934 921
935 288
935 816
935 948
935 248
935 350
936 3
936 251
936 6
936 307
936 955
936 799
937 131
937 836
937 168
937 952
938 835
938 900
939 608
939 885
939 855
939 606
940 928
940 962
940 875
940 418
940 866
940 942
940 239
940 469
942 928
942 962
942 875
942 940
942 866
942 239
942 469
942 418
943 299
943 748
943 977
943 182
943 604
944 353
944 103
944 617
944 536
944 314
944 31
945 910
946 130
946 103
946 617
946 586
946 567
946 536
946 314
947 812
947 144
947 787
947 794
948 288
948 935
948 816
948 248
948 350
949 844
950 801
950 717
950 562
950 888
950 540
951 321
951 674
951 681
951 809
951 312
951 603
951 892
952 545
952 131
952 168
952 937
952 177
952 922
953 716
953 649
953 140
953 983
954 801
954 644
954 817
954 562
954 989
955 936
955 307
955 799
956 695
957 324
957 710
957 297
957 778
957 311
957 153
958 682
958 337
958 509
959 802
959 552
959 547
960 416
960 229
960 315
960 221
961 0
961 524
961 11
961 21
962 928
962 866
962 875
962 940
962 418
962 942
962 239
962 469
963 867
963 389
963 872
963 393
963 972
963 915
963 916
963 413
964 0
964 2
964 8
964 11
964 17
964 21
964 791
964 26
966 387
966 509
967 306
968 873
968 209
968 728
969 518
969 594
970 864
970 531
970 309
971 344
971 385
972 963
972 389
972 872
972 393
972 915
972 916
972 867
972 413
973 650
973 555
973 146
974 751
974 784
974 596
975 804
975 421
975 174
975 656
976 548
976 378
977 323
977 299
977 748
977 943
977 182
977 604
978 995
978 547
979 553
979 176
979 242
979 634
980 647
980 564
981 712
981 586
981 243
983 716
983 649
983 140
983 953
984 290
984 174
984 719
984 699
984 735
985 787
986 293
986 683
986 178
986 372
986 150
986 346
987 324
987 778
987 470
988 528
988 409
988 380
989 801
989 562
989 954
989 159
991 832
991 12
991 176
991 499
991 854
991 828
993 311
993 246
993 120
993 540
995 419
995 978
996 418
996 588
996 514
996 367
996 239
996 732
997 228
998 623
998 632
998 187
998 574
999 833
999 843
999 657
999 637
