0 515
0 11
0 15
0 1552
0 539
0 29
0 30
0 35
0 36
0 42
0 1069
0 560
0 561
0 565
0 55
0 58
0 60
0 61
0 574
0 64
0 582
0 586
0 75
0 78
0 1103
0 82
0 84
0 527
0 93
0 614
0 1640
0 105
0 108
0 117
0 119
0 120
0 127
0 1666
0 131
0 132
0 134
0 137
0 139
0 144
0 146
0 147
0 148
0 157
0 675
0 677
0 170
0 172
0 176
0 1203
0 188
0 203
0 722
0 212
0 218
0 220
0 221
0 222
0 225
0 227
0 229
0 231
0 233
0 239
0 249
0 256
0 261
0 780
0 273
0 282
0 306
0 307
0 1333
0 310
0 317
0 323
0 330
0 334
0 339
0 345
0 1082
0 352
0 362
0 363
0 374
0 385
0 407
0 423
0 437
0 443
0 446
1 385
1 305
1 643
1 132
1 261
1 1670
1 64
1 139
1 268
1 270
1 15
1 144
1 482
1 147
1 148
1 154
1 29
1 1479
1 35
1 36
1 390
1 817
1 1705
1 170
1 1095
1 686
1 560
1 561
1 950
1 215
1 312
1 57
1 314
1 249
1 60
1 61
1 318
1 576
1 416
1 322
1 164
1 199
1 200
1 586
1 62
1 77
1 78
1 208
1 282
1 82
1 84
1 214
1 20
1 88
1 345
1 58
1 222
1 863
1 98
1 739
1 212
1 362
1 108
1 238
1 515
1 117
1 246
1 169
1 121
1 122
1 247
1 127
2 513
2 1154
2 131
2 260
2 390
2 1415
2 8
2 57
2 791
2 525
2 15
2 1428
2 533
2 151
2 792
2 410
2 175
2 1565
2 286
2 546
2 475
2 36
2 134
2 166
2 177
2 41
2 1543
2 135
2 1003
2 328
2 307
2 180
2 181
2 566
2 55
2 568
2 52
2 1469
2 62
2 309
2 577
2 706
2 164
2 71
2 932
2 567
2 204
2 461
2 548
2 1571
2 339
2 84
2 981
2 86
2 727
2 88
2 345
2 399
2 1251
2 1592
2 870
2 1127
2 1385
2 363
2 1679
2 189
2 102
2 1015
2 169
2 20
2 124
2 637
3 384
3 64
3 644
3 134
3 137
3 1034
3 267
3 268
3 270
3 15
3 144
3 19
3 278
3 1559
3 444
3 284
3 285
3 230
3 416
3 35
3 36
3 390
3 166
3 40
3 42
3 302
3 29
3 176
3 305
3 51
3 308
3 437
3 439
3 57
3 442
3 60
3 62
3 320
3 961
3 451
3 196
3 199
3 844
3 208
3 82
3 58
3 596
3 215
3 89
3 219
3 314
3 607
3 352
3 358
3 1638
3 105
3 492
3 497
3 247
3 120
3 121
3 891
3 124
3 253
3 126
3 127
4 131
4 134
4 1287
4 1218
4 399
4 144
4 145
4 274
4 323
4 532
4 407
4 29
4 35
4 36
4 37
4 369
4 1192
4 169
4 170
4 391
4 44
4 221
4 176
4 51
4 619
4 55
4 1337
4 58
4 443
4 61
4 574
4 863
4 164
4 328
4 586
4 677
4 349
4 208
4 82
4 723
4 212
4 41
4 57
4 216
4 89
4 218
4 1117
4 734
4 165
4 84
4 353
4 482
4 227
4 612
4 273
4 363
4 238
4 157
4 625
4 147
4 117
4 246
4 119
4 315
4 127
5 131
5 134
5 137
5 141
5 15
5 20
5 661
5 151
5 152
5 687
5 284
5 157
5 542
5 69
5 160
5 161
5 546
5 166
5 296
5 809
5 1068
5 301
5 558
5 175
5 177
5 50
5 51
5 180
5 30
5 438
5 244
5 58
5 188
5 61
5 62
5 309
5 65
5 1206
5 70
5 812
5 203
5 589
5 206
5 722
5 41
5 413
5 271
5 93
5 225
5 228
5 307
5 1001
5 747
5 367
5 880
5 884
5 373
5 119
5 376
5 122
5 123
5 1662
6 256
6 644
6 261
6 1089
6 137
6 394
6 267
6 396
6 1038
6 15
6 144
6 273
6 403
6 1173
6 278
6 157
6 927
6 1056
6 35
6 36
6 37
6 177
6 809
6 172
6 29
6 305
6 51
6 1588
6 181
6 265
6 57
6 58
6 60
6 61
6 160
6 196
6 837
6 499
6 206
6 849
6 1491
6 212
6 147
6 215
6 728
6 1572
6 347
6 1502
6 84
6 227
6 740
6 870
6 105
6 108
6 371
6 120
6 121
6 124
6 127
7 86
7 137
7 13
7 15
7 400
7 148
7 789
7 1562
7 47
7 284
7 1183
7 815
7 1442
7 36
7 805
7 1062
7 41
7 300
7 45
7 303
7 1073
7 51
7 821
7 823
7 1464
7 58
7 1595
7 62
7 447
7 322
7 196
7 69
7 583
7 1227
7 143
7 214
7 105
7 216
7 731
7 92
7 352
7 225
7 99
7 294
7 103
7 489
7 371
7 545
7 118
7 247
7 504
7 404
7 378
7 123
7 124
8 131
8 651
8 15
8 635
8 146
8 403
8 20
8 277
8 663
8 280
8 26
8 283
8 285
8 288
8 368
8 1691
8 166
8 680
8 1065
8 1693
8 304
8 436
8 311
8 308
8 828
8 702
8 373
8 450
8 709
8 71
8 456
8 458
8 62
8 332
8 1614
8 1487
8 209
8 483
8 953
8 89
8 611
8 1381
8 614
8 359
8 379
8 880
8 114
8 123
8 245
8 413
8 1659
8 252
8 1533
9 385
9 86
9 1159
9 143
9 188
9 152
9 281
9 154
9 29
9 542
9 288
9 35
9 36
9 165
9 424
9 553
9 42
9 1195
9 303
9 177
9 57
9 58
9 60
9 61
9 318
9 319
9 323
9 246
9 15
9 203
9 206
9 463
9 1619
9 214
9 88
9 219
9 222
9 869
9 783
9 485
9 104
9 105
9 362
9 747
9 237
9 366
9 242
9 244
9 117
9 118
9 120
9 122
9 200
10 385
10 132
10 15
10 145
10 147
10 148
10 407
10 152
10 281
10 154
10 157
10 672
10 58
10 35
10 1445
10 29
10 200
10 441
10 314
10 188
10 117
10 448
10 323
10 246
10 72
10 203
10 1484
10 78
10 349
10 82
10 237
10 206
10 86
10 57
10 218
10 219
10 220
10 221
10 222
10 37
10 228
10 105
10 362
10 493
10 1649
10 244
10 245
10 118
10 123
10 60
10 127
11 131
11 520
11 492
11 11
11 1296
11 401
11 402
11 1027
11 277
11 663
11 1048
11 283
11 413
11 288
11 326
11 483
11 304
11 308
11 311
11 436
11 373
11 450
11 710
11 327
11 458
11 332
11 209
11 210
11 611
11 343
11 89
11 635
11 1495
11 63
11 1388
11 368
11 114
11 499
11 884
11 245
11 379
11 252
12 132
12 133
12 134
12 139
12 268
12 15
12 147
12 148
12 412
12 29
12 35
12 36
12 41
12 170
12 172
12 51
12 310
12 121
12 312
12 57
12 442
12 315
12 60
12 576
12 964
12 330
12 78
12 208
12 82
12 84
12 471
12 58
12 98
12 99
12 229
12 105
12 108
12 239
12 246
12 249
12 122
12 511
12 127
13 137
13 139
13 15
13 913
13 146
13 23
13 281
13 175
13 29
13 542
13 35
13 36
13 70
13 305
13 424
13 42
13 135
13 303
13 177
13 51
13 567
13 443
13 61
13 318
13 501
13 64
13 834
13 710
13 75
13 334
13 212
13 218
13 93
13 84
13 239
13 368
13 296
13 757
13 120
13 121
13 250
13 810
14 133
14 134
14 307
14 15
14 400
14 148
14 280
14 303
14 284
14 798
14 214
14 1317
14 41
14 815
14 51
14 180
14 58
14 62
14 447
14 1346
14 196
14 69
14 326
14 72
14 86
14 216
14 220
14 349
14 352
14 225
14 485
14 103
14 105
14 365
14 371
14 116
14 118
14 247
14 1300
14 123
14 124
15 770
15 903
15 17
15 20
15 21
15 22
15 24
15 154
15 28
15 287
15 1312
15 38
15 46
15 53
15 55
15 827
15 138
15 63
15 579
15 965
15 850
15 97
15 234
15 879
15 117
15 767
15 533
16 133
16 648
16 137
16 87
16 1549
16 398
16 685
16 1424
16 529
16 530
16 1301
16 151
16 922
16 923
16 1053
16 36
16 683
16 172
16 557
16 559
16 49
16 180
16 58
16 956
16 701
16 973
16 461
16 336
16 468
16 86
16 727
16 93
16 609
16 230
16 103
16 232
16 491
16 247
16 764
16 381
17 515
17 132
17 364
17 394
17 525
17 144
17 273
17 147
17 284
17 29
17 35
17 36
17 680
17 558
17 157
17 619
17 57
17 58
17 60
17 61
17 64
17 196
17 610
17 82
17 212
17 86
17 219
17 98
17 99
17 229
17 105
17 363
17 108
17 239
17 368
17 120
17 121
17 765
17 127
18 1152
18 1283
18 773
18 139
18 365
18 1685
18 157
18 799
18 1315
18 36
18 497
18 811
18 1586
18 1454
18 29
18 690
18 563
18 820
18 439
18 58
18 1483
18 119
18 85
18 215
18 345
18 859
18 734
18 1377
18 99
18 744
18 167
18 237
18 113
18 1521
18 375
18 122
19 256
19 261
19 774
19 526
19 643
19 686
19 151
19 665
19 26
19 1181
19 133
19 674
19 548
19 172
19 302
19 816
19 691
19 1097
19 837
19 865
19 1481
19 74
19 1101
19 856
19 857
19 479
19 1633
19 488
19 620
19 1134
19 1520
19 885
19 123
19 125
19 1534
20 876
20 531
20 276
20 277
20 1687
20 415
20 410
20 133
20 160
20 180
20 309
20 315
20 188
20 1213
20 707
20 72
20 203
20 86
20 271
20 223
20 992
20 228
20 715
20 104
20 1004
20 244
20 20
20 253
21 256
21 132
21 261
21 267
21 274
21 900
21 410
21 157
21 35
21 36
21 805
21 305
21 42
21 29
21 48
21 177
21 51
21 181
21 57
21 60
21 196
21 199
21 78
21 82
21 206
21 1367
21 98
21 232
21 108
21 369
21 120
21 507
21 124
22 131
22 132
22 139
22 401
22 1557
22 282
22 29
22 288
22 688
22 35
22 36
22 170
22 176
22 51
22 57
22 441
22 314
22 60
22 61
22 672
22 77
22 206
22 82
22 249
22 349
22 222
22 98
22 108
22 117
22 246
22 121
22 122
23 1024
23 138
23 143
23 1426
23 409
23 26
23 160
23 291
23 292
23 1585
23 40
23 174
23 1201
23 178
23 55
23 569
23 448
23 68
23 199
23 397
23 720
23 853
23 1494
23 473
23 1371
23 477
23 354
23 356
23 101
23 889
24 265
24 141
24 270
24 144
24 146
24 165
24 113
24 41
24 46
24 176
24 51
24 58
24 61
24 62
24 582
24 328
24 341
24 470
24 105
24 169
24 225
24 99
24 740
24 1129
24 274
24 369
24 757
24 118
24 119
25 131
25 134
25 139
25 154
25 539
25 29
25 35
25 36
25 390
25 170
25 437
25 310
25 312
25 57
25 317
25 576
25 1078
25 200
25 75
25 78
25 82
25 851
25 1626
25 1501
25 227
25 233
25 239
25 121
25 127
26 898
26 133
26 391
26 1291
26 141
26 412
26 166
26 683
26 172
26 307
26 311
26 451
26 199
26 842
26 468
26 93
26 507
26 230
26 103
26 232
26 492
26 624
26 883
26 123
26 381
27 906
27 658
27 1431
27 1176
27 411
27 29
27 1438
27 35
27 425
27 55
27 1208
27 571
27 1214
27 1600
27 589
27 464
27 1366
27 227
27 357
27 231
27 618
27 750
27 879
27 630
27 887
27 120
27 765
27 1150
28 132
28 1418
28 1168
28 145
28 29
28 1566
28 35
28 36
28 423
28 308
28 439
28 444
28 461
28 84
28 85
28 478
28 1376
28 99
28 229
28 744
28 233
28 113
28 117
28 255
29 269
29 150
29 32
29 294
29 45
29 53
29 97
29 38
29 106
30 899
30 521
30 138
30 271
30 1177
30 1057
30 1698
30 931
30 1191
30 40
30 941
30 1456
30 821
30 905
30 56
30 1081
30 200
30 595
30 1243
30 867
30 114
30 251
30 124
31 388
31 1032
31 397
31 798
31 544
31 293
31 1704
31 554
31 882
31 1582
31 1587
31 286
31 61
31 1440
31 653
31 976
31 852
31 855
31 600
31 991
31 993
31 230
31 242
31 371
31 1656
32 769
32 130
32 772
32 398
32 144
32 537
32 240
32 40
32 937
32 1202
32 1460
32 56
32 186
32 830
32 320
32 329
32 724
32 1109
32 1119
32 1637
32 1382
32 1645
32 878
32 1136
33 1538
33 1411
33 776
33 781
33 1349
33 1443
33 1591
33 188
33 962
33 453
33 1098
33 376
33 210
33 979
33 1110
33 729
33 476
33 480
33 1511
33 1262
33 885
33 504
33 251
33 1279
34 133
34 1414
34 396
34 402
34 403
34 1189
34 557
34 1329
34 1084
34 836
34 198
34 454
34 330
34 468
34 215
34 90
34 762
34 99
34 232
34 1519
34 113
34 250
34 380
34 1022
35 269
35 806
35 150
35 294
35 53
35 59
35 97
35 38
35 106
36 150
36 38
36 45
36 53
36 187
36 472
36 106
37 1286
37 522
37 784
37 1066
37 427
37 186
37 1217
37 70
37 1223
37 714
37 207
37 505
37 89
37 603
37 37
37 1257
37 235
37 1264
37 1145
37 634
38 391
38 532
38 424
38 301
38 176
38 51
38 57
38 60
38 199
38 204
38 82
38 214
38 88
38 98
38 229
38 233
38 108
38 1137
38 122
38 126
39 265
39 1427
39 1697
39 1063
39 1064
39 1449
39 1451
39 687
39 50
39 947
39 53
39 572
39 843
39 1612
39 78
39 335
39 210
39 83
39 983
39 1121
39 1255
39 1193
39 1151
40 1542
40 775
40 141
40 146
40 299
40 135
40 813
40 430
40 175
40 50
40 52
40 570
40 728
40 231
40 107
40 502
40 124
40 253
41 129
41 517
41 642
41 411
41 1052
41 1311
41 949
41 543
41 829
41 1352
41 85
41 1369
41 874
41 1141
41 632
42 1504
42 1509
42 359
42 1000
42 128
42 716
42 269
42 974
42 1488
42 498
42 275
42 537
42 761
42 719
42 317
42 62
43 384
43 674
43 1379
43 166
43 808
43 873
43 1002
43 811
43 204
43 706
43 1231
43 232
43 499
43 123
43 1341
43 791
43 89
43 559
43 151
43 701
43 62
44 353
44 99
44 133
44 486
44 113
44 379
44 161
44 381
44 336
44 689
44 660
44 85
44 854
44 280
44 1093
44 251
44 637
44 62
44 1439
45 1184
45 353
45 325
45 72
45 124
45 655
45 208
45 401
45 400
45 147
45 84
45 533
45 311
45 699
45 865
45 62
45 479
46 131
46 132
46 229
46 108
46 170
46 139
46 172
46 978
46 270
46 282
46 82
46 58
46 117
46 233
46 122
46 60
46 90
46 126
47 1345
47 578
47 1635
47 617
47 1673
47 1324
47 142
47 496
47 1298
47 1091
47 116
47 756
47 279
47 696
47 771
47 140
47 1340
47 1246
48 930
48 451
48 1252
48 1669
48 1544
48 1448
48 201
48 1228
48 578
48 1166
48 1583
48 816
48 849
48 210
48 726
48 759
48 989
48 158
49 960
49 1249
49 1155
49 1353
49 459
49 109
49 1375
49 275
49 1077
49 1303
49 1112
49 1655
49 730
49 639
49 796
49 1271
49 771
49 1567
50 1632
50 129
50 291
50 68
50 808
50 713
50 1330
50 466
50 208
50 210
50 310
50 1404
50 411
50 1564
50 1444
50 383
51 676
51 425
51 111
51 53
51 59
51 893
51 453
52 704
52 1537
52 195
52 1606
52 839
52 1259
52 428
52 1358
52 495
52 360
52 178
52 835
52 185
52 303
52 1224
52 1182
52 1215
53 343
53 248
53 114
53 340
53 85
53 55
53 88
53 84
53 60
53 61
53 62
54 1410
54 667
54 1423
54 860
54 73
54 556
54 783
54 1169
54 946
54 1331
54 1108
54 691
54 1114
54 1563
54 988
54 797
54 479
55 1539
55 1541
55 1446
55 361
55 61
55 558
55 150
55 87
55 228
55 93
56 99
56 196
56 166
56 113
56 137
56 458
56 119
56 79
56 177
56 530
56 381
56 277
56 311
56 186
56 93
57 97
57 150
57 59
57 106
59 84
59 322
59 548
59 72
59 204
59 77
59 312
59 242
59 148
59 62
59 88
59 249
59 318
60 547
60 472
60 106
61 386
61 167
61 106
62 116
62 213
63 336
63 99
63 1188
63 214
63 103
63 685
63 401
63 689
63 529
63 854
63 247
63 568
63 186
63 688
64 384
64 1540
64 678
64 711
64 585
64 235
64 908
64 493
64 1648
64 662
64 427
65 128
65 1499
65 1124
65 650
65 1580
65 717
65 1678
65 1233
65 850
65 1043
65 917
65 505
65 1275
65 733
65 670
66 103
66 1289
66 394
66 135
66 204
66 525
66 271
66 625
66 557
66 438
66 119
66 152
66 120
66 530
66 93
66 137
67 897
67 1282
67 100
67 211
67 712
67 1387
67 1646
67 1624
67 787
67 244
67 1047
67 952
67 1370
67 283
67 636
67 543
68 866
68 107
68 101
68 70
68 231
68 299
68 813
68 141
68 775
68 146
68 739
68 175
68 135
69 1664
69 1120
69 162
69 260
69 697
69 205
69 500
69 149
69 1335
69 89
69 474
69 351
70 129
70 1185
70 555
70 1140
70 1401
70 280
70 1620
70 185
70 476
70 1406
71 360
71 195
71 1351
71 648
71 495
71 656
71 440
71 835
71 185
71 1368
71 1689
71 1596
72 832
72 896
72 226
72 1575
72 76
72 1647
72 145
72 215
72 767
73 1529
73 264
73 503
73 588
73 143
73 496
73 1560
73 473
73 248
73 217
73 858
73 431
73 348
74 230
74 166
74 391
74 232
74 103
74 204
74 301
74 723
74 692
74 277
74 89
74 123
74 412
75 99
75 518
75 777
75 75
75 78
75 1210
75 283
75 1436
75 125
75 572
76 1348
76 901
76 519
76 200
76 1194
76 967
76 721
76 1016
76 153
76 154
76 1055
76 167
76 511
77 833
77 738
77 357
77 714
77 297
77 330
77 826
77 1260
77 474
77 829
77 414
78 668
78 100
78 476
78 1334
78 1180
79 96
79 194
79 708
79 1061
79 1675
79 226
79 1294
79 431
79 145
79 857
79 474
79 1471
80 162
80 804
80 101
80 1122
80 911
80 1617
80 818
80 788
80 245
80 1278
80 633
80 990
80 149
81 482
81 803
81 772
81 745
81 955
81 332
81 365
81 1551
81 656
81 1170
81 726
81 1391
81 1599
82 106
83 1568
83 1313
83 91
83 580
83 1153
83 1663
83 433
83 1684
83 825
83 89
83 603
83 1535
84 106
84 150
85 705
85 1478
85 646
85 460
85 298
85 1263
85 272
85 597
86 1219
86 741
86 1058
86 921
86 445
87 292
87 199
87 488
87 1132
87 925
87 370
87 149
87 730
87 1115
87 124
87 893
88 224
88 129
88 579
88 1412
88 106
88 152
88 138
89 194
89 262
89 118
90 195
90 457
90 111
90 944
90 259
90 948
90 1526
90 666
90 155
90 895
91 192
91 899
91 392
91 1258
91 971
91 173
91 174
91 1490
91 1653
91 187
91 510
92 1280
92 769
92 325
92 405
92 1550
92 626
92 245
92 1686
92 1239
92 1308
92 351
93 521
93 1547
93 114
93 1631
94 226
94 615
94 649
94 1143
94 564
94 1041
94 211
94 980
94 695
94 313
94 890
94 926
95 800
95 388
95 523
95 748
95 335
95 1267
95 1332
95 1237
95 1236
95 729
95 763
95 255
96 292
96 839
96 171
96 780
96 109
96 752
96 1171
96 121
96 408
96 324
96 254
97 203
97 237
97 1650
97 117
97 152
97 154
97 219
97 188
98 417
98 331
98 197
98 264
98 523
98 1470
100 1441
100 324
100 197
100 1421
100 175
100 403
100 654
100 184
100 1694
101 708
101 1413
101 552
101 1040
101 1489
101 984
101 762
101 412
102 544
102 419
102 358
102 1692
102 1615
102 536
102 219
102 220
102 221
102 703
103 194
103 629
103 758
103 1336
104 838
104 1254
104 1163
104 205
104 1651
104 1545
104 985
104 1466
104 827
105 1668
106 1138
106 119
107 354
107 1667
107 1126
107 1099
107 759
107 591
107 1079
107 1028
107 763
108 547
108 231
109 358
109 934
109 583
109 903
109 429
109 111
109 1395
109 559
109 1407
110 360
110 588
110 236
110 143
110 431
110 503
110 248
110 601
110 283
110 348
110 1629
111 841
111 331
111 1396
111 532
111 725
111 1014
111 313
111 153
112 1699
112 581
112 807
112 456
112 297
112 522
112 139
112 826
112 732
112 490
113 972
113 298
113 340
113 149
114 163
114 938
114 114
114 316
115 996
115 455
115 1161
115 1230
115 1071
115 241
115 338
115 627
115 825
115 669
116 963
116 1036
116 1680
116 1142
116 279
116 1240
116 732
118 897
118 355
118 1607
118 647
119 742
119 470
120 269
121 173
122 269
122 287
123 294
125 1531
125 746
125 301
125 820
125 600
125 1594
125 411
125 506
126 236
126 341
126 858
126 891
126 126
128 128
128 1634
128 787
128 501
128 159
128 607
129 262
129 361
129 364
129 1458
129 1462
130 389
130 1322
130 203
130 1589
130 1590
130 344
130 1018
130 315
133 1293
134 319
135 174
135 500
135 957
135 894
136 512
136 1380
136 151
136 781
136 527
136 1683
136 374
136 375
136 761
138 322
138 228
138 168
138 233
138 341
140 422
140 698
140 432
140 789
140 1528
140 250
140 573
140 693
141 174
141 889
141 1497
141 699
142 226
142 360
142 588
142 143
142 496
142 601
142 248
142 217
143 872
143 143
144 327
145 192
145 145
145 442
146 174
146 338
146 477
147 158
148 224
148 717
149 420
149 1419
149 1517
149 302
149 508
150 424
150 242
150 308
151 421
151 1147
152 152
153 1090
153 488
153 1290
153 1361
153 531
153 213
154 878
155 866
155 516
155 364
155 205
155 462
155 1627
155 1630
156 160
156 1222
156 551
156 202
156 236
156 1269
156 250
156 1083
158 400
158 556
158 460
158 690
158 1527
158 860
159 1473
159 1457
159 275
159 1080
159 1690
159 159
160 814
160 216
160 186
161 1225
161 1037
161 751
161 593
161 1613
161 574
162 1344
162 770
162 522
162 1455
162 631
162 286
163 289
163 802
163 1125
163 312
163 788
163 279
163 856
164 645
164 1030
164 1677
164 919
164 1051
165 165
165 454
165 1432
165 585
167 225
167 834
167 610
167 782
167 367
168 838
168 743
168 718
168 1013
168 182
168 440
169 940
169 182
169 760
171 900
171 293
171 1639
171 909
171 462
171 657
173 251
173 836
173 773
173 396
173 282
174 334
174 175
176 1577
178 1409
178 551
178 915
178 507
178 383
179 1320
179 585
179 652
179 1007
179 1425
179 1493
179 444
180 287
180 741
181 628
181 536
181 1593
181 509
182 902
182 875
182 238
182 566
182 541
183 289
183 205
183 302
183 753
183 462
183 1342
183 639
184 293
184 657
184 1044
184 793
184 573
184 351
185 774
185 299
185 335
185 792
186 428
186 914
187 1408
187 327
187 271
187 309
187 407
189 236
189 242
189 1433
189 986
189 189
190 1681
190 746
190 240
190 209
190 406
190 920
190 1118
191 995
191 452
191 904
191 1461
191 1623
191 1338
191 892
192 804
192 719
192 818
192 633
192 351
193 554
193 1131
193 590
193 1042
193 1657
193 1628
193 286
194 324
194 1703
194 782
194 753
195 1321
195 529
195 405
195 1245
197 1510
197 1514
197 240
197 433
197 682
198 1221
198 1355
198 1652
198 1046
198 823
198 1598
200 779
201 1200
201 1569
201 945
201 1621
201 918
201 959
202 418
202 455
202 593
202 1106
202 1268
202 1054
205 375
205 471
207 419
207 238
207 1207
207 221
207 478
209 409
209 286
209 255
210 378
211 1088
211 609
211 1174
211 1343
213 1417
213 874
213 777
213 810
216 427
216 309
217 526
217 1422
217 241
217 666
218 1579
218 665
220 678
220 505
221 819
222 298
223 1186
223 425
223 750
223 1328
223 1622
224 561
224 249
224 570
224 667
226 1111
226 664
227 599
228 398
230 1500
231 1104
234 551
234 425
234 1654
234 1374
234 1023
235 419
235 754
235 630
235 478
236 341
236 1310
237 369
237 274
238 760
238 1019
239 268
240 417
240 266
240 1518
241 293
241 275
241 489
241 1205
242 1503
243 452
243 584
243 1067
243 1261
243 904
243 892
244 287
245 382
248 801
248 575
250 260
250 873
251 262
251 1116
252 568
252 252
253 545
253 715
254 434
254 549
254 1558
254 333
255 365
255 421
256 587
257 569
257 567
257 596
257 886
257 513
258 1035
258 449
258 346
258 1123
258 1021
259 259
259 276
259 415
260 1688
260 1050
262 642
262 929
263 1522
263 511
263 636
263 658
263 591
264 736
264 1524
264 377
265 587
265 387
266 1665
266 266
266 868
267 267
268 822
270 562
272 272
272 803
272 387
273 382
274 1672
275 647
276 768
276 664
276 422
278 1392
278 802
278 1085
279 1010
279 623
280 1197
281 806
281 737
285 795
285 812
285 438
287 414
288 556
289 289
289 916
290 896
290 547
290 484
290 459
290 751
291 755
291 372
291 426
292 292
293 321
294 325
295 1658
295 1507
295 578
295 1146
295 1175
296 580
296 354
296 615
297 801
297 324
297 871
298 563
298 524
299 562
299 894
300 1434
300 575
300 510
300 1359
301 302
304 304
304 975
306 306
306 469
306 982
310 1601
313 524
313 423
313 1468
316 460
316 1398
316 1247
317 621
319 319
320 1608
320 1319
321 793
321 1399
321 413
325 545
326 326
327 449
328 404
329 344
329 354
329 604
331 736
331 1327
332 380
333 785
333 333
334 477
335 1148
336 521
337 1072
337 754
337 1674
337 725
338 681
338 628
339 1372
339 895
340 912
340 738
342 881
342 571
342 540
342 1190
343 343
344 778
344 395
346 448
346 1128
346 1025
347 1288
347 843
347 1597
348 845
348 831
350 1241
350 1266
350 1323
350 966
353 622
355 824
355 465
355 486
356 608
356 731
356 469
357 1554
357 693
358 374
359 359
361 668
361 580
364 676
366 1256
366 1555
366 1198
367 430
367 590
370 452
370 1676
370 1702
372 1216
372 554
372 1532
373 1285
374 570
375 506
376 1162
376 540
377 1096
377 822
377 543
378 1187
378 1437
379 638
380 627
380 455
382 1350
382 1277
383 520
383 406
384 560
386 871
386 445
386 1365
387 790
387 888
388 1250
388 389
389 398
389 847
392 552
392 1026
392 735
393 882
393 828
393 877
393 886
394 421
395 840
395 1133
395 447
396 402
397 405
397 487
399 404
399 1435
402 454
404 501
405 1644
406 1139
406 652
408 1297
408 1485
408 1383
409 409
410 758
414 969
414 1086
415 768
415 422
416 872
416 954
417 840
417 868
418 1226
418 859
418 1477
419 712
420 1306
420 1284
420 1094
421 702
422 800
423 819
426 1378
426 1157
428 1576
429 429
430 467
432 1496
432 890
433 616
434 1220
434 565
435 641
435 778
435 604
436 446
440 902
441 1475
445 487
446 469
449 1314
450 742
453 1165
456 527
457 480
457 939
459 466
463 502
463 847
464 704
464 506
465 784
465 743
466 581
467 1641
467 1012
470 1299
471 1682
472 749
473 634
475 1360
475 1244
480 1604
481 1400
481 1397
481 1447
483 528
484 528
484 1070
485 1017
486 544
487 679
489 1506
490 1513
490 553
491 1605
491 733
493 1135
494 1474
494 494
495 623
497 1386
498 1356
498 703
500 779
502 1144
503 831
504 958
508 537
508 1636
509 659
509 877
510 602
512 713
512 582
513 577
514 1561
514 842
514 1357
516 516
517 1060
517 997
518 1492
518 1087
519 1403
519 998
520 987
523 526
524 1326
528 1486
531 1373
534 1029
534 534
535 1020
535 1402
535 700
536 620
538 1394
538 1253
538 679
539 1660
540 844
541 841
541 718
546 1274
549 681
549 692
550 748
550 555
550 924
552 694
553 1364
555 776
562 1430
563 786
564 1508
564 1389
565 654
566 577
569 1603
571 1039
572 1642
573 1696
575 1584
579 622
581 1671
583 936
584 1505
584 994
587 888
592 1523
592 1270
594 1553
594 1100
595 1548
597 1602
598 598
599 1309
602 1616
605 1643
605 1701
606 606
608 977
612 645
613 641
613 867
616 1393
617 1049
618 852
621 1304
624 696
626 845
629 764
631 861
632 752
638 1292
640 640
646 1006
649 1465
650 797
651 1459
653 824
655 1609
659 1453
660 846
661 711
662 1179
669 1008
670 864
671 1570
671 1516
673 673
675 1209
682 1149
684 737
684 1463
694 1307
695 1248
697 1316
698 700
705 907
707 1467
709 794
716 1238
720 1235
721 1390
724 833
735 1556
745 1515
749 1498
755 1574
756 1362
766 1450
766 999
785 1347
786 1107
790 1059
794 928
795 910
796 901
799 1363
807 1130
814 1011
817 832
830 1581
846 951
848 1339
848 1695
851 1405
853 1536
855 1420
861 1573
862 898
862 883
864 1611
869 1005
875 1232
876 1164
881 1295
887 1661
905 935
906 1318
933 1178
942 1167
943 1625
968 1416
970 1530
1009 1452
1031 1700
1033 1156
1045 1525
1074 1476
1075 1276
1076 1325
1092 1482
1102 1265
1105 1199
1113 1242
1158 1204
1160 1234
1172 1429
1196 1354
1211 1212
1229 1472
1272 1618
1273 1546
1281 1480
1302 1578
1305 1384
1512 1610
