0 1
0 2
0 4
0 5
0 6
0 7
0 8
0 9
0 10
0 11
0 12
0 13
0 14
0 15
0 17
0 18
0 19
0 20
0 21
0 22
0 23
0 24
0 25
0 26
0 27
0 28
0 30
0 31
0 32
0 33
0 34
0 35
0 36
0 37
0 38
0 39
0 40
0 41
0 42
0 43
0 44
0 45
0 46
0 47
0 48
0 49
0 50
0 51
0 52
0 53
0 54
0 55
0 57
0 58
0 59
0 60
0 62
0 63
0 64
0 65
0 66
0 67
0 69
0 70
0 71
0 72
0 73
0 74
0 75
0 77
0 78
0 79
0 82
0 84
0 85
0 86
0 88
0 89
0 91
0 93
0 95
0 96
0 100
0 102
0 104
0 107
0 108
0 109
0 111
0 112
0 113
0 114
0 115
0 116
0 118
0 120
0 121
0 122
0 126
0 127
0 132
0 133
0 136
0 137
0 138
0 140
0 142
0 146
0 147
0 148
0 149
0 155
0 156
0 157
0 158
0 162
0 163
0 164
0 169
0 170
0 172
0 176
0 177
0 178
0 180
0 182
0 188
0 189
0 190
0 193
0 198
0 200
0 204
0 207
0 210
0 211
0 212
0 214
0 216
0 218
0 219
0 224
0 225
0 226
0 227
0 233
0 235
0 242
0 243
0 248
0 249
0 250
0 251
0 255
0 256
0 258
0 259
0 267
0 268
0 269
0 274
0 275
0 276
0 278
0 283
0 289
0 298
0 299
0 300
0 301
0 302
0 310
0 318
0 319
0 321
0 324
0 325
0 335
0 336
0 338
0 347
0 348
0 349
0 353
0 354
0 355
0 356
0 359
0 360
0 361
0 368
0 369
0 382
0 383
0 393
0 394
0 395
0 410
0 411
0 412
0 425
0 426
0 427
0 428
0 441
0 442
0 446
0 456
0 457
0 458
0 464
0 465
0 482
0 483
0 493
0 508
0 509
0 513
0 527
0 536
0 563
0 575
0 596
0 627
0 628
0 629
0 671
0 724
0 725
0 778
1 2
1 3
1 4
1 5
1 6
1 7
1 8
1 10
1 11
1 12
1 13
1 14
1 17
1 18
1 19
1 20
1 21
1 22
1 23
1 24
1 25
1 26
1 27
1 28
1 30
1 31
1 32
1 34
1 35
1 37
1 38
1 39
1 40
1 41
1 42
1 43
1 45
1 46
1 47
1 49
1 50
1 51
1 52
1 53
1 54
1 55
1 58
1 59
1 60
1 63
1 64
1 65
1 66
1 67
1 68
1 69
1 70
1 71
1 72
1 73
1 74
1 75
1 77
1 78
1 79
1 81
1 82
1 84
1 85
1 86
1 87
1 88
1 89
1 90
1 91
1 93
1 95
1 96
1 100
1 101
1 102
1 104
1 105
1 106
1 108
1 109
1 112
1 113
1 114
1 115
1 116
1 122
1 127
1 128
1 130
1 132
1 133
1 134
1 136
1 137
1 141
1 142
1 146
1 147
1 148
1 149
1 153
1 155
1 156
1 158
1 161
1 162
1 163
1 164
1 165
1 172
1 173
1 175
1 176
1 177
1 180
1 182
1 183
1 188
1 193
1 198
1 207
1 210
1 212
1 219
1 221
1 225
1 228
1 230
1 233
1 235
1 250
1 256
1 265
1 267
1 268
1 273
1 274
1 275
1 276
1 277
1 283
1 288
1 289
1 300
1 302
1 310
1 311
1 312
1 314
1 316
1 323
1 338
1 345
1 347
1 348
1 349
1 364
1 369
1 384
1 385
1 398
1 407
1 409
1 411
1 420
1 428
1 446
1 459
1 460
1 461
1 462
1 463
1 482
1 493
1 497
1 498
1 503
1 509
1 511
1 512
1 529
1 536
1 555
1 556
1 565
1 587
1 595
1 598
1 600
1 630
1 633
1 650
1 651
1 657
1 659
1 673
1 676
1 677
1 678
1 733
1 828
1 834
1 858
1 895
1 911
2 3
2 4
2 5
2 6
2 7
2 8
2 10
2 11
2 12
2 13
2 14
2 16
2 17
2 18
2 19
2 20
2 21
2 23
2 24
2 25
2 26
2 27
2 28
2 31
2 32
2 34
2 35
2 37
2 38
2 39
2 40
2 41
2 42
2 43
2 44
2 46
2 47
2 49
2 50
2 52
2 53
2 54
2 55
2 57
2 58
2 59
2 60
2 62
2 63
2 64
2 65
2 66
2 67
2 69
2 71
2 72
2 73
2 74
2 75
2 76
2 77
2 78
2 81
2 82
2 83
2 85
2 86
2 87
2 88
2 89
2 90
2 91
2 93
2 95
2 96
2 97
2 100
2 101
2 102
2 105
2 106
2 107
2 108
2 109
2 111
2 112
2 113
2 115
2 118
2 120
2 121
2 125
2 126
2 128
2 132
2 133
2 135
2 137
2 138
2 139
2 141
2 145
2 147
2 148
2 149
2 153
2 155
2 157
2 158
2 161
2 164
2 165
2 169
2 170
2 172
2 176
2 177
2 178
2 180
2 181
2 183
2 200
2 203
2 205
2 207
2 209
2 210
2 211
2 214
2 215
2 216
2 218
2 219
2 224
2 226
2 228
2 229
2 230
2 233
2 251
2 256
2 257
2 258
2 259
2 265
2 267
2 273
2 275
2 276
2 277
2 278
2 283
2 284
2 302
2 308
2 310
2 316
2 332
2 333
2 335
2 337
2 338
2 344
2 347
2 349
2 353
2 355
2 359
2 379
2 380
2 382
2 383
2 392
2 405
2 421
2 425
2 426
2 429
2 442
2 446
2 455
2 456
2 464
2 465
2 478
2 479
2 483
2 484
2 496
2 505
2 511
2 530
2 531
2 536
2 595
2 596
2 597
2 615
2 622
2 659
2 664
2 672
2 713
2 844
3 6
3 7
3 8
3 10
3 12
3 14
3 15
3 18
3 20
3 21
3 22
3 25
3 27
3 31
3 34
3 36
3 42
3 43
3 44
3 46
3 47
3 50
3 51
3 52
3 53
3 57
3 62
3 63
3 66
3 67
3 68
3 69
3 70
3 73
3 74
3 77
3 82
3 86
3 88
3 91
3 96
3 97
3 106
3 107
3 110
3 111
3 112
3 113
3 114
3 115
3 118
3 120
3 126
3 127
3 132
3 133
3 138
3 139
3 140
3 141
3 142
3 147
3 149
3 152
3 153
3 157
3 170
3 172
3 175
3 176
3 177
3 179
3 180
3 181
3 183
3 190
3 192
3 193
3 199
3 200
3 207
3 211
3 217
3 218
3 219
3 224
3 226
3 235
3 237
3 243
3 256
3 257
3 259
3 265
3 266
3 267
3 273
3 275
3 276
3 277
3 278
3 282
3 283
3 289
3 301
3 302
3 310
3 311
3 312
3 317
3 319
3 324
3 333
3 337
3 338
3 344
3 348
3 350
3 352
3 353
3 355
3 357
3 360
3 361
3 365
3 369
3 370
3 395
3 407
3 408
3 412
3 428
3 429
3 439
3 441
3 442
3 444
3 446
3 455
3 456
3 459
3 464
3 465
3 477
3 479
3 480
3 482
3 483
3 484
3 506
3 509
3 513
3 541
3 562
3 589
3 590
3 622
3 623
3 660
3 661
3 663
3 664
3 665
3 666
3 671
3 718
3 733
3 861
4 5
4 7
4 8
4 9
4 10
4 11
4 12
4 13
4 17
4 19
4 22
4 23
4 24
4 25
4 26
4 28
4 30
4 31
4 32
4 34
4 35
4 37
4 38
4 39
4 42
4 49
4 50
4 51
4 58
4 59
4 69
4 76
4 77
4 78
4 79
4 80
4 82
4 83
4 93
4 94
4 98
4 99
4 100
4 108
4 109
4 116
4 118
4 119
4 123
4 125
4 129
4 130
4 135
4 136
4 143
4 149
4 151
4 158
4 159
4 167
4 169
4 186
4 188
4 189
4 197
4 201
4 206
4 208
4 212
4 214
4 232
4 245
4 246
4 248
4 249
4 253
4 261
4 262
4 286
4 293
4 295
4 328
4 339
4 376
4 388
4 399
4 450
4 451
4 469
4 518
4 570
4 603
4 604
4 635
4 683
4 684
4 685
4 686
4 687
4 696
4 738
4 739
4 740
4 753
4 792
5 7
5 8
5 10
5 11
5 12
5 13
5 14
5 17
5 18
5 19
5 20
5 21
5 22
5 23
5 24
5 25
5 26
5 27
5 28
5 30
5 31
5 32
5 34
5 35
5 37
5 39
5 42
5 43
5 45
5 46
5 49
5 50
5 51
5 53
5 58
5 59
5 63
5 64
5 65
5 66
5 67
5 68
5 69
5 72
5 73
5 74
5 75
5 77
5 78
5 82
5 84
5 85
5 89
5 91
5 93
5 95
5 100
5 101
5 112
5 113
5 115
5 116
5 121
5 122
5 127
5 133
5 136
5 137
5 138
5 140
5 141
5 146
5 147
5 148
5 149
5 155
5 156
5 158
5 164
5 165
5 169
5 177
5 189
5 190
5 194
5 202
5 214
5 218
5 225
5 233
5 234
5 235
5 251
5 267
5 275
5 276
5 282
5 287
5 299
5 302
5 308
5 318
5 319
5 323
5 331
5 335
5 336
5 343
5 347
5 348
5 353
5 360
5 368
5 393
5 394
5 405
5 410
5 419
5 425
5 426
5 435
5 438
5 454
5 472
5 474
5 478
5 482
5 491
5 495
5 505
5 508
5 524
5 557
5 613
5 627
5 670
5 724
5 772
5 778
5 820
5 903
5 904
6 7
6 8
6 10
6 11
6 12
6 13
6 14
6 15
6 18
6 20
6 21
6 22
6 23
6 24
6 26
6 27
6 28
6 32
6 33
6 36
6 38
6 40
6 41
6 48
6 54
6 55
6 56
6 58
6 60
6 65
6 70
6 71
6 81
6 85
6 88
6 92
6 93
6 95
6 100
6 102
6 104
6 108
6 109
6 110
6 117
6 134
6 144
6 145
6 160
6 162
6 166
6 171
6 172
6 173
6 182
6 184
6 195
6 196
6 198
6 200
6 205
6 209
6 213
6 220
6 221
6 228
6 229
6 231
6 233
6 241
6 247
6 252
6 259
6 260
6 264
6 272
6 281
6 284
6 290
6 291
6 296
6 297
6 300
6 307
6 313
6 314
6 324
6 329
6 330
6 351
6 371
6 373
6 374
6 378
6 386
6 400
6 404
6 414
6 418
6 431
6 453
6 466
6 471
6 477
6 486
6 499
6 500
6 513
6 516
6 517
6 523
6 541
6 584
6 634
6 638
6 640
6 681
6 682
6 870
7 8
7 9
7 10
7 11
7 12
7 13
7 17
7 19
7 20
7 21
7 22
7 23
7 25
7 26
7 27
7 28
7 30
7 31
7 34
7 35
7 37
7 39
7 42
7 43
7 45
7 46
7 49
7 50
7 51
7 53
7 54
7 58
7 59
7 63
7 64
7 65
7 67
7 72
7 73
7 74
7 78
7 80
7 82
7 83
7 84
7 89
7 93
7 95
7 99
7 101
7 108
7 112
7 116
7 121
7 122
7 124
7 129
7 132
7 133
7 136
7 137
7 146
7 147
7 148
7 149
7 150
7 153
7 155
7 156
7 158
7 165
7 169
7 178
7 183
7 189
7 194
7 202
7 210
7 212
7 222
7 223
7 225
7 227
7 230
7 233
7 234
7 242
7 248
7 250
7 259
7 268
7 274
7 280
7 287
7 289
7 298
7 299
7 308
7 323
7 331
7 332
7 335
7 336
7 340
7 347
7 383
7 389
7 390
7 394
7 395
7 402
7 410
7 417
7 425
7 437
7 438
7 452
7 455
7 470
7 472
7 474
7 491
7 493
7 520
7 521
7 524
7 525
7 526
7 552
7 553
7 557
7 579
7 580
7 617
7 648
7 649
7 762
8 9
8 10
8 11
8 12
8 13
8 14
8 16
8 17
8 18
8 20
8 21
8 22
8 23
8 24
8 26
8 27
8 28
8 29
8 31
8 32
8 34
8 38
8 40
8 41
8 42
8 43
8 44
8 46
8 47
8 51
8 52
8 57
8 59
8 60
8 61
8 62
8 63
8 64
8 65
8 66
8 67
8 69
8 71
8 73
8 75
8 77
8 82
8 86
8 87
8 88
8 90
8 91
8 95
8 97
8 100
8 102
8 103
8 104
8 105
8 106
8 107
8 111
8 112
8 113
8 114
8 115
8 116
8 120
8 127
8 133
8 136
8 139
8 141
8 142
8 145
8 147
8 148
8 149
8 152
8 154
8 155
8 162
8 163
8 165
8 168
8 174
8 175
8 176
8 177
8 179
8 182
8 191
8 192
8 193
8 195
8 198
8 199
8 203
8 207
8 216
8 217
8 221
8 229
8 233
8 235
8 241
8 254
8 255
8 257
8 276
8 277
8 300
8 310
8 312
8 313
8 319
8 320
8 323
8 334
8 348
8 349
8 354
8 363
8 367
8 378
8 380
8 398
8 404
8 409
8 418
8 421
8 430
8 436
8 440
8 456
8 458
8 473
8 479
8 484
8 490
8 502
8 511
8 556
8 589
8 590
8 616
8 658
8 659
8 707
9 11
9 12
9 13
9 14
9 17
9 21
9 22
9 24
9 25
9 34
9 35
9 37
9 41
9 50
9 51
9 52
9 54
9 57
9 58
9 59
9 61
9 64
9 66
9 67
9 73
9 78
9 82
9 88
9 91
9 93
9 100
9 106
9 112
9 113
9 127
9 133
9 136
9 140
9 165
9 172
9 188
9 189
9 214
9 225
9 248
9 263
9 274
9 275
9 289
9 299
9 318
9 343
9 344
9 347
9 348
9 375
9 376
9 392
9 393
9 394
9 419
9 435
9 438
9 446
9 448
9 449
9 450
9 454
9 455
9 467
9 469
9 472
9 482
9 491
9 505
9 519
9 544
9 558
9 572
9 573
9 588
9 606
9 637
9 650
9 663
9 690
9 691
9 722
9 775
9 795
9 796
9 797
9 798
9 828
9 882
9 951
10 11
10 12
10 13
10 14
10 17
10 18
10 19
10 20
10 21
10 22
10 23
10 24
10 25
10 26
10 27
10 28
10 29
10 31
10 32
10 34
10 35
10 37
10 38
10 39
10 41
10 42
10 43
10 44
10 45
10 46
10 47
10 49
10 50
10 51
10 53
10 58
10 59
10 60
10 61
10 63
10 64
10 65
10 66
10 67
10 68
10 69
10 70
10 73
10 74
10 75
10 77
10 82
10 84
10 85
10 91
10 93
10 96
10 97
10 100
10 101
10 102
10 112
10 113
10 116
10 121
10 122
10 126
10 127
10 132
10 133
10 136
10 140
10 141
10 142
10 147
10 148
10 149
10 155
10 156
10 158
10 161
10 163
10 164
10 165
10 169
10 170
10 175
10 176
10 177
10 180
10 181
10 182
10 189
10 190
10 192
10 193
10 198
10 204
10 207
10 210
10 219
10 233
10 235
10 243
10 254
10 257
10 259
10 265
10 267
10 273
10 274
10 275
10 276
10 282
10 287
10 289
10 310
10 321
10 335
10 348
10 349
10 354
10 356
10 359
10 366
10 369
10 370
10 380
10 381
10 392
10 421
10 428
10 464
10 482
10 484
10 489
10 493
10 495
10 509
10 510
10 529
10 588
10 620
10 706
10 822
10 823
11 12
11 13
11 14
11 15
11 17
11 18
11 19
11 20
11 21
11 22
11 23
11 24
11 25
11 26
11 27
11 28
11 29
11 31
11 32
11 33
11 34
11 35
11 37
11 38
11 39
11 40
11 41
11 42
11 43
11 45
11 46
11 49
11 50
11 51
11 53
11 54
11 55
11 56
11 58
11 59
11 60
11 63
11 64
11 65
11 66
11 67
11 69
11 71
11 74
11 75
11 77
11 78
11 79
11 81
11 82
11 84
11 85
11 86
11 89
11 91
11 92
11 93
11 95
11 96
11 100
11 101
11 102
11 106
11 108
11 109
11 112
11 113
11 115
11 116
11 118
11 121
11 122
11 132
11 133
11 136
11 137
11 140
11 146
11 147
11 148
11 149
11 153
11 155
11 156
11 157
11 162
11 163
11 164
11 165
11 169
11 177
11 181
11 183
11 194
11 198
11 199
11 210
11 212
11 214
11 218
11 225
11 227
11 230
11 233
11 235
11 236
11 250
11 259
11 265
11 267
11 268
11 272
11 273
11 274
11 277
11 289
11 298
11 310
11 319
11 325
11 332
11 333
11 337
11 338
11 344
11 349
11 350
11 365
11 369
11 383
11 405
11 407
11 442
11 476
11 511
11 537
11 586
11 659
11 718
11 848
12 13
12 14
12 16
12 17
12 18
12 19
12 20
12 21
12 22
12 23
12 24
12 25
12 26
12 27
12 28
12 31
12 32
12 34
12 35
12 37
12 38
12 41
12 42
12 44
12 46
12 47
12 49
12 50
12 51
12 52
12 53
12 57
12 58
12 59
12 60
12 62
12 64
12 65
12 66
12 67
12 68
12 69
12 70
12 73
12 74
12 75
12 77
12 78
12 82
12 86
12 88
12 89
12 91
12 93
12 95
12 96
12 97
12 100
12 102
12 107
12 108
12 111
12 112
12 113
12 120
12 126
12 128
12 132
12 133
12 138
12 140
12 146
12 147
12 155
12 163
12 165
12 170
12 172
12 175
12 176
12 177
12 180
12 192
12 211
12 219
12 224
12 226
12 243
12 251
12 254
12 256
12 267
12 269
12 273
12 277
12 278
12 283
12 289
12 302
12 321
12 334
12 346
12 347
12 348
12 349
12 353
12 355
12 356
12 360
12 368
12 369
12 381
12 382
12 392
12 394
12 395
12 426
12 442
12 446
12 456
12 458
12 465
12 481
12 508
12 532
12 563
12 592
12 593
12 596
12 629
12 722
12 723
12 855
13 14
13 15
13 18
13 19
13 20
13 21
13 22
13 23
13 24
13 26
13 27
13 28
13 31
13 32
13 33
13 34
13 36
13 37
13 40
13 41
13 42
13 43
13 45
13 46
13 48
13 49
13 51
13 55
13 56
13 58
13 59
13 60
13 63
13 64
13 65
13 69
13 70
13 71
13 73
13 74
13 75
13 77
13 78
13 81
13 82
13 84
13 88
13 91
13 92
13 93
13 95
13 100
13 104
13 108
13 109
13 110
13 112
13 118
13 121
13 134
13 145
13 147
13 162
13 172
13 173
13 182
13 184
13 195
13 196
13 198
13 200
13 205
13 221
13 228
13 229
13 230
13 231
13 238
13 241
13 252
13 259
13 260
13 270
13 272
13 281
13 284
13 296
13 297
13 300
13 313
13 314
13 323
13 324
13 329
13 330
13 338
13 361
13 371
13 372
13 373
13 386
13 400
13 407
13 414
13 415
13 418
13 444
13 445
13 465
13 471
13 490
13 513
13 541
13 569
13 634
13 640
13 671
13 715
14 16
14 18
14 20
14 21
14 22
14 24
14 26
14 27
14 29
14 31
14 32
14 34
14 35
14 38
14 41
14 42
14 43
14 44
14 46
14 47
14 50
14 51
14 52
14 53
14 57
14 59
14 61
14 62
14 63
14 64
14 65
14 66
14 67
14 68
14 69
14 71
14 73
14 74
14 75
14 77
14 82
14 85
14 86
14 87
14 90
14 91
14 96
14 97
14 100
14 102
14 103
14 104
14 105
14 106
14 107
14 111
14 112
14 113
14 114
14 115
14 116
14 126
14 128
14 133
14 140
14 141
14 142
14 147
14 153
14 155
14 161
14 163
14 164
14 168
14 174
14 175
14 176
14 177
14 179
14 181
14 194
14 198
14 199
14 203
14 204
14 212
14 215
14 216
14 217
14 218
14 219
14 230
14 235
14 254
14 257
14 265
14 267
14 273
14 277
14 302
14 310
14 312
14 319
14 320
14 334
14 346
14 349
14 354
14 359
14 366
14 385
14 398
14 409
14 421
14 428
14 430
14 440
14 458
14 484
14 511
14 536
14 538
14 589
14 593
14 632
14 658
14 659
14 707
14 856
14 911
15 20
15 23
15 25
15 28
15 32
15 33
15 36
15 38
15 40
15 41
15 48
15 54
15 55
15 56
15 60
15 70
15 71
15 81
15 92
15 93
15 96
15 102
15 108
15 109
15 110
15 117
15 118
15 134
15 144
15 157
15 166
15 173
15 184
15 205
15 209
15 213
15 220
15 231
15 236
15 247
15 252
15 264
15 270
15 271
15 272
15 281
15 291
15 296
15 297
15 307
15 314
15 325
15 329
15 330
15 351
15 374
15 414
15 415
15 431
15 433
15 466
15 486
15 499
15 500
15 515
15 516
15 517
15 569
15 601
15 602
15 680
15 736
15 737
16 18
16 22
16 31
16 39
16 43
16 44
16 47
16 52
16 57
16 61
16 62
16 68
16 73
16 74
16 85
16 86
16 91
16 97
16 106
16 107
16 111
16 114
16 115
16 120
16 126
16 127
16 138
16 139
16 140
16 141
16 142
16 152
16 154
16 170
16 174
16 175
16 176
16 179
16 183
16 192
16 193
16 199
16 203
16 204
16 211
16 215
16 216
16 217
16 219
16 224
16 243
16 251
16 256
16 257
16 265
16 266
16 269
16 273
16 276
16 278
16 282
16 302
16 309
16 315
16 317
16 321
16 322
16 334
16 338
16 344
16 349
16 352
16 353
16 357
16 358
16 365
16 366
16 367
16 370
16 381
16 392
16 396
16 407
16 408
16 409
16 422
16 423
16 424
16 430
16 441
16 443
16 457
16 458
16 480
16 481
16 494
16 509
16 510
16 532
16 534
16 535
16 560
16 588
16 590
16 591
16 594
16 620
16 624
16 625
16 626
16 628
16 631
16 632
16 657
16 658
16 665
16 668
16 669
16 714
16 716
16 721
16 726
16 727
16 773
16 845
16 846
16 848
16 849
16 851
17 19
17 21
17 22
17 23
17 26
17 27
17 28
17 30
17 31
17 34
17 35
17 37
17 39
17 42
17 46
17 49
17 50
17 51
17 53
17 58
17 59
17 64
17 69
17 76
17 78
17 79
17 80
17 82
17 83
17 89
17 94
17 95
17 99
17 100
17 101
17 112
17 119
17 121
17 122
17 123
17 124
17 125
17 129
17 130
17 135
17 136
17 137
17 146
17 150
17 151
17 158
17 169
17 186
17 188
17 189
17 194
17 197
17 202
17 206
17 208
17 210
17 212
17 214
17 222
17 223
17 227
17 230
17 242
17 248
17 249
17 250
17 253
17 263
17 280
17 285
17 286
17 288
17 289
17 293
17 294
17 298
17 328
17 420
17 450
17 543
17 549
17 753
18 20
18 21
18 22
18 24
18 25
18 27
18 31
18 32
18 34
18 36
18 38
18 42
18 43
18 44
18 47
18 52
18 53
18 57
18 60
18 61
18 62
18 66
18 67
18 68
18 69
18 72
18 73
18 74
18 75
18 77
18 78
18 85
18 86
18 87
18 90
18 91
18 97
18 102
18 103
18 105
18 106
18 107
18 111
18 113
18 115
18 120
18 127
18 128
18 139
18 141
18 142
18 147
18 152
18 153
18 154
18 155
18 161
18 163
18 168
18 176
18 179
18 180
18 191
18 193
18 199
18 203
18 204
18 215
18 216
18 217
18 224
18 235
18 256
18 258
18 266
18 273
18 278
18 283
18 309
18 310
18 311
18 312
18 316
18 317
18 322
18 333
18 334
18 349
18 352
18 357
18 358
18 359
18 366
18 367
18 407
18 408
18 422
18 428
18 430
18 439
18 535
18 591
18 594
18 621
18 624
18 625
18 626
18 631
18 657
18 714
18 719
18 727
18 775
18 845
18 851
18 927
18 993
19 21
19 23
19 24
19 25
19 26
19 27
19 28
19 30
19 32
19 35
19 37
19 38
19 39
19 49
19 51
19 55
19 58
19 69
19 76
19 79
19 80
19 83
19 94
19 99
19 108
19 118
19 119
19 123
19 124
19 125
19 129
19 143
19 151
19 158
19 159
19 167
19 186
19 188
19 197
19 201
19 206
19 208
19 232
19 245
19 246
19 249
19 253
19 262
19 263
19 279
19 286
19 294
19 295
19 328
19 339
19 342
19 377
19 388
19 451
19 550
19 570
19 578
19 603
19 610
19 698
19 738
19 754
19 791
19 792
20 21
20 22
20 24
20 25
20 27
20 31
20 32
20 36
20 38
20 42
20 43
20 44
20 46
20 47
20 51
20 52
20 53
20 57
20 62
20 66
20 67
20 68
20 69
20 74
20 77
20 78
20 86
20 88
20 90
20 91
20 100
20 102
20 106
20 107
20 111
20 113
20 120
20 132
20 138
20 140
20 147
20 149
20 157
20 170
20 172
20 176
20 177
20 183
20 200
20 211
20 212
20 218
20 224
20 226
20 230
20 235
20 237
20 251
20 258
20 266
20 277
20 283
20 289
20 311
20 312
20 316
20 317
20 319
20 333
20 338
20 344
20 352
20 353
20 355
20 361
20 365
20 370
20 395
20 408
20 412
20 439
20 442
20 446
20 455
20 456
20 464
20 465
20 478
20 479
20 480
20 532
20 538
20 561
20 562
20 589
20 590
20 622
20 623
20 626
20 664
20 666
20 718
20 719
20 720
20 727
20 776
20 861
21 22
21 23
21 24
21 25
21 26
21 27
21 28
21 31
21 32
21 34
21 35
21 37
21 38
21 41
21 42
21 43
21 44
21 46
21 47
21 49
21 50
21 51
21 52
21 53
21 57
21 58
21 59
21 60
21 62
21 63
21 64
21 65
21 66
21 67
21 68
21 69
21 72
21 73
21 74
21 75
21 77
21 82
21 85
21 87
21 89
21 91
21 93
21 95
21 96
21 100
21 101
21 102
21 107
21 108
21 111
21 112
21 113
21 115
21 126
21 132
21 133
21 138
21 140
21 141
21 142
21 147
21 155
21 163
21 164
21 170
21 177
21 180
21 190
21 192
21 218
21 219
21 224
21 226
21 243
21 251
21 267
21 269
21 302
21 317
21 321
21 345
21 355
21 356
21 360
21 369
21 381
21 382
21 384
21 409
21 426
21 427
21 428
21 441
21 457
21 482
21 495
21 622
21 628
21 725
21 906
22 26
22 27
22 31
22 32
22 34
22 38
22 41
22 42
22 43
22 44
22 46
22 47
22 50
22 52
22 53
22 57
22 59
22 62
22 64
22 66
22 67
22 69
22 72
22 73
22 74
22 75
22 77
22 82
22 85
22 88
22 91
22 100
22 107
22 111
22 113
22 115
22 120
22 126
22 132
22 133
22 138
22 140
22 147
22 149
22 153
22 161
22 163
22 164
22 169
22 170
22 172
22 176
22 180
22 190
22 192
22 196
22 200
22 204
22 211
22 216
22 224
22 226
22 243
22 251
22 254
22 257
22 258
22 259
22 283
22 289
22 316
22 317
22 321
22 349
22 353
22 355
22 356
22 360
22 368
22 369
22 382
22 395
22 411
22 425
22 427
22 440
22 441
22 446
22 456
22 457
22 458
22 465
22 483
22 495
22 507
22 508
22 536
22 596
22 629
22 724
23 25
23 26
23 27
23 28
23 30
23 32
23 34
23 35
23 37
23 39
23 40
23 43
23 49
23 51
23 55
23 58
23 69
23 76
23 78
23 79
23 80
23 83
23 89
23 93
23 94
23 99
23 100
23 108
23 109
23 118
23 119
23 123
23 124
23 125
23 129
23 135
23 136
23 143
23 150
23 151
23 158
23 159
23 166
23 186
23 188
23 197
23 201
23 206
23 214
23 222
23 232
23 246
23 249
23 263
23 286
23 294
23 295
23 328
23 339
23 362
23 376
23 377
23 391
23 451
23 469
23 518
23 522
23 549
23 550
23 578
23 610
23 685
23 696
23 697
23 698
23 699
23 700
23 754
23 891
23 892
24 25
24 26
24 27
24 31
24 32
24 34
24 38
24 42
24 43
24 44
24 46
24 47
24 49
24 51
24 53
24 59
24 63
24 64
24 66
24 67
24 69
24 72
24 73
24 74
24 75
24 77
24 78
24 82
24 89
24 90
24 91
24 93
24 96
24 97
24 100
24 101
24 102
24 105
24 112
24 113
24 114
24 115
24 116
24 120
24 126
24 127
24 133
24 140
24 141
24 142
24 147
24 149
24 153
24 155
24 156
24 164
24 176
24 177
24 180
24 193
24 199
24 218
24 227
24 235
24 258
24 259
24 267
24 268
24 269
24 276
24 277
24 278
24 282
24 283
24 302
24 310
24 323
24 335
24 349
24 359
24 360
24 364
24 370
24 382
24 384
24 405
24 461
24 463
24 484
24 495
24 496
24 511
24 512
24 536
24 538
24 564
24 595
24 633
24 673
24 729
24 856
25 28
25 31
25 32
25 33
25 34
25 36
25 37
25 38
25 40
25 41
25 48
25 49
25 55
25 56
25 58
25 60
25 65
25 66
25 70
25 71
25 72
25 75
25 78
25 79
25 82
25 88
25 96
25 100
25 102
25 104
25 108
25 109
25 110
25 118
25 120
25 134
25 142
25 157
25 171
25 172
25 182
25 183
25 184
25 194
25 195
25 196
25 200
25 205
25 207
25 212
25 220
25 221
25 228
25 229
25 230
25 236
25 252
25 260
25 284
25 313
25 324
25 325
25 338
25 350
25 361
25 371
25 372
25 373
25 386
25 407
25 412
25 444
25 446
25 464
25 465
25 485
25 513
25 515
25 541
25 542
25 601
25 733
25 786
25 860
25 861
26 27
26 28
26 31
26 34
26 37
26 42
26 43
26 46
26 47
26 49
26 50
26 53
26 58
26 59
26 63
26 64
26 67
26 69
26 73
26 74
26 75
26 77
26 82
26 91
26 93
26 97
26 100
26 113
26 116
26 132
26 136
26 138
26 140
26 147
26 148
26 155
26 156
26 164
26 165
26 167
26 169
26 172
26 177
26 188
26 189
26 207
26 214
26 225
26 226
26 248
26 267
26 275
26 276
26 278
26 289
26 302
26 318
26 336
26 343
26 355
26 376
26 393
26 394
26 427
26 435
26 449
26 450
26 454
26 467
26 469
26 472
26 491
26 558
26 572
26 606
26 670
26 690
26 696
26 796
26 950
27 31
27 34
27 35
27 37
27 38
27 41
27 42
27 43
27 44
27 45
27 46
27 47
27 49
27 50
27 51
27 53
27 57
27 58
27 59
27 63
27 64
27 65
27 66
27 67
27 68
27 69
27 72
27 74
27 75
27 77
27 78
27 82
27 84
27 85
27 86
27 87
27 91
27 97
27 100
27 111
27 112
27 113
27 114
27 115
27 116
27 132
27 133
27 136
27 140
27 141
27 142
27 148
27 149
27 155
27 156
27 163
27 164
27 170
27 175
27 176
27 177
27 180
27 190
27 191
27 192
27 207
27 210
27 212
27 219
27 225
27 230
27 235
27 243
27 274
27 275
27 277
27 282
27 283
27 289
27 312
27 321
27 335
27 348
27 349
27 356
27 380
27 381
27 395
27 421
27 438
27 464
27 489
27 493
27 527
27 650
28 30
28 32
28 33
28 35
28 36
28 37
28 38
28 40
28 41
28 48
28 54
28 55
28 56
28 58
28 60
28 65
28 70
28 71
28 79
28 80
28 81
28 83
28 88
28 92
28 93
28 96
28 100
28 102
28 108
28 109
28 110
28 117
28 118
28 124
28 130
28 134
28 144
28 145
28 150
28 157
28 166
28 173
28 195
28 205
28 206
28 209
28 213
28 220
28 229
28 231
28 236
28 241
28 247
28 252
28 260
28 264
28 270
28 271
28 281
28 290
28 291
28 296
28 297
28 307
28 313
28 314
28 329
28 330
28 404
28 433
28 486
28 514
28 540
28 602
28 759
28 760
29 31
29 38
29 39
29 41
29 44
29 46
29 52
29 53
29 57
29 59
29 63
29 66
29 74
29 77
29 91
29 93
29 97
29 101
29 106
29 111
29 113
29 114
29 115
29 116
29 120
29 126
29 133
29 138
29 141
29 142
29 148
29 169
29 172
29 176
29 179
29 181
29 199
29 207
29 211
29 216
29 219
29 224
29 226
29 228
29 235
29 251
29 258
29 274
29 277
29 283
29 288
29 310
29 311
29 312
29 321
29 323
29 335
29 355
29 370
29 382
29 385
29 395
29 398
29 420
29 442
29 445
29 459
29 463
29 511
29 554
29 560
29 565
29 567
29 587
29 593
29 594
29 595
29 599
29 600
29 616
29 630
29 633
29 651
29 657
29 674
29 678
29 707
29 716
29 727
29 728
29 730
29 731
29 732
29 777
29 780
29 784
29 827
29 834
29 859
29 909
29 910
29 915
29 977
30 35
30 37
30 39
30 49
30 51
30 58
30 64
30 76
30 79
30 80
30 83
30 84
30 98
30 99
30 119
30 123
30 124
30 125
30 129
30 135
30 143
30 150
30 151
30 158
30 159
30 167
30 186
30 188
30 197
30 201
30 206
30 208
30 222
30 232
30 245
30 246
30 253
30 261
30 262
30 279
30 280
30 285
30 286
30 293
30 294
30 339
30 388
30 399
30 451
30 518
30 570
30 604
30 635
30 683
30 686
30 687
30 738
31 32
31 34
31 35
31 38
31 42
31 43
31 44
31 46
31 47
31 50
31 51
31 52
31 53
31 57
31 58
31 59
31 62
31 64
31 66
31 67
31 68
31 69
31 72
31 73
31 74
31 75
31 77
31 82
31 85
31 86
31 91
31 93
31 97
31 100
31 106
31 113
31 115
31 120
31 126
31 127
31 132
31 138
31 140
31 147
31 148
31 155
31 163
31 164
31 176
31 177
31 181
31 193
31 204
31 212
31 218
31 224
31 230
31 256
31 267
31 269
31 277
31 278
31 283
31 301
31 302
31 315
31 333
31 337
31 338
31 356
31 359
31 360
31 366
31 369
31 412
31 426
31 531
31 660
31 661
31 712
31 926
31 992
32 33
32 36
32 37
32 38
32 40
32 41
32 42
32 48
32 49
32 54
32 55
32 56
32 58
32 60
32 65
32 70
32 71
32 75
32 78
32 81
32 88
32 92
32 93
32 102
32 108
32 109
32 110
32 112
32 118
32 134
32 144
32 157
32 166
32 171
32 172
32 173
32 184
32 196
32 200
32 205
32 209
32 220
32 228
32 238
32 241
32 247
32 252
32 260
32 264
32 272
32 281
32 284
32 290
32 296
32 297
32 313
32 314
32 329
32 330
32 351
32 371
32 374
32 386
32 400
32 404
32 414
32 415
32 433
32 466
32 477
32 486
32 500
32 514
32 516
32 869
33 36
33 38
33 40
33 41
33 48
33 54
33 55
33 56
33 60
33 70
33 71
33 81
33 88
33 92
33 93
33 96
33 102
33 108
33 109
33 110
33 117
33 118
33 134
33 144
33 166
33 171
33 173
33 184
33 195
33 196
33 205
33 209
33 213
33 220
33 231
33 247
33 252
33 260
33 270
33 272
33 281
33 290
33 291
33 296
33 297
33 307
33 314
33 329
33 330
33 351
33 374
33 433
33 477
33 486
33 499
33 500
33 514
33 516
33 540
33 682
34 42
34 44
34 46
34 47
34 49
34 50
34 51
34 53
34 57
34 58
34 59
34 62
34 64
34 67
34 68
34 69
34 73
34 74
34 75
34 77
34 79
34 82
34 85
34 89
34 91
34 93
34 97
34 100
34 107
34 111
34 112
34 113
34 126
34 132
34 133
34 138
34 140
34 141
34 148
34 155
34 163
34 164
34 165
34 169
34 170
34 176
34 177
34 180
34 190
34 211
34 224
34 225
34 226
34 243
34 251
34 267
34 282
34 289
34 302
34 318
34 336
34 343
34 347
34 348
34 354
34 355
34 360
34 368
34 369
34 392
34 410
34 411
34 421
34 424
34 425
34 426
34 428
34 438
34 442
34 458
34 481
34 482
34 483
34 495
34 507
34 663
35 37
35 38
35 39
35 46
35 49
35 51
35 58
35 76
35 78
35 79
35 80
35 83
35 84
35 89
35 94
35 95
35 99
35 123
35 124
35 125
35 129
35 130
35 135
35 150
35 158
35 188
35 206
35 210
35 222
35 223
35 227
35 242
35 244
35 246
35 249
35 250
35 262
35 263
35 274
35 280
35 285
35 289
35 294
35 298
35 306
35 328
35 340
35 362
35 389
35 447
35 543
35 549
35 688
35 689
35 742
35 743
36 38
36 40
36 41
36 48
36 54
36 55
36 56
36 60
36 65
36 70
36 71
36 81
36 88
36 92
36 93
36 96
36 102
36 104
36 108
36 109
36 117
36 134
36 144
36 145
36 157
36 171
36 173
36 183
36 195
36 196
36 200
36 209
36 213
36 220
36 231
36 236
36 241
36 247
36 252
36 272
36 281
36 284
36 291
36 297
36 300
36 307
36 313
36 314
36 325
36 329
36 350
36 351
36 404
36 414
36 431
36 466
36 542
36 634
36 681
36 682
36 786
36 788
37 38
37 39
37 49
37 51
37 55
37 58
37 69
37 76
37 79
37 80
37 83
37 84
37 89
37 95
37 98
37 99
37 100
37 108
37 118
37 119
37 123
37 124
37 125
37 129
37 130
37 135
37 137
37 143
37 150
37 151
37 158
37 159
37 186
37 188
37 197
37 201
37 206
37 208
37 222
37 223
37 227
37 232
37 244
37 245
37 246
37 249
37 250
37 262
37 263
37 274
37 279
37 280
37 286
37 293
37 294
37 295
37 306
37 326
37 362
37 377
37 388
37 391
37 543
37 549
37 635
38 40
38 41
38 42
38 46
38 48
38 49
38 53
38 54
38 55
38 56
38 58
38 59
38 60
38 65
38 66
38 67
38 70
38 71
38 72
38 75
38 79
38 81
38 86
38 88
38 89
38 91
38 100
38 104
38 108
38 109
38 110
38 117
38 118
38 134
38 142
38 144
38 145
38 157
38 166
38 172
38 173
38 183
38 184
38 195
38 196
38 200
38 205
38 228
38 229
38 241
38 252
38 260
38 265
38 281
38 284
38 290
38 297
38 300
38 313
38 324
38 338
38 371
38 372
38 373
38 374
38 379
38 386
38 400
38 404
38 407
38 453
38 465
38 471
38 477
38 541
38 568
39 45
39 49
39 51
39 58
39 76
39 78
39 79
39 80
39 83
39 84
39 89
39 94
39 95
39 99
39 121
39 124
39 125
39 129
39 130
39 135
39 136
39 137
39 146
39 150
39 158
39 169
39 188
39 194
39 206
39 210
39 214
39 222
39 223
39 227
39 230
39 242
39 250
39 262
39 263
39 274
39 280
39 285
39 289
39 298
39 306
39 328
39 340
39 362
39 390
39 403
39 549
39 688
39 689
39 742
39 877
39 878
40 41
40 48
40 54
40 55
40 56
40 58
40 60
40 65
40 70
40 71
40 81
40 88
40 92
40 93
40 96
40 102
40 108
40 109
40 110
40 118
40 134
40 144
40 145
40 157
40 162
40 166
40 171
40 173
40 182
40 184
40 195
40 196
40 198
40 200
40 205
40 209
40 213
40 220
40 221
40 241
40 247
40 252
40 260
40 264
40 271
40 272
40 281
40 290
40 291
40 296
40 297
40 307
40 313
40 314
40 329
40 330
40 351
40 361
40 371
40 373
40 374
40 404
40 431
40 433
40 453
40 477
40 486
40 499
40 500
40 516
40 517
40 569
41 54
41 55
41 56
41 59
41 60
41 65
41 70
41 71
41 81
41 88
41 92
41 93
41 96
41 102
41 104
41 108
41 109
41 110
41 134
41 144
41 145
41 160
41 162
41 171
41 172
41 182
41 195
41 198
41 200
41 209
41 220
41 221
41 228
41 229
41 240
41 241
41 252
41 255
41 272
41 284
41 300
41 313
41 324
41 341
41 351
41 361
41 363
41 372
41 373
41 378
41 379
41 386
41 400
41 404
41 418
41 436
41 444
41 445
41 453
41 465
41 471
41 473
41 477
41 487
41 490
41 513
41 523
41 541
41 582
41 584
41 638
41 640
41 693
41 816
42 43
42 44
42 46
42 47
42 50
42 51
42 52
42 53
42 57
42 59
42 62
42 66
42 67
42 68
42 69
42 73
42 74
42 75
42 77
42 82
42 86
42 91
42 97
42 113
42 120
42 126
42 127
42 138
42 147
42 164
42 169
42 181
42 218
42 219
42 224
42 256
42 275
42 277
42 278
42 283
42 301
42 302
42 310
42 335
42 337
42 338
42 359
42 369
42 410
42 412
42 425
42 426
42 531
42 557
42 559
42 586
42 667
42 771
42 842
42 843
42 922
42 923
42 924
42 932
42 987
42 988
42 989
43 46
43 47
43 50
43 53
43 57
43 59
43 61
43 62
43 64
43 66
43 67
43 68
43 69
43 73
43 74
43 75
43 77
43 82
43 85
43 86
43 87
43 90
43 100
43 103
43 114
43 115
43 127
43 132
43 136
43 138
43 140
43 141
43 147
43 148
43 153
43 155
43 156
43 161
43 163
43 164
43 165
43 176
43 177
43 180
43 181
43 189
43 192
43 193
43 203
43 214
43 215
43 218
43 225
43 235
43 248
43 256
43 267
43 275
43 278
43 301
43 302
43 311
43 315
43 343
43 347
43 358
43 359
43 366
43 392
43 394
43 411
43 421
43 438
43 491
43 495
43 565
43 588
43 722
44 47
44 52
44 53
44 59
44 66
44 67
44 68
44 69
44 72
44 85
44 86
44 87
44 90
44 97
44 103
44 105
44 116
44 120
44 128
44 139
44 140
44 141
44 142
44 152
44 153
44 154
44 161
44 163
44 174
44 177
44 183
44 190
44 199
44 203
44 216
44 217
44 218
44 235
44 256
44 258
44 265
44 266
44 269
44 273
44 309
44 311
44 316
44 319
44 345
44 346
44 349
44 352
44 354
44 358
44 397
44 406
44 407
44 409
44 411
44 424
44 427
44 441
44 443
44 457
44 458
44 481
44 483
44 507
44 532
44 536
44 589
44 590
44 592
44 593
44 628
44 658
44 661
44 668
44 707
44 723
44 725
45 49
45 51
45 63
45 64
45 78
45 83
45 84
45 89
45 91
45 93
45 95
45 101
45 112
45 116
45 121
45 122
45 129
45 131
45 133
45 137
45 146
45 148
45 156
45 169
45 170
45 178
45 187
45 194
45 202
45 210
45 212
45 230
45 234
45 251
45 280
45 287
45 298
45 308
45 331
45 335
45 336
45 390
45 398
45 402
45 417
45 437
45 470
45 474
45 492
45 524
45 525
45 526
45 551
45 581
45 597
45 612
45 617
45 652
45 703
45 757
45 762
45 815
45 832
45 896
46 51
46 59
46 64
46 68
46 73
46 74
46 75
46 77
46 78
46 82
46 85
46 91
46 96
46 97
46 100
46 112
46 113
46 127
46 132
46 133
46 137
46 147
46 148
46 149
46 155
46 156
46 164
46 165
46 177
46 193
46 211
46 226
46 243
46 251
46 254
46 282
46 302
46 335
46 347
46 348
46 425
46 428
46 429
46 438
46 491
46 531
46 557
46 615
46 664
46 824
46 825
46 826
46 844
46 907
47 53
47 57
47 59
47 61
47 62
47 63
47 67
47 68
47 69
47 72
47 85
47 86
47 87
47 90
47 96
47 97
47 103
47 105
47 106
47 114
47 127
47 128
47 140
47 141
47 152
47 153
47 154
47 161
47 163
47 168
47 174
47 177
47 181
47 183
47 193
47 203
47 215
47 216
47 217
47 218
47 235
47 256
47 258
47 265
47 269
47 273
47 309
47 315
47 316
47 320
47 322
47 337
47 345
47 349
47 358
47 396
47 397
47 406
47 407
47 409
47 421
47 422
47 423
47 430
47 440
47 443
47 533
47 539
47 632
47 661
47 669
47 763
47 773
48 54
48 55
48 56
48 60
48 70
48 81
48 88
48 92
48 93
48 96
48 102
48 104
48 108
48 110
48 117
48 134
48 144
48 145
48 171
48 172
48 195
48 200
48 209
48 213
48 220
48 228
48 229
48 231
48 241
48 247
48 252
48 272
48 284
48 297
48 300
48 307
48 314
48 325
48 329
48 350
48 351
48 372
48 400
48 404
48 414
48 415
48 444
48 445
48 466
48 471
48 490
48 523
48 582
48 871
49 51
49 58
49 69
49 78
49 79
49 82
49 83
49 84
49 89
49 112
49 121
49 122
49 131
49 136
49 137
49 146
49 165
49 169
49 178
49 194
49 210
49 214
49 222
49 227
49 230
49 242
49 250
49 274
49 280
49 298
49 336
49 340
49 455
49 520
49 579
49 636
49 649
49 745
49 746
49 794
49 880
49 960
50 53
50 59
50 61
50 67
50 69
50 73
50 74
50 75
50 77
50 82
50 97
50 100
50 132
50 136
50 165
50 170
50 189
50 214
50 225
50 248
50 275
50 299
50 318
50 343
50 348
50 355
50 375
50 376
50 392
50 393
50 394
50 435
50 449
50 454
50 467
50 472
50 519
50 544
50 558
50 572
50 588
50 606
50 650
50 722
50 795
50 796
51 54
51 59
51 63
51 64
51 65
51 78
51 83
51 84
51 85
51 89
51 91
51 93
51 95
51 101
51 112
51 116
51 121
51 124
51 129
51 131
51 133
51 137
51 146
51 148
51 155
51 156
51 158
51 169
51 178
51 194
51 202
51 210
51 212
51 222
51 227
51 230
51 233
51 250
51 280
51 287
51 289
51 298
51 308
51 331
51 332
51 335
51 340
51 368
51 389
51 390
51 402
51 442
51 452
51 455
51 474
51 493
51 520
51 553
52 53
52 57
52 59
52 61
52 67
52 69
52 72
52 85
52 86
52 87
52 90
52 103
52 105
52 106
52 116
52 127
52 128
52 152
52 153
52 154
52 161
52 168
52 174
52 181
52 183
52 193
52 199
52 203
52 204
52 215
52 217
52 256
52 258
52 265
52 269
52 273
52 301
52 309
52 315
52 316
52 320
52 322
52 337
52 338
52 345
52 354
52 357
52 358
52 366
52 396
52 397
52 398
52 406
52 408
52 409
52 421
52 422
52 423
52 424
52 430
52 443
52 533
52 561
52 588
52 626
52 632
52 662
52 669
52 712
52 763
52 773
52 847
53 57
53 59
53 62
53 66
53 67
53 69
53 73
53 74
53 75
53 77
53 86
53 91
53 97
53 106
53 107
53 113
53 120
53 132
53 138
53 147
53 164
53 181
53 193
53 204
53 212
53 218
53 230
53 256
53 277
53 278
53 283
53 301
53 337
53 338
53 352
53 356
53 359
53 369
53 428
53 531
53 660
53 661
53 669
53 711
53 712
53 721
53 925
53 990
53 991
54 55
54 56
54 58
54 60
54 65
54 70
54 71
54 81
54 88
54 92
54 93
54 102
54 104
54 108
54 109
54 110
54 118
54 134
54 145
54 157
54 162
54 166
54 171
54 173
54 182
54 184
54 195
54 196
54 198
54 200
54 205
54 220
54 229
54 236
54 241
54 252
54 260
54 264
54 271
54 272
54 281
54 284
54 290
54 296
54 297
54 313
54 314
54 330
54 371
54 372
54 374
54 378
54 386
54 404
54 433
54 453
54 471
54 477
54 516
54 523
54 583
54 584
54 760
55 56
55 58
55 60
55 65
55 70
55 71
55 81
55 88
55 92
55 96
55 102
55 108
55 109
55 110
55 117
55 134
55 144
55 171
55 172
55 173
55 184
55 196
55 200
55 205
55 209
55 213
55 220
55 247
55 249
55 252
55 260
55 272
55 281
55 290
55 297
55 307
55 314
55 329
55 351
55 371
55 386
55 414
55 500
55 634
56 60
56 70
56 71
56 81
56 88
56 92
56 93
56 96
56 102
56 108
56 109
56 110
56 117
56 118
56 134
56 144
56 157
56 166
56 173
56 184
56 195
56 205
56 213
56 220
56 231
56 236
56 238
56 247
56 252
56 260
56 264
56 270
56 272
56 281
56 290
56 291
56 296
56 297
56 307
56 314
56 329
56 330
56 374
56 414
56 431
56 433
56 486
56 499
56 500
56 514
56 516
56 517
56 540
56 569
56 601
57 59
57 61
57 62
57 67
57 68
57 69
57 72
57 85
57 86
57 87
57 90
57 97
57 103
57 105
57 106
57 107
57 111
57 127
57 128
57 140
57 141
57 142
57 153
57 154
57 161
57 163
57 168
57 174
57 183
57 190
57 199
57 235
57 256
57 257
57 265
57 269
57 273
57 309
57 316
57 319
57 345
57 349
57 397
57 406
57 407
57 408
57 409
57 411
57 424
57 427
57 430
57 441
57 443
57 457
57 481
57 507
57 532
57 533
57 561
57 592
57 624
57 628
57 658
57 662
57 836
58 69
58 71
58 78
58 79
58 80
58 81
58 83
58 89
58 93
58 108
58 109
58 118
58 129
58 135
58 136
58 157
58 158
58 159
58 166
58 186
58 188
58 201
58 205
58 206
58 210
58 223
58 244
58 249
58 263
58 286
58 289
58 294
58 295
58 326
58 339
58 342
58 376
58 377
58 391
58 403
58 434
58 469
58 522
58 550
58 696
58 699
58 700
59 62
59 63
59 68
59 69
59 73
59 75
59 77
59 82
59 85
59 100
59 107
59 111
59 113
59 120
59 126
59 138
59 147
59 163
59 164
59 165
59 172
59 176
59 177
59 180
59 190
59 192
59 193
59 218
59 224
59 251
59 257
59 276
59 319
59 321
59 392
59 395
59 424
59 427
59 441
59 446
59 456
59 457
59 458
59 481
59 483
59 507
59 629
59 670
59 723
59 932
60 70
60 81
60 88
60 92
60 93
60 102
60 108
60 109
60 110
60 117
60 134
60 144
60 171
60 172
60 173
60 184
60 196
60 200
60 205
60 209
60 220
60 228
60 241
60 252
60 272
60 284
60 296
60 297
60 300
60 307
60 314
60 329
60 338
60 371
60 373
60 400
60 407
60 412
60 414
60 415
60 466
60 503
60 541
60 568
60 682
61 62
61 63
61 73
61 75
61 77
61 90
61 97
61 103
61 105
61 107
61 111
61 126
61 128
61 139
61 141
61 142
61 152
61 154
61 161
61 168
61 170
61 174
61 175
61 176
61 177
61 179
61 180
61 191
61 192
61 193
61 199
61 203
61 204
61 211
61 216
61 219
61 254
61 256
61 266
61 278
61 282
61 309
61 315
61 320
61 321
61 322
61 334
61 354
61 357
61 358
61 359
61 360
61 366
61 367
61 381
61 396
61 409
61 423
61 429
61 430
61 443
61 494
61 588
61 625
61 632
61 668
61 672
61 707
61 781
61 823
62 66
62 67
62 68
62 69
62 72
62 85
62 86
62 87
62 90
62 97
62 103
62 105
62 106
62 107
62 111
62 128
62 140
62 141
62 142
62 153
62 154
62 163
62 174
62 181
62 183
62 190
62 199
62 203
62 256
62 265
62 269
62 273
62 283
62 301
62 309
62 316
62 319
62 323
62 345
62 349
62 358
62 397
62 406
62 407
62 408
62 409
62 411
62 424
62 427
62 430
62 440
62 441
62 443
62 456
62 457
62 479
62 481
62 503
62 507
62 532
62 592
62 623
62 763
62 916
63 64
63 66
63 68
63 74
63 75
63 78
63 91
63 96
63 103
63 114
63 115
63 116
63 126
63 127
63 133
63 141
63 142
63 149
63 156
63 215
63 233
63 235
63 257
63 259
63 276
63 277
63 283
63 311
63 312
63 323
63 364
63 384
63 385
63 398
63 459
63 460
63 461
63 462
63 463
63 497
63 498
63 511
63 512
63 536
63 537
63 538
63 539
63 556
63 565
63 595
63 598
63 633
63 653
63 673
63 676
63 677
63 729
63 835
63 916
63 980
64 75
64 77
64 78
64 84
64 89
64 91
64 95
64 97
64 100
64 101
64 112
64 113
64 116
64 121
64 122
64 131
64 132
64 133
64 137
64 146
64 148
64 149
64 155
64 156
64 170
64 178
64 233
64 234
64 259
64 287
64 308
64 332
64 335
64 355
64 383
64 405
64 410
64 437
64 442
64 492
64 525
64 526
64 557
64 597
64 617
64 622
64 762
64 782
64 832
65 66
65 71
65 93
65 95
65 100
65 104
65 142
65 145
65 160
65 162
65 182
65 185
65 198
65 221
65 229
65 239
65 240
65 255
65 268
65 292
65 304
65 305
65 341
65 361
65 363
65 380
65 387
65 401
65 416
65 436
65 468
65 473
65 489
65 546
65 547
65 548
65 576
65 577
65 608
65 645
65 646
65 804
65 805
65 810
66 67
66 68
66 69
66 74
66 75
66 77
66 82
66 85
66 86
66 87
66 90
66 91
66 95
66 97
66 105
66 114
66 115
66 120
66 127
66 133
66 142
66 147
66 160
66 162
66 163
66 182
66 199
66 224
66 235
66 239
66 240
66 255
66 268
66 273
66 277
66 310
66 323
66 348
66 349
66 363
66 380
66 412
66 475
66 479
66 489
66 503
66 614
66 623
66 821
66 833
66 905
67 68
67 69
67 72
67 73
67 74
67 75
67 77
67 82
67 85
67 87
67 107
67 111
67 113
67 120
67 126
67 132
67 138
67 147
67 163
67 169
67 176
67 180
67 190
67 204
67 211
67 224
67 226
67 243
67 251
67 283
67 355
67 356
67 360
67 368
67 369
67 382
67 424
67 427
67 441
67 456
67 458
67 483
67 507
67 593
67 596
67 629
67 723
68 74
68 77
68 86
68 97
68 100
68 106
68 107
68 111
68 114
68 116
68 120
68 126
68 127
68 133
68 138
68 141
68 164
68 169
68 175
68 176
68 177
68 180
68 190
68 192
68 204
68 215
68 216
68 219
68 224
68 226
68 243
68 251
68 257
68 267
68 320
68 321
68 334
68 356
68 368
68 369
68 411
68 426
68 427
68 428
68 441
68 483
68 507
68 508
68 511
68 535
68 536
68 629
68 630
68 725
68 777
69 73
69 74
69 75
69 77
69 82
69 91
69 120
69 138
69 147
69 155
69 158
69 189
69 193
69 204
69 211
69 218
69 224
69 249
69 278
69 302
69 338
69 359
69 531
69 564
69 852
69 853
69 854
69 929
69 930
69 931
69 995
70 71
70 81
70 88
70 92
70 93
70 102
70 108
70 109
70 110
70 134
70 144
70 162
70 171
70 172
70 184
70 195
70 196
70 200
70 209
70 213
70 220
70 228
70 241
70 247
70 252
70 260
70 272
70 281
70 284
70 290
70 297
70 314
70 324
70 351
70 361
70 371
70 373
70 386
70 400
70 414
70 453
70 466
70 477
70 513
70 634
70 638
70 640
71 81
71 88
71 93
71 96
71 104
71 108
71 118
71 145
71 173
71 195
71 198
71 207
71 221
71 229
71 260
71 264
71 271
71 281
71 290
71 313
71 342
71 404
71 583
71 759
71 819
71 900
71 901
71 968
71 969
72 74
72 85
72 86
72 88
72 91
72 107
72 111
72 113
72 120
72 132
72 138
72 139
72 140
72 153
72 165
72 169
72 170
72 172
72 176
72 183
72 200
72 204
72 211
72 212
72 216
72 218
72 224
72 226
72 237
72 266
72 317
72 333
72 334
72 344
72 352
72 353
72 355
72 357
72 358
72 365
72 370
72 408
72 439
72 442
72 459
72 479
72 480
72 510
72 534
72 538
72 589
72 590
72 591
72 624
72 665
72 666
72 720
72 851
73 74
73 75
73 82
73 87
73 90
73 100
73 103
73 105
73 112
73 128
73 136
73 138
73 147
73 152
73 154
73 156
73 164
73 170
73 174
73 181
73 204
73 217
73 218
73 225
73 226
73 256
73 269
73 275
73 278
73 299
73 301
73 309
73 310
73 315
73 347
73 348
73 357
73 359
73 423
73 558
73 586
73 660
73 781
73 853
73 854
74 75
74 86
74 87
74 90
74 91
74 96
74 97
74 100
74 105
74 115
74 116
74 128
74 133
74 153
74 161
74 163
74 181
74 183
74 203
74 217
74 218
74 235
74 258
74 265
74 273
74 277
74 301
74 312
74 337
74 370
74 382
74 421
74 539
74 560
74 565
74 600
74 630
74 651
74 674
74 777
74 780
74 855
74 975
74 976
75 77
75 82
75 87
75 91
75 100
75 103
75 105
75 132
75 148
75 152
75 155
75 156
75 164
75 165
75 168
75 177
75 181
75 188
75 193
75 203
75 204
75 273
75 275
75 278
75 302
75 309
75 315
75 322
75 334
75 337
75 338
75 347
75 359
75 366
75 396
75 397
75 438
75 504
75 558
75 559
75 591
75 772
76 79
76 94
76 98
76 99
76 119
76 123
76 125
76 135
76 143
76 151
76 159
76 167
76 186
76 194
76 197
76 201
76 208
76 232
76 245
76 246
76 250
76 253
76 261
76 262
76 279
76 293
76 328
76 339
76 399
76 518
76 683
76 684
76 740
77 82
77 85
77 86
77 87
77 97
77 100
77 103
77 106
77 112
77 113
77 126
77 132
77 148
77 152
77 154
77 155
77 156
77 164
77 174
77 176
77 177
77 180
77 192
77 203
77 218
77 243
77 267
77 282
77 346
77 348
77 354
77 360
77 396
77 426
77 438
77 482
77 495
77 504
77 559
77 663
77 850
78 80
78 82
78 83
78 84
78 89
78 91
78 95
78 112
78 121
78 124
78 129
78 131
78 132
78 137
78 146
78 148
78 156
78 169
78 178
78 194
78 210
78 212
78 214
78 222
78 227
78 230
78 234
78 250
78 275
78 280
78 298
78 308
78 318
78 340
78 389
78 390
78 402
78 410
78 425
78 437
78 474
78 520
78 526
78 553
78 648
79 80
79 83
79 94
79 99
79 108
79 109
79 118
79 119
79 123
79 125
79 129
79 135
79 143
79 150
79 151
79 158
79 159
79 186
79 188
79 197
79 201
79 208
79 232
79 238
79 246
79 249
79 253
79 262
79 263
79 279
79 285
79 286
79 293
79 294
79 295
79 328
79 339
79 362
79 377
79 391
79 549
79 550
79 697
79 699
80 83
80 94
80 95
80 108
80 118
80 124
80 129
80 150
80 166
80 198
80 206
80 223
80 244
80 263
80 306
80 326
80 403
80 420
80 501
80 522
80 605
80 704
80 741
80 874
80 955
80 956
81 88
81 92
81 102
81 108
81 109
81 110
81 117
81 134
81 144
81 171
81 173
81 184
81 196
81 200
81 205
81 209
81 213
81 220
81 238
81 247
81 252
81 260
81 272
81 281
81 290
81 291
81 296
81 307
81 314
81 329
81 330
81 374
81 486
81 499
81 500
81 680
82 91
82 100
82 112
82 131
82 132
82 136
82 149
82 155
82 156
82 164
82 165
82 169
82 176
82 177
82 193
82 214
82 225
82 248
82 275
82 278
82 318
82 347
82 348
82 359
82 394
82 438
82 491
82 558
82 670
82 772
83 84
83 108
83 118
83 124
83 125
83 129
83 137
83 150
83 158
83 166
83 178
83 244
83 249
83 286
83 294
83 328
83 362
83 388
83 391
83 890
84 89
84 91
84 93
84 112
84 121
84 122
84 129
84 131
84 137
84 146
84 148
84 156
84 170
84 178
84 194
84 210
84 212
84 227
84 230
84 234
84 250
84 280
84 287
84 298
84 308
84 335
84 336
84 340
84 389
84 390
84 402
84 437
84 474
84 492
84 525
84 551
84 581
84 617
84 703
84 762
84 815
84 896
85 97
85 107
85 111
85 113
85 120
85 126
85 132
85 138
85 140
85 147
85 164
85 175
85 176
85 180
85 192
85 193
85 216
85 219
85 224
85 226
85 243
85 251
85 254
85 267
85 320
85 321
85 356
85 360
85 368
85 369
85 411
85 426
85 427
85 456
85 457
85 458
85 481
85 484
85 508
85 627
85 629
85 725
85 778
86 87
86 90
86 91
86 97
86 103
86 106
86 107
86 111
86 113
86 114
86 115
86 120
86 127
86 128
86 147
86 152
86 154
86 168
86 170
86 174
86 179
86 193
86 204
86 256
86 258
86 265
86 269
86 278
86 312
86 315
86 316
86 317
86 344
86 345
86 352
86 357
86 358
86 365
86 366
86 396
86 408
86 422
86 423
86 561
86 562
86 625
86 719
87 91
87 97
87 100
87 106
87 107
87 111
87 113
87 120
87 126
87 132
87 139
87 164
87 170
87 177
87 183
87 191
87 204
87 224
87 254
87 266
87 278
87 312
87 317
87 320
87 322
87 333
87 334
87 344
87 346
87 352
87 353
87 354
87 357
87 358
87 359
87 365
87 366
87 370
87 408
87 439
87 459
87 588
87 589
87 591
87 626
87 663
87 665
87 666
87 717
87 718
87 720
87 775
87 779
87 850
88 92
88 93
88 96
88 102
88 108
88 118
88 134
88 144
88 145
88 153
88 157
88 173
88 207
88 209
88 229
88 236
88 247
88 264
88 271
88 272
88 281
88 297
88 307
88 313
88 325
88 329
88 350
88 351
88 446
88 453
88 464
88 515
88 583
88 601
88 786
88 788
88 899
89 95
89 100
89 101
89 112
89 121
89 122
89 131
89 137
89 146
89 169
89 178
89 194
89 210
89 222
89 227
89 242
89 250
89 274
89 280
89 287
89 298
89 340
89 389
89 402
89 437
89 455
89 553
89 579
89 636
89 745
89 746
90 91
90 97
90 106
90 107
90 111
90 113
90 115
90 120
90 132
90 138
90 139
90 141
90 153
90 161
90 170
90 176
90 179
90 183
90 193
90 199
90 204
90 215
90 216
90 224
90 226
90 235
90 265
90 266
90 269
90 312
90 317
90 322
90 333
90 344
90 352
90 353
90 357
90 365
90 366
90 370
90 408
90 439
90 441
90 478
90 480
90 483
90 534
90 560
90 562
90 591
90 621
90 664
90 665
90 666
90 717
91 93
91 96
91 100
91 105
91 112
91 114
91 116
91 128
91 133
91 136
91 141
91 142
91 147
91 153
91 156
91 161
91 163
91 169
91 180
91 183
91 265
91 274
91 277
91 317
91 345
91 360
91 370
91 382
91 406
91 484
92 102
92 108
92 110
92 117
92 134
92 144
92 171
92 173
92 184
92 196
92 200
92 209
92 213
92 231
92 241
92 247
92 252
92 272
92 281
92 291
92 297
92 307
92 314
92 329
92 351
92 371
92 414
92 431
92 466
92 499
92 517
92 541
92 681
93 104
93 108
93 109
93 110
93 117
93 121
93 122
93 134
93 145
93 172
93 173
93 184
93 198
93 200
93 205
93 228
93 241
93 252
93 259
93 270
93 272
93 281
93 284
93 291
93 313
93 323
93 330
93 351
93 386
93 400
93 415
94 98
94 99
94 119
94 123
94 125
94 135
94 143
94 151
94 159
94 167
94 186
94 197
94 201
94 208
94 232
94 245
94 246
94 253
94 261
94 262
94 279
94 293
94 362
94 388
94 399
94 518
94 603
94 604
94 635
94 684
94 687
94 738
95 100
95 101
95 122
95 149
95 198
95 223
95 233
95 259
95 268
95 274
95 288
95 323
95 332
95 364
95 405
95 420
95 460
95 475
95 476
95 493
95 496
95 498
95 506
95 527
95 528
95 529
95 563
95 598
95 618
95 619
95 656
95 710
95 769
95 770
95 841
96 110
96 112
96 116
96 118
96 157
96 171
96 172
96 196
96 200
96 207
96 236
96 325
96 350
96 361
96 445
96 446
96 464
96 465
96 513
96 542
96 567
96 568
96 616
96 679
96 733
96 734
96 787
96 860
96 862
96 945
96 946
97 100
97 105
97 106
97 111
97 115
97 126
97 128
97 132
97 138
97 147
97 152
97 175
97 176
97 181
97 183
97 217
97 218
97 226
97 243
97 251
97 267
97 275
97 283
97 319
97 320
97 337
97 338
97 356
97 360
97 368
97 369
97 382
97 428
97 533
97 593
97 596
97 630
98 99
98 119
98 123
98 125
98 130
98 143
98 151
98 167
98 186
98 197
98 208
98 245
98 246
98 253
98 261
98 279
98 328
98 388
98 451
98 518
98 570
98 603
98 635
98 683
98 684
98 687
98 739
99 119
99 123
99 125
99 135
99 143
99 151
99 188
99 197
99 208
99 210
99 222
99 242
99 245
99 246
99 253
99 262
99 280
99 285
99 293
99 399
99 686
99 687
100 102
100 112
100 114
100 122
100 132
100 136
100 155
100 165
100 177
100 225
100 257
100 267
100 275
100 343
100 347
100 348
100 358
100 393
100 438
100 454
100 491
100 670
101 122
101 131
101 146
101 233
101 259
101 268
101 274
101 287
101 288
101 308
101 332
101 364
101 384
101 385
101 395
101 405
101 460
101 462
101 475
101 476
101 493
101 496
101 498
101 506
101 527
101 528
101 530
101 554
101 555
101 556
101 618
101 619
101 652
101 673
101 761
101 840
101 913
102 108
102 109
102 110
102 117
102 134
102 144
102 171
102 172
102 173
102 184
102 195
102 196
102 200
102 209
102 213
102 220
102 228
102 231
102 241
102 252
102 272
102 284
102 300
102 314
102 351
102 371
102 373
102 386
102 400
102 414
102 513
102 541
103 106
103 107
103 111
103 114
103 120
103 127
103 132
103 139
103 141
103 142
103 152
103 164
103 175
103 177
103 179
103 191
103 192
103 193
103 199
103 215
103 216
103 217
103 243
103 257
103 266
103 276
103 312
103 320
103 321
103 322
103 357
103 358
103 381
103 396
103 429
103 430
103 443
103 459
103 494
103 510
103 534
103 535
103 594
103 631
103 632
103 672
103 726
103 727
103 779
103 780
103 781
104 145
104 172
104 182
104 195
104 198
104 207
104 221
104 229
104 284
104 300
104 313
104 378
104 379
104 418
104 490
104 582
105 106
105 107
105 111
105 113
105 115
105 120
105 139
105 142
105 152
105 176
105 179
105 193
105 199
105 204
105 211
105 216
105 217
105 258
105 265
105 266
105 273
105 315
105 317
105 322
105 333
105 334
105 352
105 357
105 358
105 365
105 366
105 392
105 407
105 408
105 429
105 439
105 478
105 483
105 534
105 560
105 624
105 625
105 631
105 665
105 716
105 718
105 779
106 111
106 113
106 128
106 139
106 141
106 142
106 152
106 154
106 161
106 168
106 170
106 174
106 175
106 180
106 191
106 192
106 193
106 199
106 203
106 211
106 216
106 219
106 256
106 266
106 282
106 309
106 315
106 320
106 321
106 354
106 367
106 381
106 396
106 406
106 422
106 423
106 430
106 533
106 668
107 111
107 127
107 128
107 140
107 141
107 153
107 154
107 161
107 163
107 174
107 183
107 190
107 199
107 203
107 224
107 265
107 273
107 283
107 309
107 316
107 345
107 349
107 397
107 406
107 407
107 408
107 409
107 411
107 424
107 427
107 430
107 440
107 443
107 456
107 481
107 532
107 592
107 632
107 658
108 109
108 117
108 118
108 130
108 134
108 144
108 157
108 158
108 166
108 173
108 184
108 205
108 206
108 252
108 260
108 290
108 297
108 307
108 313
108 314
108 374
108 415
108 514
108 540
109 117
109 134
109 144
109 158
109 166
109 173
109 184
109 209
109 220
109 238
109 260
109 270
109 290
109 291
109 296
109 307
109 330
109 338
109 374
109 415
109 433
109 486
109 514
109 540
109 569
110 117
110 134
110 144
110 171
110 209
110 213
110 220
110 231
110 241
110 247
110 252
110 272
110 281
110 297
110 307
110 314
110 325
110 329
110 350
110 351
110 371
110 386
110 414
110 431
110 466
111 127
111 128
111 140
111 141
111 153
111 154
111 161
111 163
111 174
111 183
111 190
111 257
111 265
111 269
111 273
111 283
111 309
111 319
111 345
111 346
111 349
111 406
111 409
111 411
111 427
111 440
111 441
111 481
111 532
111 592
111 628
111 836
112 116
112 121
112 122
112 131
112 132
112 133
112 137
112 146
112 148
112 149
112 155
112 156
112 170
112 178
112 210
112 234
112 287
112 308
112 335
112 410
112 425
112 437
112 474
112 557
112 702
112 895
113 114
113 115
113 127
113 128
113 132
113 133
113 139
113 141
113 149
113 152
113 153
113 161
113 163
113 180
113 191
113 192
113 193
113 199
113 203
113 215
113 256
113 265
113 309
113 310
113 706
114 115
114 116
114 126
114 133
114 141
114 142
114 147
114 152
114 174
114 175
114 199
114 203
114 219
114 235
114 274
114 277
114 283
114 288
114 311
114 370
114 382
114 396
114 398
114 420
114 460
114 539
114 587
114 595
114 599
114 600
114 630
114 633
114 651
114 678
114 730
114 731
114 732
114 777
114 780
114 859
115 116
115 133
115 142
115 147
115 155
115 179
115 180
115 218
115 235
115 274
115 277
115 283
115 311
115 312
115 369
115 370
115 382
115 398
115 420
115 539
115 565
115 587
115 600
115 630
115 633
115 651
115 674
115 678
115 714
115 730
115 731
115 732
115 784
115 846
116 133
116 141
116 148
116 149
116 156
116 234
116 235
116 312
116 323
116 385
116 398
116 463
116 539
116 566
116 599
116 600
116 676
116 677
116 678
116 730
116 731
116 732
116 783
116 784
116 858
116 859
116 941
116 942
116 943
116 944
116 999
117 144
117 171
117 173
117 184
117 196
117 205
117 213
117 231
117 247
117 252
117 264
117 270
117 272
117 281
117 291
117 296
117 297
117 314
117 329
117 330
117 351
117 374
117 414
117 431
117 433
117 466
117 486
117 500
117 517
117 568
117 681
118 157
118 166
118 184
118 200
118 206
118 236
118 260
118 290
118 325
118 514
118 515
118 540
118 947
119 123
119 125
119 135
119 143
119 151
119 159
119 167
119 186
119 201
119 208
119 232
119 246
119 253
119 261
119 262
119 279
119 399
119 518
119 570
119 740
120 128
120 140
120 142
120 152
120 153
120 154
120 161
120 163
120 168
120 174
120 183
120 203
120 217
120 256
120 258
120 265
120 269
120 273
120 309
120 316
120 345
120 397
120 406
120 408
120 421
120 422
120 533
120 624
120 626
121 122
121 126
121 131
121 133
121 137
121 146
121 148
121 156
121 169
121 170
121 178
121 194
121 202
121 210
121 212
121 227
121 230
121 234
121 280
121 287
121 331
121 335
121 340
121 389
121 390
121 410
121 417
121 442
121 455
121 470
121 474
121 492
121 553
121 649
122 137
122 156
122 233
122 259
122 268
122 287
122 308
122 332
122 364
122 383
122 384
122 385
122 395
122 405
122 460
122 475
122 476
122 496
122 498
122 506
122 512
122 527
122 528
122 530
122 556
122 598
122 618
122 652
123 125
123 135
123 143
123 151
123 159
123 167
123 186
123 188
123 197
123 201
123 208
123 245
123 246
123 253
123 262
123 279
123 293
123 399
123 518
123 740
124 129
124 150
124 206
124 223
124 263
124 274
124 306
124 326
124 403
124 501
124 605
124 704
124 741
124 873
124 874
125 129
125 135
125 143
125 151
125 159
125 186
125 197
125 201
125 245
125 246
125 253
125 262
125 293
125 328
125 399
125 518
125 603
125 684
125 686
126 131
126 138
126 140
126 148
126 156
126 169
126 177
126 190
126 251
126 319
126 343
126 346
126 348
126 353
126 368
126 478
126 508
126 613
126 627
126 724
126 778
126 820
126 903
126 904
127 132
127 139
127 141
127 142
127 154
127 155
127 168
127 170
127 174
127 175
127 176
127 180
127 191
127 192
127 193
127 199
127 211
127 216
127 219
127 254
127 267
127 282
127 289
127 312
127 321
127 322
127 356
127 381
127 429
127 443
127 706
128 138
128 139
128 141
128 147
128 170
128 179
128 183
128 193
128 199
128 215
128 216
128 224
128 266
128 278
128 311
128 317
128 322
128 333
128 344
128 352
128 353
128 365
128 370
128 408
128 478
128 480
128 534
128 560
128 589
128 590
128 591
128 625
128 631
128 776
128 849
129 210
129 234
129 263
129 328
129 362
129 743
129 958
130 158
130 166
130 249
130 294
130 295
130 377
130 434
130 550
130 578
130 647
130 697
130 754
130 812
130 891
130 892
130 966
131 136
131 137
131 146
131 148
131 156
131 169
131 178
131 194
131 210
131 214
131 222
131 227
131 234
131 250
131 280
131 287
131 308
131 331
131 335
131 336
131 340
131 389
131 390
131 402
131 437
131 442
131 455
131 492
131 520
131 526
131 552
131 611
132 137
132 139
132 148
132 155
132 156
132 163
132 164
132 165
132 174
132 177
132 190
132 226
132 243
132 275
132 320
132 335
132 344
132 348
132 491
133 147
133 148
133 149
133 156
133 164
133 219
133 235
133 311
133 312
133 323
133 382
133 385
133 398
133 565
133 674
133 676
133 728
133 782
133 857
133 933
134 144
134 171
134 172
134 173
134 184
134 196
134 209
134 213
134 220
134 247
134 272
134 297
134 307
134 314
134 351
134 500
134 634
135 143
135 151
135 159
135 167
135 186
135 197
135 201
135 208
135 232
135 253
135 261
135 262
135 279
135 286
135 328
135 339
135 388
136 169
136 189
136 214
136 225
136 230
136 248
136 318
136 343
136 393
136 394
136 435
136 454
136 467
136 472
136 520
136 558
136 650
136 882
137 146
137 148
137 156
137 169
137 178
137 194
137 202
137 210
137 212
137 222
137 227
137 230
137 234
137 280
137 287
137 308
137 331
137 340
137 389
137 390
137 402
137 410
137 417
137 425
137 437
137 474
137 552
137 553
138 140
138 153
138 161
138 163
138 181
138 183
138 190
138 217
138 251
138 256
138 265
138 269
138 301
138 319
138 346
138 368
138 411
138 427
138 508
138 532
138 592
138 613
138 627
138 661
138 836
139 152
139 153
139 154
139 164
139 168
139 179
139 191
139 203
139 215
139 256
139 269
139 276
139 278
139 309
139 315
139 321
139 322
139 357
139 358
139 366
139 367
139 381
139 396
139 406
139 421
139 422
139 424
139 494
139 533
139 591
139 763
139 773
139 922
140 153
140 176
140 180
140 190
140 192
140 211
140 215
140 224
140 226
140 251
140 258
140 317
140 319
140 353
140 360
140 369
140 411
140 428
140 458
140 480
140 481
140 483
141 142
141 154
141 168
141 174
141 175
141 177
141 179
141 191
141 192
141 199
141 215
141 216
141 217
141 254
141 320
141 354
141 409
141 422
141 510
142 154
142 162
142 163
142 168
142 174
142 179
142 182
142 203
142 224
142 269
142 311
142 312
142 412
142 422
142 424
142 533
142 539
142 594
142 631
142 714
142 845
143 159
143 167
143 186
143 201
143 208
143 232
143 245
143 253
143 261
143 262
143 279
143 293
143 328
143 339
143 388
143 451
143 604
144 171
144 172
144 173
144 184
144 196
144 200
144 213
144 220
144 231
144 247
144 252
144 272
144 291
144 329
144 431
144 432
144 499
144 500
144 516
144 517
144 869
145 162
145 172
145 182
145 195
145 198
145 207
145 221
145 228
145 229
145 240
145 241
145 264
145 284
145 300
145 313
145 341
145 372
145 378
145 379
145 404
145 418
145 436
145 444
145 445
145 473
145 490
145 502
145 523
145 582
145 584
146 156
146 178
146 194
146 210
146 212
146 222
146 227
146 230
146 234
146 250
146 280
146 289
146 298
146 331
146 332
146 340
146 389
146 390
146 402
146 520
146 553
146 611
146 701
146 702
147 155
147 161
147 176
147 180
147 192
147 219
147 235
147 254
147 282
147 321
147 356
147 360
147 381
147 495
147 706
148 149
148 155
148 156
148 169
148 178
148 182
148 202
148 234
148 287
148 308
148 335
148 410
148 470
148 552
148 559
149 233
149 259
149 308
149 323
149 335
149 364
149 368
149 384
149 385
149 461
149 462
149 463
149 492
149 512
149 677
149 728
149 782
149 834
150 206
150 223
150 244
150 263
150 306
150 326
150 501
150 522
150 571
150 605
150 741
151 159
151 167
151 186
151 197
151 208
151 232
151 245
151 246
151 253
151 261
151 262
151 279
151 286
151 293
151 388
151 753
152 154
152 164
152 168
152 174
152 179
152 191
152 193
152 203
152 204
152 211
152 215
152 216
152 243
152 269
152 278
152 321
152 334
152 357
152 359
152 366
152 367
152 381
152 392
152 422
152 424
152 535
152 657
152 668
152 717
152 848
153 170
153 181
153 193
153 217
153 237
153 258
153 265
153 266
153 273
153 316
153 317
153 333
153 337
153 344
153 345
153 352
153 353
153 355
153 365
153 370
153 439
153 478
153 776
154 175
154 177
154 179
154 191
154 192
154 211
154 215
154 216
154 243
154 266
154 315
154 334
154 357
154 367
154 392
154 409
154 423
154 429
154 430
154 458
154 459
154 494
154 535
154 626
154 672
154 721
155 156
155 164
155 177
155 192
155 243
155 254
155 310
155 348
155 354
155 392
155 822
155 850
155 972
155 973
156 165
156 169
156 178
156 233
156 234
156 275
156 287
156 308
156 410
156 425
156 426
156 474
156 552
156 557
156 597
157 166
157 184
157 200
157 236
157 260
157 290
157 325
157 350
157 446
157 515
157 601
157 788
157 948
158 159
158 166
158 186
158 188
158 201
158 206
158 263
158 286
158 295
158 326
158 328
158 362
158 377
158 391
158 403
158 522
158 647
159 186
159 197
159 208
159 232
159 245
159 246
159 249
159 261
159 279
159 293
159 294
159 295
159 339
159 399
159 451
159 791
160 162
160 239
160 240
160 255
160 284
160 292
160 304
160 305
160 327
160 341
160 363
160 379
160 380
160 387
160 401
160 416
160 468
160 489
160 547
160 576
160 577
160 609
160 644
160 645
160 646
160 751
160 808
160 809
160 886
161 170
161 174
161 193
161 204
161 212
161 215
161 216
161 224
161 258
161 265
161 311
161 316
161 333
161 344
161 352
161 353
161 365
161 408
161 439
161 459
161 478
161 560
161 662
161 776
162 185
162 198
162 221
162 239
162 240
162 255
162 268
162 292
162 304
162 327
162 341
162 363
162 380
162 387
162 401
162 468
162 473
162 489
162 502
162 576
162 577
162 608
162 644
162 645
162 646
163 176
163 180
163 211
163 219
163 224
163 226
163 276
163 277
163 283
163 344
163 382
163 458
163 478
163 596
163 715
163 723
164 203
164 218
164 243
164 302
164 346
164 370
164 396
164 422
164 426
164 482
164 495
164 510
164 559
164 828
165 169
165 189
165 202
165 248
165 275
165 335
165 343
165 358
165 394
165 419
165 438
165 454
165 467
165 491
165 519
165 520
165 670
165 722
166 173
166 184
166 205
166 206
166 238
166 249
166 270
166 296
166 330
166 374
166 391
166 514
166 540
166 602
167 169
167 197
167 208
167 212
167 214
167 225
167 248
167 261
167 279
167 299
167 318
167 336
167 375
167 472
167 544
167 872
168 175
168 177
168 179
168 191
168 192
168 193
168 199
168 204
168 215
168 217
168 254
168 257
168 266
168 276
168 309
168 320
168 322
168 334
168 354
168 357
168 358
168 366
168 381
168 396
168 430
168 443
168 494
168 620
169 194
169 202
169 214
169 218
169 225
169 275
169 299
169 336
169 368
169 410
169 520
170 183
170 257
170 265
170 316
170 319
170 345
170 355
170 397
170 406
170 442
170 474
170 492
170 561
170 622
170 662
171 196
171 209
171 213
171 220
171 247
171 252
171 272
171 284
171 297
171 307
171 371
171 682
172 182
172 198
172 200
172 207
172 221
172 284
172 297
172 300
172 324
172 325
172 350
172 379
172 465
172 485
172 788
173 184
173 205
173 209
173 220
173 238
173 260
173 270
173 290
173 291
173 330
173 374
173 415
173 433
174 175
174 179
174 191
174 192
174 199
174 211
174 215
174 216
174 266
174 278
174 321
174 354
174 367
174 510
174 535
174 590
174 717
174 781
175 176
175 179
175 191
175 192
175 193
175 199
175 211
175 215
175 216
175 219
175 257
175 276
175 310
175 356
175 392
175 424
175 484
175 494
175 509
175 510
175 620
175 653
175 726
176 180
176 219
176 257
176 276
176 310
176 320
176 356
176 392
177 203
177 215
177 344
177 346
177 504
177 663
177 775
178 194
178 202
178 210
178 212
178 227
178 230
178 234
178 250
178 280
178 298
178 340
178 389
178 402
178 437
178 492
178 525
178 551
178 581
178 617
178 815
179 191
179 192
179 193
179 199
179 203
179 211
179 216
179 217
179 256
179 309
179 320
179 322
179 334
179 358
179 367
179 381
179 396
179 424
179 430
179 443
179 672
180 190
180 192
180 219
180 257
180 276
180 310
180 311
180 319
180 320
180 392
180 484
180 504
180 509
180 620
181 193
181 204
181 217
181 218
181 256
181 301
181 315
181 333
181 337
181 352
181 428
181 531
181 660
181 669
181 712
182 195
182 198
182 207
182 221
182 224
182 241
182 284
182 300
182 372
182 378
182 379
182 418
182 440
182 575
182 692
182 693
182 800
182 801
183 224
183 258
183 265
183 266
183 316
183 338
183 344
183 345
183 353
183 365
183 370
183 562
183 621
183 927
184 205
184 213
184 231
184 247
184 270
184 281
184 290
184 291
184 296
184 330
184 433
184 486
185 221
185 292
185 473
185 502
185 548
185 752
185 811
185 889
185 965
186 197
186 201
186 208
186 232
186 245
186 246
186 249
186 279
186 286
186 293
186 294
186 339
186 685
186 792
187 202
187 234
187 331
187 410
187 417
187 452
187 470
187 524
187 552
187 612
187 757
187 814
188 249
188 285
188 286
188 294
189 225
189 248
189 275
189 299
189 318
189 343
189 375
189 376
189 393
189 394
189 435
189 449
189 450
189 454
189 472
189 544
189 797
190 211
190 224
190 226
190 243
190 251
190 269
190 283
190 321
190 346
190 411
190 412
190 427
190 440
190 441
190 456
190 457
190 481
190 532
190 592
191 192
191 193
191 203
191 211
191 215
191 216
191 256
191 257
191 276
191 315
191 321
191 358
191 396
191 422
191 424
191 494
191 509
191 510
191 533
191 620
191 653
191 726
192 199
192 215
192 254
192 257
192 276
192 282
192 310
192 320
192 424
192 429
192 509
193 217
193 265
193 266
193 337
194 210
194 212
194 222
194 230
194 280
194 390
194 521
194 580
194 611
194 648
194 755
194 756
195 207
195 229
195 300
195 313
195 378
195 404
195 418
195 471
195 477
195 490
195 523
195 584
195 705
195 758
195 817
195 818
195 898
196 213
196 220
196 297
196 307
196 314
196 329
196 414
197 201
197 232
197 245
197 253
197 261
197 262
197 339
197 570
197 872
198 206
198 207
198 221
198 229
198 292
198 436
198 446
198 473
198 487
198 502
198 548
199 203
199 215
199 219
199 266
199 311
199 349
199 409
199 440
199 443
199 659
200 236
200 325
200 350
200 386
200 444
200 601
200 970
200 971
201 208
201 232
201 245
201 246
201 249
201 279
201 286
201 293
201 294
201 295
201 399
201 451
201 683
202 230
202 234
202 299
202 331
202 336
202 417
202 452
202 470
202 524
202 552
202 612
202 649
202 757
202 814
203 204
203 216
203 266
203 320
203 322
203 334
203 359
203 367
203 381
203 429
203 494
204 217
204 273
204 309
204 315
204 337
204 346
204 396
204 397
204 423
204 559
204 668
205 238
205 247
205 270
205 291
205 296
205 330
205 374
205 415
205 433
206 221
206 223
206 306
206 326
206 403
206 522
206 704
207 221
207 300
207 386
207 444
207 464
207 523
207 567
207 616
207 860
207 946
207 967
208 232
208 246
208 253
208 261
208 339
208 739
209 213
209 220
209 247
209 252
209 281
209 314
209 329
210 227
210 250
210 280
210 289
210 340
210 389
210 455
211 226
211 243
211 269
211 282
211 357
211 406
211 429
211 615
211 824
212 222
212 230
212 336
212 390
212 521
212 580
212 756
213 231
213 247
213 252
213 272
213 281
213 297
213 329
213 351
213 431
214 225
214 248
214 299
214 318
214 419
214 472
214 505
214 637
214 691
214 747
214 798
215 216
215 217
215 219
215 254
215 266
215 269
215 320
215 354
215 367
215 381
216 235
216 266
216 269
216 276
216 309
216 406
217 219
217 243
217 278
217 301
217 322
217 357
217 422
217 423
217 429
217 535
217 594
217 717
218 278
218 337
218 425
218 426
218 564
218 586
218 667
218 771
218 843
219 257
219 266
219 276
219 310
219 392
219 509
220 307
220 329
220 351
220 371
220 414
221 229
221 418
221 473
221 502
221 548
221 607
221 642
221 643
221 694
222 242
222 280
223 263
223 274
223 306
223 326
223 362
223 403
224 316
224 427
224 457
224 905
225 248
225 251
225 275
225 347
225 368
225 393
225 394
225 419
225 449
225 491
225 505
225 519
226 243
226 278
226 282
226 311
226 319
226 411
226 429
226 615
226 672
226 826
227 242
227 250
227 274
227 298
227 340
227 389
227 455
227 493
227 579
227 636
227 881
228 241
228 300
228 324
228 372
228 379
228 400
228 444
228 445
228 567
228 574
228 638
228 639
228 640
229 313
229 962
229 963
230 390
230 521
230 580
230 756
230 813
230 894
231 252
231 270
231 281
231 291
231 431
231 432
231 499
231 516
231 517
231 681
231 737
232 245
232 246
232 279
232 376
232 399
232 448
232 451
232 469
232 698
233 259
233 323
233 383
233 384
233 461
233 462
233 537
233 597
233 934
233 935
233 936
233 996
234 331
234 368
234 417
234 470
234 474
234 492
234 524
234 525
234 551
234 581
234 617
234 703
235 269
235 277
235 311
235 398
235 599
235 908
236 260
236 290
236 325
236 515
236 601
236 948
237 338
237 680
237 954
239 240
239 255
239 292
239 304
239 305
239 341
239 363
239 380
239 387
239 416
239 468
239 489
239 546
239 547
239 577
239 608
239 645
239 646
239 805
240 255
240 292
240 304
240 305
240 327
240 341
240 363
240 380
240 387
240 401
240 468
240 473
240 489
240 576
240 608
240 609
240 644
240 750
240 887
241 297
241 300
241 324
241 351
241 400
241 638
241 639
241 748
241 799
242 250
242 280
242 285
242 298
242 881
243 344
243 346
243 429
243 531
243 615
243 664
244 326
244 949
245 246
245 253
245 262
245 279
245 388
246 253
246 279
246 328
246 518
247 270
247 291
247 307
247 432
247 499
248 299
248 318
248 343
248 375
248 376
248 448
248 449
248 450
248 472
248 544
248 572
248 573
249 263
249 286
249 295
249 339
249 377
249 391
249 647
249 697
250 274
250 289
250 298
250 340
250 389
250 455
250 553
250 579
250 636
251 269
251 319
251 368
251 478
251 481
251 508
251 613
251 724
252 307
252 431
252 432
253 262
253 388
254 257
254 346
254 348
254 354
254 438
254 484
254 504
254 772
254 822
254 823
255 304
255 305
255 327
255 363
255 380
255 387
255 401
255 468
255 489
255 577
255 644
255 646
255 809
255 886
256 367
256 531
257 282
257 348
257 355
257 356
257 360
257 367
257 381
257 974
258 317
258 333
258 365
258 439
258 480
258 534
258 560
258 587
258 594
258 662
258 774
258 928
259 383
259 461
259 463
259 497
259 512
259 537
259 538
259 597
259 729
259 997
260 271
260 342
260 515
260 601
261 279
261 635
261 696
262 293
263 501
263 688
263 743
263 868
264 270
264 271
264 290
264 296
264 330
264 342
264 583
264 819
265 352
266 309
266 408
266 409
266 422
266 430
266 533
267 346
267 360
267 369
267 426
267 428
267 482
267 495
267 535
267 721
268 355
268 364
268 475
268 476
268 498
268 506
268 563
268 764
269 278
269 315
269 423
269 669
270 291
270 374
270 415
270 433
270 514
270 540
270 569
270 602
271 290
271 342
271 583
271 759
271 760
271 819
271 900
272 329
273 322
273 334
273 359
273 366
273 562
273 621
274 288
274 420
274 493
274 985
275 347
275 558
276 282
276 321
276 334
276 356
276 381
277 283
277 311
277 312
277 565
277 587
277 835
277 915
278 359
278 441
279 293
279 339
279 791
281 432
282 302
282 392
282 484
282 494
282 504
282 509
282 510
282 653
282 726
283 311
283 835
284 300
284 379
284 713
284 801
285 744
285 879
286 294
286 451
286 700
287 308
287 332
287 437
287 526
287 832
287 952
288 420
288 529
288 554
288 555
288 585
288 654
288 655
288 765
288 766
288 767
288 768
288 838
288 839
288 918
288 920
288 921
289 389
290 296
290 342
290 515
291 432
291 486
291 736
291 737
292 304
292 305
292 327
292 387
292 473
292 502
292 608
292 644
292 803
292 804
292 885
293 328
294 295
294 377
294 391
294 434
294 610
295 391
295 434
295 469
295 550
295 610
295 698
296 374
296 433
296 514
296 540
296 569
298 340
298 579
298 636
299 336
299 343
299 375
299 393
299 435
299 450
299 454
299 472
299 572
299 606
300 324
300 379
300 445
300 567
300 616
301 315
301 337
301 352
301 660
301 711
302 360
302 426
302 482
302 495
302 716
302 906
303 307
303 350
303 680
303 870
304 305
304 327
304 387
304 416
304 473
304 546
304 548
304 644
304 750
305 327
305 363
305 387
305 416
305 468
305 547
305 577
305 750
305 807
306 326
306 403
306 741
306 873
306 957
308 474
308 830
308 831
309 322
309 352
309 624
309 631
310 356
310 494
310 510
310 706
311 312
311 370
311 382
311 407
311 908
312 420
312 539
312 587
312 774
313 404
313 418
313 453
313 471
313 523
313 584
315 322
315 334
315 337
315 366
315 367
315 494
316 317
316 344
316 365
316 480
316 534
316 774
317 345
317 397
317 439
317 480
317 561
317 621
317 715
318 419
318 505
318 637
318 691
318 747
318 798
318 884
319 321
319 355
319 599
319 622
320 346
320 443
320 504
320 653
321 411
322 346
322 397
322 407
322 504
323 385
323 462
323 463
323 497
323 503
323 538
323 676
324 361
324 372
324 444
324 574
324 639
324 640
324 799
325 350
325 373
325 542
325 568
325 786
326 391
326 403
326 501
326 571
326 876
327 387
327 416
327 468
327 546
327 547
327 608
327 805
328 388
328 549
330 374
330 415
330 569
331 417
331 452
331 470
331 524
332 405
332 496
332 527
332 530
332 829
332 912
332 978
333 337
333 365
333 561
333 662
333 847
333 994
334 346
334 397
334 504
334 559
336 368
336 390
336 649
337 352
337 428
337 712
339 451
339 685
340 389
340 402
340 701
340 702
341 380
341 401
341 609
341 695
341 806
342 759
342 760
342 899
342 901
343 393
343 419
343 435
343 449
343 454
344 345
344 397
344 406
345 352
345 353
345 365
345 370
345 562
346 354
346 366
346 369
346 625
347 419
347 438
347 491
347 627
349 440
350 446
350 464
350 465
350 541
350 542
350 733
350 862
351 371
352 406
353 406
353 478
353 561
354 443
354 504
354 653
355 442
355 492
356 484
356 507
357 396
357 423
357 429
358 367
359 397
361 372
361 444
361 513
361 574
361 671
362 549
362 689
362 878
363 380
363 387
363 489
363 577
363 646
363 809
364 384
364 460
364 498
364 528
364 673
364 708
364 709
364 837
365 397
365 439
365 666
366 397
367 396
367 422
367 620
368 478
368 613
370 397
372 379
372 513
372 574
372 671
372 713
373 444
373 445
373 465
373 902
375 393
375 435
375 449
375 450
375 467
375 572
375 606
376 448
376 450
376 469
376 573
376 690
376 883
377 434
377 550
377 647
377 812
378 418
379 444
379 490
379 582
379 713
379 801
380 401
380 489
380 503
380 576
380 645
381 593
382 565
382 596
382 728
383 556
383 597
383 934
383 936
384 460
384 462
384 498
384 556
384 598
384 673
385 461
385 462
385 463
385 497
385 512
385 537
385 675
385 677
385 917
386 444
386 816
386 897
387 416
387 808
388 399
388 603
389 402
389 701
390 702
391 698
391 699
391 893
393 449
393 472
393 572
394 419
394 454
395 405
395 496
395 527
395 530
395 761
398 599
398 600
398 678
398 731
398 732
398 784
400 638
400 639
400 748
400 799
401 576
401 695
401 713
401 751
401 827
401 888
402 553
402 701
402 702
403 501
403 571
403 605
403 704
404 453
404 471
404 523
405 496
405 527
405 530
405 709
410 425
410 552
412 614
412 821
413 485
413 789
415 602
416 436
416 546
416 547
416 810
417 452
417 470
417 524
419 505
419 519
419 637
419 691
420 493
420 529
420 554
420 555
420 654
420 655
421 459
421 534
421 657
421 716
423 854
423 929
423 930
425 557
429 825
431 432
432 499
432 516
432 517
432 736
432 737
434 578
434 697
434 754
436 487
436 545
436 548
436 607
436 641
436 749
437 525
437 526
439 715
440 456
445 567
445 616
445 902
447 543
447 742
447 877
448 450
448 573
449 467
449 519
450 544
450 573
452 470
452 524
452 757
453 471
457 483
457 507
457 628
459 511
459 536
459 595
459 633
460 462
460 512
460 556
460 598
461 462
461 463
461 497
461 512
461 537
461 675
462 463
462 498
462 512
462 598
463 512
463 677
464 616
467 519
468 807
469 883
469 961
470 524
471 584
472 544
473 502
473 548
475 656
475 769
476 506
476 618
476 619
476 770
476 840
477 488
477 523
477 818
479 503
479 623
479 833
479 914
480 621
480 849
480 928
485 568
485 789
487 545
487 607
487 641
487 643
487 749
487 802
488 705
488 758
488 817
488 818
490 582
492 857
496 498
496 530
497 537
497 538
497 675
497 676
497 729
498 598
501 571
503 623
503 833
503 914
504 779
505 637
505 691
505 747
506 618
506 619
506 656
508 613
508 627
511 595
519 650
521 580
521 611
521 612
521 755
525 551
526 701
526 953
527 530
527 829
528 618
528 840
528 982
528 983
529 554
529 555
529 585
529 655
529 768
531 844
534 910
535 721
537 538
537 675
537 729
538 675
539 587
539 774
542 862
545 641
545 749
545 802
547 810
548 641
550 610
551 581
554 555
554 585
554 655
554 768
555 585
555 768
559 564
561 847
562 621
563 710
563 764
563 841
564 667
564 771
564 842
564 924
566 783
566 858
566 937
566 938
566 939
566 942
566 998
567 574
567 827
571 793
571 875
573 690
575 692
575 693
575 800
576 645
578 610
580 648
580 755
585 655
585 918
585 984
586 667
586 843
586 986
593 715
594 846
597 935
599 600
599 730
607 642
607 643
607 694
609 964
612 814
613 820
614 821
615 907
619 710
619 770
639 748
641 749
642 643
642 694
647 812
648 756
654 765
654 766
654 839
655 765
656 769
667 771
667 853
674 728
674 933
692 693
692 800
695 806
695 867
695 888
699 893
705 898
708 709
710 770
714 909
719 720
734 735
734 863
735 785
735 863
744 879
745 746
745 794
746 794
752 811
758 817
765 766
766 839
767 838
767 919
767 920
783 939
783 940
785 787
785 865
785 866
790 793
790 876
803 885
806 867
811 889
813 894
816 897
830 831
838 921
852 931
855 856
863 865
864 875
866 945
880 959
913 979
917 981
937 938
940 941
943 944
