0 1
0 2
0 3
0 4
0 6
0 7
0 11
0 13
0 20
0 21
0 23
0 24
0 32
0 33
0 35
0 37
0 38
0 41
0 51
0 52
0 57
0 58
0 60
0 63
0 66
0 67
0 68
0 71
0 76
0 94
0 102
0 106
0 109
0 112
0 114
0 128
0 135
0 137
0 157
0 160
0 162
0 163
0 187
0 194
0 195
0 211
0 215
0 218
0 219
0 220
0 233
0 237
0 246
0 256
0 261
0 310
0 318
0 345
0 353
0 358
0 369
0 378
0 380
0 398
0 401
0 408
0 416
0 430
0 435
0 439
0 453
0 457
0 494
0 501
0 514
0 516
0 528
0 536
0 544
0 545
0 581
0 586
0 603
0 611
0 628
0 629
0 640
0 642
0 643
0 648
0 652
0 682
0 683
0 693
0 729
0 741
0 744
0 769
0 790
0 812
0 821
0 830
0 832
0 865
0 875
0 877
0 893
0 902
0 917
0 918
0 922
0 942
0 960
0 964
0 987
1 2
1 3
1 7
1 9
1 15
1 22
1 23
1 25
1 48
1 56
1 67
1 69
1 75
1 82
1 85
1 92
1 96
1 108
1 132
1 140
1 161
1 163
1 179
1 184
1 189
1 205
1 208
1 212
1 231
1 238
1 250
1 259
1 283
1 287
1 304
1 312
1 313
1 323
1 324
1 330
1 334
1 335
1 355
1 382
1 399
1 402
1 418
1 422
1 437
1 440
1 445
1 447
1 478
1 491
1 496
1 498
1 519
1 522
1 572
1 576
1 610
1 611
1 613
1 621
1 623
1 645
1 658
1 659
1 684
1 687
1 694
1 699
1 713
1 720
1 755
1 763
1 768
1 781
1 784
1 804
1 809
1 816
1 840
1 843
1 855
1 864
1 871
1 903
1 918
1 930
1 940
1 944
1 977
1 991
2 4
2 5
2 10
2 11
2 13
2 14
2 24
2 25
2 28
2 31
2 42
2 43
2 55
2 66
2 78
2 79
2 81
2 83
2 87
2 89
2 99
2 101
2 105
2 107
2 115
2 126
2 129
2 142
2 150
2 153
2 154
2 167
2 170
2 179
2 198
2 201
2 206
2 208
2 209
2 216
2 231
2 234
2 267
2 278
2 280
2 288
2 289
2 304
2 322
2 325
2 340
2 344
2 356
2 364
2 369
2 373
2 397
2 417
2 419
2 426
2 443
2 449
2 450
2 488
2 492
2 494
2 499
2 503
2 509
2 510
2 511
2 561
2 573
2 593
2 597
2 602
2 609
2 640
2 641
2 664
2 672
2 704
2 716
2 722
2 724
2 748
2 755
2 764
2 793
2 796
2 801
2 821
2 860
2 870
2 907
2 944
2 971
3 5
3 6
3 8
3 9
3 10
3 18
3 22
3 26
3 27
3 29
3 31
3 39
3 45
3 46
3 48
3 57
3 70
3 75
3 76
3 77
3 98
3 112
3 116
3 117
3 119
3 133
3 136
3 141
3 144
3 147
3 148
3 149
3 151
3 159
3 167
3 168
3 173
3 188
3 189
3 194
3 197
3 199
3 200
3 204
3 217
3 221
3 223
3 226
3 227
3 228
3 252
3 256
3 258
3 263
3 268
3 269
3 271
3 295
3 301
3 303
3 329
3 345
3 360
3 374
3 383
3 388
3 391
3 400
3 405
3 412
3 413
3 441
3 446
3 451
3 453
3 479
3 495
3 498
3 508
3 514
3 552
3 561
3 567
3 581
3 582
3 594
3 603
3 610
3 617
3 628
3 631
3 639
3 670
3 692
3 720
3 722
3 727
3 728
3 740
3 743
3 751
3 753
3 758
3 762
3 772
3 783
3 799
3 810
3 816
3 844
3 859
3 867
3 873
3 890
3 892
3 907
3 947
3 953
3 959
3 963
3 978
3 979
3 980
3 992
4 16
4 34
4 73
4 80
4 106
4 113
4 146
4 147
4 166
4 177
4 196
4 214
4 291
4 299
4 305
4 327
4 335
4 337
4 566
4 571
4 595
4 598
4 696
4 736
4 794
4 833
4 845
4 915
4 920
4 931
4 959
4 960
4 968
4 970
4 978
4 992
5 8
5 12
5 19
5 27
5 47
5 64
5 86
5 116
5 124
5 161
5 164
5 181
5 207
5 211
5 224
5 267
5 299
5 348
5 395
5 466
5 534
5 680
5 745
5 808
5 815
5 874
5 895
5 965
6 14
6 18
6 20
6 33
6 42
6 44
6 151
6 165
6 196
6 221
6 243
6 272
6 332
6 357
6 363
6 385
6 397
6 517
6 574
6 629
6 671
6 775
6 852
7 95
7 104
8 12
8 16
8 36
8 40
8 77
8 138
8 157
8 186
8 203
8 273
8 331
8 353
8 413
8 419
8 424
8 570
8 604
8 688
8 823
8 861
8 862
8 927
9 45
9 638
9 757
9 846
10 15
10 17
10 19
10 59
10 88
10 89
10 110
10 118
10 143
10 156
10 166
10 239
10 243
10 264
10 282
10 284
10 297
10 303
10 307
10 308
10 321
10 336
10 341
10 354
10 367
10 393
10 545
10 559
10 586
10 614
10 630
10 632
10 657
10 706
10 761
10 766
10 824
10 880
10 925
10 935
10 998
11 28
11 29
11 41
11 81
11 145
11 171
11 172
11 222
11 261
11 275
11 386
11 529
11 536
11 596
11 618
11 645
11 663
11 691
11 810
11 919
11 923
11 940
11 950
11 964
13 93
13 104
13 131
13 274
13 835
14 65
14 708
14 892
15 17
15 35
15 36
15 47
15 55
15 56
15 61
15 62
15 83
15 92
15 117
15 130
15 140
15 145
15 172
15 195
15 225
15 251
15 278
15 285
15 286
15 292
15 293
15 319
15 344
15 359
15 367
15 403
15 418
15 434
15 441
15 481
15 489
15 508
15 528
15 529
15 613
15 620
15 637
15 656
15 658
15 662
15 664
15 706
15 709
15 743
15 819
15 820
15 855
15 862
15 863
15 885
15 886
15 933
15 975
16 108
16 153
16 301
16 715
16 826
17 21
17 26
17 34
17 49
17 50
17 51
17 107
17 128
17 135
17 148
17 149
17 158
17 191
17 212
17 245
17 270
17 302
17 311
17 323
17 362
17 368
17 487
17 499
17 521
17 524
17 560
17 571
17 673
17 679
17 710
17 775
17 788
17 858
17 869
17 957
18 30
18 103
18 975
19 88
19 118
19 120
19 130
19 188
19 223
19 253
19 324
19 349
19 373
19 477
19 481
19 482
19 485
19 510
19 579
19 592
19 642
19 711
19 813
19 838
19 857
19 867
19 953
19 968
21 32
21 38
21 39
21 40
21 46
21 52
21 53
21 59
21 61
21 64
21 73
21 85
21 94
21 97
21 99
21 100
21 119
21 126
21 127
21 132
21 137
21 139
21 142
21 159
21 180
21 187
21 191
21 213
21 236
21 242
21 248
21 253
21 254
21 290
21 348
21 352
21 356
21 370
21 381
21 401
21 409
21 410
21 415
21 420
21 429
21 444
21 450
21 464
21 467
21 501
21 526
21 527
21 546
21 550
21 554
21 555
21 615
21 622
21 627
21 644
21 653
21 674
21 677
21 684
21 719
21 731
21 776
21 792
21 795
21 800
21 886
21 901
21 912
21 928
21 983
21 995
23 30
23 37
23 84
23 111
23 129
23 198
23 279
23 286
23 319
23 467
23 503
23 609
23 850
23 854
23 884
23 897
23 910
24 125
24 730
24 832
24 839
25 80
25 229
25 263
25 291
25 297
25 314
25 383
25 488
25 491
25 674
25 697
25 758
25 766
25 777
25 778
25 818
25 843
25 947
25 969
26 127
26 182
27 124
27 185
28 43
28 209
28 300
28 482
28 533
29 72
29 320
29 961
30 484
31 655
31 662
31 734
32 74
32 774
33 134
33 193
33 634
34 362
34 483
35 95
35 328
35 350
36 44
36 68
36 96
36 240
36 352
36 465
36 480
36 556
36 703
36 908
36 923
37 50
37 84
37 174
37 230
37 513
37 558
37 585
37 735
37 891
37 974
37 984
38 307
39 525
39 665
39 670
39 856
39 904
39 911
40 123
40 190
40 245
40 283
40 287
40 294
40 298
40 314
40 325
40 469
40 472
40 553
40 584
40 601
40 733
40 840
40 847
40 957
40 993
43 70
43 71
43 78
43 114
43 152
43 155
43 171
43 232
43 338
43 414
43 427
43 457
43 458
43 470
43 523
43 530
43 580
43 639
43 659
43 695
43 733
43 771
43 833
43 838
43 898
44 49
44 79
44 109
44 121
44 169
44 202
44 272
44 430
44 433
44 462
44 502
44 511
44 562
44 630
44 675
44 795
44 896
44 932
44 991
45 58
45 63
45 169
45 205
45 217
45 237
45 254
45 260
45 407
45 417
45 438
45 576
45 612
45 695
45 761
45 807
45 962
46 110
46 284
46 396
46 478
46 518
46 579
46 607
46 750
46 822
48 93
48 100
48 122
48 158
48 176
48 326
48 340
48 454
48 834
49 97
49 394
50 53
50 54
50 60
50 90
50 134
50 160
50 186
50 200
50 265
50 269
50 295
50 298
50 368
50 377
50 458
50 469
50 504
50 505
50 527
50 587
50 607
50 649
50 841
50 933
51 615
51 661
51 819
52 54
52 69
52 72
52 138
52 222
52 229
52 326
52 358
52 532
52 547
52 548
52 632
52 636
52 676
52 697
52 714
52 769
52 802
52 844
53 62
53 82
53 152
53 379
53 708
53 812
53 829
53 831
53 906
53 946
55 178
55 306
56 87
56 500
58 125
59 139
59 783
60 226
61 599
61 782
62 65
62 281
62 395
62 465
62 538
62 890
63 111
63 176
63 210
63 375
63 394
63 424
63 590
63 801
64 414
66 90
66 98
66 105
66 121
66 131
66 225
66 315
66 361
66 372
66 389
66 434
66 449
66 460
66 463
66 480
66 486
66 565
66 731
66 765
66 820
66 914
66 970
67 101
67 192
67 787
68 86
68 143
68 280
68 681
69 573
70 197
70 210
70 313
70 459
70 475
70 602
70 986
71 220
71 233
71 384
71 634
71 754
72 818
73 74
73 91
73 178
73 213
73 318
73 443
73 455
73 627
73 712
74 279
74 388
74 448
74 490
74 852
76 275
76 771
76 859
77 342
77 384
77 462
78 773
79 464
79 903
80 91
80 133
80 177
80 183
80 235
80 357
80 360
80 377
80 423
80 428
80 474
80 492
80 578
80 685
80 699
80 796
80 861
80 899
80 911
80 996
81 614
86 144
86 165
86 289
86 390
86 654
86 746
86 853
87 113
87 363
87 505
88 534
88 942
89 262
89 277
89 347
89 431
89 649
89 723
89 747
89 792
92 330
92 524
93 122
93 175
93 531
94 183
94 232
94 239
94 242
94 386
94 461
94 472
94 504
94 525
94 549
94 568
94 696
94 702
94 750
94 830
94 848
94 857
94 878
94 989
95 290
95 570
95 678
96 930
98 102
98 115
98 207
98 308
98 436
98 623
99 408
100 776
100 972
101 184
101 381
102 103
102 201
102 402
102 476
102 879
103 563
104 396
105 894
106 206
106 797
106 805
107 120
107 203
107 238
107 673
107 966
107 987
108 802
110 626
110 839
111 123
111 346
111 440
111 661
111 895
111 927
111 966
112 262
112 312
112 981
113 141
113 150
113 250
113 625
113 701
113 702
113 878
113 985
115 202
115 216
115 255
115 532
115 854
115 949
117 317
118 316
119 170
119 193
119 199
119 339
119 374
119 403
119 416
119 487
119 981
120 219
120 270
120 309
120 552
120 703
120 736
121 882
122 744
122 811
123 154
123 322
123 563
123 589
123 717
123 781
123 789
123 956
124 507
125 174
125 175
125 185
125 234
125 557
125 591
125 635
125 955
125 971
127 542
128 156
128 249
128 260
128 271
128 273
128 521
128 633
128 721
129 255
129 477
129 531
129 599
129 660
130 136
130 162
130 939
131 181
131 556
131 655
132 311
134 182
134 244
134 276
134 334
134 567
134 589
134 606
134 707
134 782
134 888
134 901
136 164
136 173
136 180
136 192
136 288
136 300
136 600
136 647
136 748
136 999
139 282
139 456
139 588
139 596
140 425
141 268
141 347
141 851
142 146
142 215
142 248
142 292
142 338
142 404
142 452
142 473
142 493
142 512
142 908
142 979
143 230
147 190
147 235
149 411
150 994
151 868
152 638
153 155
153 471
153 604
153 687
153 741
153 749
153 807
153 954
154 425
155 447
155 506
156 227
156 310
156 343
156 385
156 415
156 451
156 915
156 982
157 339
157 760
158 924
160 246
160 420
160 753
161 389
162 259
164 426
165 595
165 668
165 680
166 236
166 421
166 780
167 168
167 831
167 988
169 204
169 247
169 257
169 470
170 218
170 355
171 652
171 941
172 258
172 754
172 894
175 317
175 537
177 321
177 564
178 651
178 745
178 962
179 241
179 294
179 320
179 337
179 772
179 943
180 406
180 553
180 587
180 594
180 723
180 737
180 765
180 787
180 817
182 228
182 392
182 405
182 475
182 726
182 870
183 249
183 387
183 454
183 653
183 980
185 316
185 398
185 436
185 739
185 997
186 376
187 569
188 502
188 520
188 541
188 678
188 716
189 240
189 241
189 266
189 309
189 333
189 349
189 378
189 439
189 566
189 646
189 689
189 888
189 891
189 952
189 967
189 984
190 530
190 544
192 568
192 863
192 956
196 296
196 522
196 749
196 847
196 896
198 266
198 336
199 583
200 541
201 379
202 580
202 774
202 791
203 224
203 285
203 474
203 800
203 808
204 932
205 265
207 329
207 390
207 537
207 826
207 899
209 257
209 306
209 343
209 375
209 407
209 409
209 493
209 535
209 538
209 624
209 778
209 817
209 874
213 214
213 247
213 555
213 583
213 936
213 952
214 479
216 635
217 244
217 341
217 365
217 371
217 752
217 869
217 902
218 866
220 251
220 476
220 540
220 612
220 666
220 713
220 926
220 985
222 327
223 533
226 315
226 877
227 252
227 471
229 293
229 588
229 656
230 950
231 421
231 428
231 459
231 463
231 518
231 600
231 698
231 973
232 729
235 842
237 276
237 366
237 376
237 644
237 836
238 274
238 535
238 884
239 683
240 919
241 866
242 669
244 264
244 296
244 631
244 689
247 380
247 404
247 456
247 516
247 608
247 621
247 711
247 885
248 351
248 372
248 757
249 691
251 735
251 747
251 762
252 429
253 798
254 584
255 328
255 412
255 495
255 875
256 872
256 887
261 497
262 281
262 393
262 445
262 461
262 539
263 387
263 786
264 277
264 411
264 551
264 777
264 871
264 904
265 709
266 592
268 759
270 399
270 432
270 562
270 668
270 789
270 936
270 988
272 767
273 302
273 554
274 438
274 700
275 598
275 608
275 738
276 626
277 382
277 437
277 526
277 717
277 835
277 916
279 350
279 444
279 616
280 400
280 786
280 803
281 332
282 489
282 515
284 361
284 365
284 539
285 690
288 364
288 549
288 681
288 925
289 486
289 507
289 515
289 582
289 650
289 768
289 827
289 865
290 370
290 824
291 485
291 690
296 331
296 651
296 976
296 982
299 625
303 305
303 446
303 523
303 547
303 617
303 650
303 712
303 856
303 922
306 836
308 359
308 432
308 483
308 513
308 565
308 648
309 342
309 941
310 667
311 391
311 506
311 682
311 803
311 842
316 873
318 601
320 663
320 725
320 938
322 641
322 692
326 780
327 605
328 738
329 333
329 509
329 679
331 346
331 676
331 751
331 793
332 794
333 371
333 427
333 435
333 815
333 849
333 931
333 983
334 351
334 442
334 484
334 542
334 770
334 822
336 410
336 667
336 672
336 760
336 995
341 497
341 948
342 423
343 575
347 646
347 935
348 671
349 433
350 784
350 990
352 354
352 366
352 468
355 913
356 392
356 591
356 714
357 577
360 955
362 575
362 719
362 727
362 764
365 468
365 728
366 512
368 845
371 730
372 406
373 560
374 710
374 732
376 828
377 551
377 900
380 422
380 906
381 788
381 934
382 448
387 882
387 912
390 543
390 685
391 442
397 707
400 624
400 805
409 460
409 726
409 853
410 473
410 559
411 705
411 924
414 517
414 827
415 620
415 767
417 785
417 945
419 665
420 558
420 694
421 543
423 452
425 455
425 520
425 618
425 961
427 876
428 431
428 660
430 637
430 937
431 572
431 937
435 848
436 752
438 500
438 585
438 967
444 666
446 669
449 519
453 945
456 466
456 496
456 700
456 704
456 740
456 828
456 963
458 490
458 889
462 732
462 889
463 986
465 868
466 643
469 546
469 616
474 597
474 876
476 724
477 619
478 557
480 574
481 548
481 934
483 811
484 569
489 578
493 825
494 540
494 606
494 677
494 686
494 993
502 550
505 823
506 770
507 715
508 909
512 759
513 590
513 974
518 636
520 954
521 593
524 622
531 564
531 806
540 928
541 958
543 920
546 619
550 577
551 804
553 693
556 779
561 698
561 880
561 949
562 813
562 814
567 605
567 976
574 737
575 734
577 654
577 791
577 881
578 926
581 657
581 763
581 858
581 864
582 834
583 939
587 948
588 905
596 633
596 688
596 746
596 914
597 846
605 701
605 798
607 779
610 913
611 883
612 973
617 883
618 850
618 972
623 686
623 790
623 881
624 829
625 897
627 851
628 742
632 785
632 837
633 946
637 675
637 797
637 998
638 647
649 756
663 910
668 725
668 806
668 916
668 929
671 718
686 938
690 905
694 898
697 705
697 990
698 809
702 721
703 837
704 756
704 841
704 997
714 977
715 739
715 799
716 718
719 742
721 917
752 909
756 825
758 773
770 879
781 860
786 872
786 951
812 814
816 996
823 943
823 969
838 849
849 921
854 887
857 999
860 900
872 921
873 893
873 929
899 958
918 989
928 994
936 965
949 951
