0 1
0 2
0 3
0 4
0 5
0 6
0 7
0 8
0 9
0 10
0 12
0 13
0 14
0 15
0 16
0 17
0 18
0 19
0 20
0 22
0 23
0 27
0 28
0 29
0 30
0 31
0 32
0 33
0 34
0 35
0 36
0 39
0 40
0 42
0 43
0 44
0 45
0 47
0 48
0 50
0 51
0 52
0 53
0 54
0 55
0 56
0 60
0 61
0 62
0 64
0 65
0 66
0 67
0 68
0 69
0 70
0 71
0 72
0 73
0 74
0 75
0 76
0 77
0 80
0 81
0 82
0 83
0 84
0 85
0 86
0 87
0 88
0 89
0 90
0 91
0 92
0 93
0 94
0 95
0 96
0 97
0 98
0 99
0 100
0 101
0 102
0 103
0 104
0 105
0 106
0 107
0 108
0 109
0 110
0 111
0 112
0 113
0 114
0 115
0 116
0 117
0 118
0 119
0 120
0 121
0 122
0 123
0 124
0 125
0 126
0 127
0 128
0 129
0 130
0 131
0 132
0 133
0 134
0 135
0 136
0 137
0 138
0 139
0 140
0 141
0 142
0 143
0 144
0 145
0 146
0 147
0 148
0 149
0 150
0 151
0 152
0 153
0 154
0 155
0 156
0 157
0 158
0 159
0 160
0 161
0 162
0 163
0 164
0 165
0 166
0 167
0 170
0 171
0 172
0 173
0 174
0 175
0 176
0 177
0 179
0 180
0 181
0 182
0 184
0 186
0 191
0 210
0 212
0 213
0 214
0 215
0 217
0 218
0 220
0 221
0 222
0 223
0 224
0 225
0 226
0 227
0 228
0 230
0 231
0 232
0 234
0 235
0 236
0 237
0 239
0 240
0 241
0 243
0 246
0 247
0 248
0 249
0 250
0 251
0 252
0 253
0 254
0 255
0 256
0 257
0 258
0 259
0 260
0 261
0 262
0 263
0 264
0 265
0 266
0 267
0 268
0 269
0 270
0 271
0 272
0 273
0 274
0 275
0 276
0 277
0 278
0 279
0 280
0 281
0 282
0 283
0 284
0 285
0 286
0 287
0 288
0 289
0 290
0 291
0 292
0 293
0 294
0 295
0 296
0 297
0 298
0 299
0 300
0 301
0 302
0 303
0 304
0 305
0 306
0 307
0 308
0 309
0 310
0 311
0 312
0 313
0 314
0 315
0 316
0 317
0 318
0 319
0 320
0 321
0 322
0 323
0 324
0 325
0 326
0 327
0 328
0 329
0 330
0 331
0 332
0 333
0 334
0 335
0 336
0 337
0 338
0 339
0 340
0 341
0 342
0 343
0 344
0 346
0 347
0 348
0 349
0 350
0 351
0 352
0 353
0 354
0 355
0 356
0 357
0 358
0 359
0 360
0 361
0 362
0 363
0 364
0 365
0 366
0 367
0 368
0 369
0 370
0 371
0 372
0 373
0 374
0 375
0 376
0 377
0 378
0 379
0 380
0 381
0 382
0 383
0 384
0 385
0 386
0 387
0 388
0 389
0 390
0 391
0 392
0 393
0 394
0 395
0 396
0 397
0 398
0 399
0 400
0 401
0 402
0 403
0 404
0 405
0 406
0 407
0 408
0 409
0 410
0 411
0 412
0 413
0 414
0 415
0 416
0 417
0 418
0 419
0 420
0 421
0 422
0 423
0 424
0 425
0 426
0 427
0 428
0 429
0 430
0 431
0 432
0 433
0 434
0 435
0 436
0 437
0 438
0 439
0 440
0 441
0 442
0 443
0 444
0 445
0 446
0 447
0 448
0 449
0 450
0 451
0 452
0 453
0 454
0 455
0 456
0 457
0 458
0 459
0 460
0 461
0 462
0 463
0 464
0 465
0 466
0 467
0 468
0 469
0 470
0 471
0 472
0 473
0 474
0 475
0 476
0 477
0 478
0 479
0 480
0 481
0 482
0 483
0 484
0 485
0 486
0 487
0 488
0 489
0 490
0 491
0 492
0 493
0 494
0 495
0 496
0 497
0 498
0 499
0 500
0 501
0 502
0 503
0 504
0 505
0 506
0 507
0 508
0 509
0 510
0 511
0 512
0 513
0 514
0 515
0 516
0 517
0 518
0 519
0 520
0 521
0 522
0 523
0 524
0 525
0 526
0 527
0 528
0 529
0 530
0 531
0 532
0 533
0 534
0 535
0 536
0 537
0 538
0 539
0 540
0 541
0 542
0 543
0 544
0 545
0 546
0 547
0 548
0 549
0 550
0 551
0 552
0 553
0 554
0 555
0 556
0 557
0 558
0 559
0 560
0 561
0 562
0 563
0 564
0 565
0 566
0 567
0 568
0 569
0 571
0 573
0 574
0 575
0 576
0 577
0 578
0 579
0 580
0 581
0 582
0 583
0 584
0 585
0 586
0 587
0 588
0 589
0 590
0 591
0 592
0 593
0 594
0 595
0 596
0 597
0 598
0 599
0 600
0 601
0 602
0 603
0 604
0 605
0 606
0 607
0 608
0 609
0 610
0 611
0 612
0 613
0 614
0 615
0 616
0 617
0 618
0 619
0 620
0 621
0 622
0 623
0 624
0 625
0 626
0 627
0 628
0 629
0 630
0 631
0 632
0 633
0 634
0 635
0 636
0 637
0 638
0 639
0 640
0 641
0 642
0 643
0 644
0 645
0 646
0 647
0 648
0 649
0 650
0 651
0 652
0 653
0 654
0 655
0 656
0 657
0 658
0 659
0 660
0 661
0 662
0 663
0 664
0 665
0 666
0 667
0 668
0 669
0 670
0 671
0 672
0 673
0 674
0 675
0 676
0 677
0 678
0 679
0 680
0 681
0 682
0 683
0 684
0 685
0 686
0 687
0 688
0 689
0 690
0 691
0 692
0 693
0 694
0 695
0 696
0 697
0 698
0 699
0 700
0 701
0 702
0 703
0 704
0 705
0 706
0 707
0 708
0 709
0 710
0 711
0 712
0 713
0 714
0 715
0 716
0 717
0 718
0 719
0 720
0 721
0 722
0 723
0 724
0 725
0 726
0 727
0 728
0 729
0 730
0 731
0 732
0 733
0 734
0 735
0 736
0 737
0 738
0 739
0 740
0 741
0 742
0 743
0 744
0 745
0 746
0 747
0 748
0 749
0 750
0 751
0 752
0 753
0 754
0 755
0 756
0 757
0 758
0 759
0 760
0 761
0 762
0 763
0 764
0 765
0 766
0 767
0 768
0 769
0 770
0 771
0 772
0 773
0 774
0 775
0 776
0 777
0 778
0 779
0 780
0 781
0 782
0 783
0 784
0 785
0 786
0 787
0 788
0 789
0 790
0 791
0 792
0 793
0 794
0 795
0 796
0 797
0 798
0 799
0 800
0 801
0 802
0 803
0 804
0 805
0 806
0 807
0 808
0 809
0 810
0 811
0 812
0 813
0 814
0 815
0 816
0 817
0 818
0 819
0 820
0 821
0 822
0 823
0 824
0 825
0 826
0 827
0 828
0 829
0 830
0 831
0 832
0 833
0 834
0 835
0 836
0 837
0 838
0 839
0 840
0 841
0 842
0 843
0 844
0 845
0 846
0 847
0 848
0 849
0 850
0 851
0 852
0 853
0 854
0 855
0 856
0 857
0 858
0 859
0 860
0 861
0 862
0 863
0 864
0 865
0 866
0 867
0 868
0 869
0 870
0 871
0 872
0 873
0 874
0 875
0 876
0 877
0 878
0 879
0 880
0 881
0 882
0 883
0 884
0 885
0 886
0 887
0 888
0 890
0 891
0 892
0 893
0 894
0 895
0 896
0 897
0 898
0 899
0 900
0 901
0 902
0 903
0 904
0 905
0 906
0 907
0 908
0 909
0 910
0 911
0 912
0 913
0 914
0 915
0 916
0 917
0 918
0 919
0 920
0 921
0 922
0 923
0 924
0 925
0 926
0 927
0 928
0 929
0 930
0 931
0 932
0 933
0 934
0 935
0 936
0 937
0 938
0 939
0 940
0 941
0 942
0 943
0 944
0 945
0 946
0 947
0 948
0 949
0 950
0 951
0 952
0 953
0 954
0 955
0 956
0 957
0 958
0 959
0 960
0 961
0 962
0 963
0 964
0 965
0 966
0 967
0 968
0 969
0 970
0 971
0 972
0 973
0 974
0 977
0 978
0 979
0 980
0 981
0 982
0 983
0 984
0 986
0 987
0 988
0 990
0 991
0 992
0 994
0 995
0 996
0 997
0 998
1 2
1 3
1 4
1 5
1 6
1 7
1 8
1 9
1 10
1 12
1 13
1 14
1 15
1 16
1 17
1 20
1 22
1 23
1 28
1 29
1 31
1 32
1 33
1 34
1 35
1 36
1 39
1 40
1 42
1 44
1 45
1 47
1 48
1 52
1 54
1 55
1 56
1 57
1 60
1 61
1 62
1 64
1 67
1 68
1 69
1 70
1 71
1 73
1 74
1 75
1 76
1 77
1 81
1 83
1 84
1 85
1 86
1 87
1 88
1 89
1 90
1 91
1 92
1 93
1 94
1 95
1 96
1 97
1 98
1 99
1 100
1 101
1 102
1 103
1 104
1 105
1 106
1 107
1 108
1 109
1 110
1 111
1 112
1 113
1 114
1 115
1 116
1 117
1 118
1 119
1 120
1 121
1 122
1 123
1 124
1 125
1 126
1 127
1 128
1 129
1 130
1 131
1 132
1 133
1 134
1 135
1 136
1 137
1 138
1 139
1 140
1 141
1 142
1 143
1 144
1 145
1 146
1 147
1 148
1 149
1 150
1 151
1 152
1 153
1 154
1 155
1 158
1 159
1 160
1 161
1 162
1 163
1 164
1 167
1 170
1 171
1 173
1 174
1 177
1 184
1 186
1 191
1 213
1 215
1 217
1 218
1 220
1 221
1 222
1 223
1 224
1 225
1 226
1 227
1 228
1 230
1 231
1 234
1 235
1 236
1 241
1 243
1 244
1 245
1 246
1 247
1 248
1 249
1 250
1 251
1 252
1 253
1 254
1 255
1 256
1 257
1 258
1 259
1 260
1 261
1 262
1 263
1 289
1 290
1 291
1 292
1 293
1 294
1 295
1 296
1 297
1 298
1 299
1 300
1 301
1 302
1 303
1 304
1 305
1 306
1 307
1 308
1 309
1 310
1 311
1 312
1 330
1 331
1 332
1 333
1 334
1 335
1 336
1 337
1 338
1 339
1 340
1 341
1 342
1 343
1 344
1 345
1 346
1 347
1 348
1 349
1 350
1 351
1 352
1 353
1 354
1 355
1 356
1 357
1 358
1 359
1 360
1 361
1 362
1 363
1 364
1 365
1 366
1 367
1 368
1 369
1 370
1 371
1 372
1 373
1 374
1 375
1 376
1 377
1 378
1 379
1 380
1 381
1 382
1 383
1 384
1 385
1 386
1 387
1 388
1 389
1 390
1 391
1 392
1 393
1 394
1 395
1 396
1 397
1 399
1 400
1 401
1 402
1 403
1 404
1 405
1 406
1 407
1 408
1 409
1 410
1 411
1 412
1 413
1 414
1 415
1 416
1 417
1 418
1 419
1 420
1 421
1 422
1 426
1 427
1 428
1 430
1 433
1 436
1 437
1 439
1 440
1 442
1 444
1 448
1 449
1 450
1 454
1 456
1 457
1 458
1 459
1 460
1 461
1 462
1 463
1 464
1 465
1 466
1 467
1 468
1 469
1 470
1 471
1 472
1 473
1 474
1 475
1 476
1 477
1 478
1 479
1 480
1 481
1 482
1 483
1 484
1 485
1 486
1 487
1 488
1 489
1 490
1 491
1 492
1 493
1 494
1 495
1 496
1 497
1 498
1 499
1 500
1 501
1 502
1 503
1 504
1 505
1 506
1 507
1 509
1 510
1 512
1 513
1 515
1 516
1 517
1 519
1 520
1 522
1 523
1 525
1 528
1 530
1 531
1 532
1 534
1 535
1 536
1 537
1 538
1 539
1 541
1 542
1 544
1 545
1 546
1 547
1 548
1 549
1 550
1 551
1 553
1 554
1 557
1 558
1 559
1 560
1 561
1 562
1 563
1 564
1 565
1 566
1 567
1 568
1 569
1 573
1 574
1 575
1 576
1 577
1 578
1 579
1 580
1 581
1 582
1 594
1 595
1 599
1 600
1 603
1 607
1 611
1 612
1 615
1 617
1 622
1 634
1 637
1 644
1 645
1 648
1 649
1 650
1 651
1 652
1 653
1 654
1 655
1 656
1 657
1 658
1 659
1 660
1 661
1 662
1 663
1 664
1 665
1 666
1 667
1 668
1 669
1 670
1 672
1 673
1 674
1 675
1 676
1 677
1 678
1 679
1 680
1 681
1 682
1 683
1 684
1 685
1 686
1 687
1 688
1 689
1 690
1 691
1 706
1 708
1 709
1 711
1 715
1 717
1 720
1 724
1 725
1 727
1 728
1 730
1 734
1 735
1 736
1 744
1 746
1 750
1 753
1 756
1 761
1 762
1 764
1 765
1 766
1 768
1 770
1 772
1 777
1 780
1 788
1 789
1 792
1 794
1 795
1 796
1 797
1 798
1 799
1 800
1 801
1 802
1 803
1 804
1 805
1 806
1 807
1 808
1 809
1 811
1 812
1 813
1 814
1 815
1 816
1 817
1 818
1 819
1 820
1 822
1 823
1 824
1 825
1 826
1 827
1 828
1 829
1 830
1 831
1 832
1 833
1 834
1 835
1 836
1 837
1 838
1 839
1 840
1 841
1 842
1 843
1 844
1 845
1 847
1 848
1 849
1 850
1 851
1 852
1 853
1 854
1 855
1 859
1 860
1 861
1 862
1 863
1 864
1 865
1 866
1 867
1 868
1 869
1 871
1 872
1 873
1 874
1 875
1 876
1 878
1 879
1 880
1 881
1 883
1 884
1 885
1 886
1 888
1 890
1 891
1 892
1 893
1 894
1 895
1 896
1 897
1 898
1 900
1 901
1 904
1 907
1 908
1 909
1 910
1 912
1 914
1 917
1 920
1 923
1 936
1 937
1 938
1 942
1 946
1 952
1 954
1 955
1 958
1 960
1 968
1 970
1 971
1 972
1 974
1 977
1 978
1 979
2 3
2 5
2 6
2 8
2 10
2 13
2 28
2 31
2 34
2 39
2 40
2 42
2 45
2 47
2 48
2 52
2 54
2 55
2 56
2 64
2 67
2 68
2 70
2 73
2 75
2 84
2 85
2 86
2 87
2 88
2 89
2 90
2 91
2 92
2 93
2 94
2 95
2 96
2 97
2 98
2 99
2 100
2 101
2 102
2 103
2 104
2 105
2 106
2 107
2 108
2 109
2 110
2 111
2 112
2 113
2 114
2 115
2 116
2 117
2 118
2 119
2 120
2 121
2 122
2 123
2 124
2 125
2 126
2 127
2 128
2 129
2 130
2 131
2 132
2 133
2 134
2 135
2 136
2 137
2 138
2 139
2 140
2 141
2 142
2 143
2 144
2 145
2 146
2 147
2 148
2 149
2 150
2 151
2 152
2 153
2 154
2 155
2 158
2 159
2 160
2 161
2 162
2 163
2 164
2 167
2 170
2 171
2 174
2 177
2 184
2 186
2 191
2 213
2 217
2 218
2 220
2 221
2 223
2 224
2 225
2 226
2 227
2 228
2 230
2 231
2 234
2 331
2 332
2 333
2 334
2 335
2 336
2 337
2 338
2 339
2 340
2 341
2 342
2 343
2 344
2 402
2 403
2 404
2 405
2 406
2 407
2 408
2 409
2 410
2 411
2 413
2 414
2 415
2 416
2 417
2 418
2 419
2 420
2 426
2 430
2 439
2 442
2 444
2 450
2 457
2 470
2 471
2 478
2 482
2 486
2 487
2 497
2 503
2 536
2 537
2 545
2 546
2 547
2 549
2 553
2 562
2 563
2 565
2 566
2 567
2 573
2 574
2 575
2 576
2 577
2 578
2 579
2 580
2 581
2 582
2 595
2 600
2 603
2 607
2 611
2 612
2 615
2 637
2 644
2 648
2 650
2 653
2 657
2 658
2 659
2 662
2 663
2 664
2 665
2 667
2 669
2 670
2 672
2 675
2 676
2 678
2 681
2 682
2 684
2 685
2 686
2 687
2 688
2 689
2 690
2 708
2 711
2 717
2 720
2 727
2 730
2 734
2 744
2 746
2 750
2 753
2 756
2 761
2 764
2 768
2 770
2 772
2 777
2 780
2 788
2 789
2 792
2 794
2 795
2 796
2 797
2 798
2 800
2 801
2 803
2 804
2 806
2 808
2 809
2 811
2 812
2 813
2 818
2 819
2 820
2 824
2 827
2 828
2 831
2 832
2 833
2 834
2 835
2 836
2 839
2 840
2 841
2 845
2 847
2 848
2 851
2 853
2 854
2 855
2 860
2 863
2 866
2 867
2 868
2 874
2 875
2 876
2 878
2 881
2 885
2 888
2 890
2 891
2 892
2 893
2 894
2 895
2 896
2 897
2 898
2 900
2 901
2 904
2 907
2 908
2 909
2 910
2 912
2 914
2 917
2 920
2 923
2 936
2 937
2 938
2 939
2 946
2 947
2 950
2 952
2 954
2 955
2 958
2 960
2 966
2 968
2 970
2 971
3 4
3 5
3 6
3 10
3 15
3 16
3 17
3 24
3 40
3 45
3 47
3 54
3 64
3 70
3 71
3 74
3 75
3 76
3 77
3 80
3 81
3 83
3 84
3 85
3 86
3 87
3 88
3 89
3 90
3 91
3 92
3 93
3 94
3 95
3 96
3 97
3 98
3 99
3 100
3 101
3 102
3 103
3 104
3 105
3 106
3 107
3 108
3 109
3 110
3 111
3 112
3 113
3 114
3 115
3 116
3 117
3 118
3 119
3 120
3 121
3 122
3 123
3 124
3 125
3 126
3 127
3 128
3 129
3 130
3 131
3 132
3 133
3 134
3 135
3 159
3 160
3 161
3 162
3 163
3 164
3 177
3 179
3 213
3 217
3 220
3 222
3 224
3 225
3 226
3 227
3 228
3 243
3 246
3 247
3 248
3 249
3 250
3 251
3 252
3 253
3 254
3 255
3 256
3 257
3 258
3 259
3 260
3 261
3 262
3 263
3 289
3 290
3 291
3 292
3 293
3 294
3 295
3 296
3 297
3 298
3 299
3 300
3 301
3 302
3 303
3 304
3 305
3 306
3 307
3 308
3 309
3 310
3 311
3 342
3 346
3 347
3 348
3 349
3 350
3 351
3 352
3 353
3 354
3 355
3 356
3 357
3 358
3 359
3 360
3 361
3 363
3 366
3 368
3 370
3 373
3 377
3 378
3 379
3 380
3 381
3 382
3 383
3 384
3 385
3 386
3 387
3 388
3 389
3 390
3 391
3 392
3 393
3 394
3 395
3 396
3 397
3 399
3 400
3 401
3 412
3 414
3 415
3 416
3 417
3 418
3 419
3 420
3 422
3 426
3 427
3 428
3 430
3 433
3 436
3 439
3 440
3 442
3 444
3 449
3 450
3 456
3 457
3 458
3 459
3 460
3 461
3 462
3 463
3 464
3 465
3 466
3 467
3 469
3 470
3 471
3 475
3 476
3 478
3 479
3 480
3 482
3 484
3 486
3 487
3 488
3 489
3 490
3 492
3 493
3 494
3 495
3 496
3 497
3 498
3 499
3 500
3 501
3 503
3 504
3 506
3 507
3 517
3 519
3 520
3 532
3 534
3 536
3 537
3 538
3 539
3 540
3 541
3 542
3 543
3 544
3 545
3 548
3 549
3 550
3 551
3 552
3 553
3 554
3 555
3 556
3 557
3 558
3 559
3 560
3 561
3 563
3 564
3 566
3 568
3 569
3 571
3 573
3 574
3 575
3 576
3 577
3 578
3 579
3 580
3 581
3 582
3 595
3 600
3 603
3 607
3 611
3 615
3 637
3 644
3 648
3 650
3 653
3 660
3 664
3 666
3 667
3 668
3 677
3 687
3 690
3 824
3 827
3 828
3 831
3 832
3 833
3 834
3 835
3 836
3 840
3 845
3 847
3 851
3 853
3 854
3 868
3 942
4 5
4 7
4 11
4 15
4 16
4 17
4 19
4 21
4 22
4 23
4 25
4 26
4 30
4 35
4 38
4 40
4 45
4 46
4 47
4 50
4 59
4 63
4 64
4 69
4 70
4 71
4 74
4 75
4 76
4 77
4 78
4 79
4 81
4 83
4 84
4 85
4 86
4 87
4 88
4 89
4 90
4 91
4 92
4 93
4 94
4 95
4 96
4 97
4 98
4 99
4 100
4 101
4 102
4 103
4 104
4 105
4 106
4 107
4 108
4 109
4 110
4 111
4 112
4 113
4 114
4 115
4 116
4 117
4 118
4 119
4 120
4 121
4 122
4 123
4 124
4 125
4 126
4 127
4 128
4 129
4 130
4 131
4 132
4 133
4 134
4 135
4 159
4 160
4 161
4 162
4 163
4 164
4 185
4 187
4 188
4 189
4 190
4 213
4 214
4 217
4 220
4 222
4 224
4 225
4 226
4 227
4 228
4 232
4 242
4 243
4 244
4 245
4 246
4 247
4 248
4 249
4 250
4 251
4 252
4 253
4 254
4 255
4 256
4 257
4 258
4 259
4 260
4 261
4 262
4 263
4 289
4 290
4 291
4 292
4 293
4 294
4 295
4 296
4 297
4 298
4 299
4 300
4 301
4 302
4 303
4 304
4 305
4 306
4 307
4 308
4 309
4 310
4 311
4 330
4 342
4 345
4 346
4 347
4 348
4 349
4 350
4 351
4 352
4 353
4 354
4 355
4 356
4 357
4 358
4 359
4 360
4 361
4 362
4 363
4 364
4 365
4 366
4 367
4 368
4 369
4 370
4 371
4 372
4 373
4 374
4 375
4 376
4 377
4 378
4 379
4 380
4 381
4 382
4 383
4 384
4 385
4 386
4 387
4 388
4 389
4 390
4 391
4 392
4 393
4 394
4 395
4 396
4 397
4 399
4 400
4 401
4 402
4 403
4 404
4 405
4 406
4 407
4 408
4 409
4 410
4 411
4 412
4 413
4 414
4 415
4 416
4 417
4 418
4 419
4 420
4 421
4 422
4 427
4 428
4 433
4 436
4 440
4 449
4 456
4 458
4 459
4 460
4 461
4 462
4 463
4 464
4 465
4 466
4 467
4 469
4 470
4 471
4 474
4 475
4 476
4 477
4 478
4 479
4 480
4 481
4 482
4 483
4 484
4 486
4 487
4 488
4 489
4 490
4 491
4 492
4 493
4 494
4 495
4 496
4 497
4 498
4 499
4 500
4 501
4 503
4 504
4 506
4 507
4 517
4 519
4 520
4 532
4 534
4 536
4 537
4 538
4 539
4 541
4 542
4 544
4 545
4 548
4 549
4 550
4 551
4 553
4 554
4 557
4 558
4 559
4 560
4 561
4 563
4 564
4 566
4 568
4 569
4 573
4 574
4 575
4 576
4 577
4 578
4 579
4 580
4 581
4 582
4 595
4 600
4 603
4 607
4 611
4 615
4 637
4 644
4 648
4 650
4 651
4 653
4 657
4 660
4 662
4 664
4 665
4 666
4 667
4 668
4 669
4 677
4 683
4 687
4 688
4 689
4 690
4 692
4 709
4 821
4 889
5 6
5 7
5 8
5 9
5 10
5 14
5 15
5 16
5 17
5 18
5 19
5 22
5 23
5 28
5 29
5 30
5 31
5 33
5 34
5 38
5 40
5 42
5 44
5 45
5 46
5 47
5 48
5 52
5 53
5 54
5 55
5 56
5 59
5 60
5 61
5 62
5 64
5 67
5 68
5 69
5 70
5 71
5 72
5 73
5 74
5 75
5 76
5 77
5 78
5 79
5 80
5 81
5 82
5 134
5 135
5 136
5 137
5 138
5 139
5 140
5 141
5 142
5 143
5 144
5 145
5 146
5 147
5 148
5 149
5 150
5 151
5 152
5 153
5 154
5 155
5 156
5 157
5 158
5 159
5 160
5 161
5 162
5 163
5 164
5 165
5 166
5 167
5 170
5 171
5 172
5 174
5 175
5 176
5 177
5 180
5 181
5 182
5 185
5 187
5 188
5 189
5 190
5 191
5 218
5 221
5 223
5 230
5 331
5 332
5 333
5 334
5 335
5 336
5 337
5 338
5 339
5 340
5 341
5 342
5 343
5 344
5 402
5 403
5 404
5 405
5 406
5 407
5 408
5 409
5 410
5 411
5 413
5 414
5 415
5 416
5 417
5 418
5 419
5 420
5 426
5 430
5 439
5 442
5 444
5 450
5 457
5 470
5 471
5 503
5 536
5 537
5 545
5 546
5 547
5 549
5 553
5 562
5 563
5 565
5 566
5 567
5 573
5 574
5 575
5 576
5 577
5 578
5 579
5 580
5 581
5 582
5 595
5 600
5 603
5 607
5 611
5 612
5 615
5 637
5 644
5 648
5 650
5 653
5 657
5 658
5 659
5 662
5 663
5 664
5 665
5 667
5 669
5 670
5 672
5 675
5 676
5 678
5 681
5 682
5 684
5 685
5 686
5 687
5 688
5 689
5 690
5 708
5 711
5 717
5 720
5 727
5 730
5 734
5 744
5 746
5 750
5 753
5 756
5 761
5 764
5 768
5 770
5 772
5 777
5 780
5 788
5 789
5 792
5 794
5 795
5 796
5 797
5 798
5 800
5 803
5 808
5 809
5 811
5 813
5 818
5 819
5 824
5 827
5 828
5 831
5 832
5 833
5 834
5 835
5 836
5 840
5 845
5 847
5 851
5 853
5 854
5 868
5 875
5 876
5 878
5 881
5 885
5 888
5 890
5 901
5 904
5 907
5 908
5 909
5 912
5 914
5 936
5 960
5 970
6 10
6 40
6 45
6 47
6 54
6 64
6 70
6 84
6 85
6 86
6 87
6 88
6 89
6 90
6 91
6 92
6 93
6 94
6 95
6 96
6 97
6 98
6 99
6 100
6 101
6 102
6 103
6 104
6 105
6 106
6 107
6 108
6 109
6 110
6 111
6 112
6 113
6 114
6 115
6 116
6 117
6 118
6 119
6 120
6 121
6 122
6 123
6 124
6 125
6 126
6 127
6 128
6 129
6 130
6 131
6 132
6 133
6 134
6 135
6 159
6 160
6 161
6 162
6 163
6 164
6 177
6 213
6 217
6 220
6 224
6 225
6 226
6 227
6 228
6 289
6 290
6 291
6 292
6 293
6 294
6 295
6 296
6 297
6 298
6 299
6 300
6 301
6 302
6 303
6 304
6 305
6 306
6 307
6 308
6 309
6 310
6 311
6 342
6 362
6 364
6 365
6 367
6 369
6 371
6 372
6 374
6 375
6 376
6 379
6 382
6 383
6 384
6 385
6 386
6 387
6 388
6 390
6 392
6 395
6 396
6 399
6 400
6 401
6 402
6 403
6 404
6 405
6 406
6 407
6 408
6 409
6 410
6 411
6 412
6 413
6 414
6 415
6 416
6 417
6 418
6 419
6 420
6 421
6 422
6 426
6 427
6 428
6 430
6 433
6 436
6 439
6 440
6 442
6 444
6 449
6 450
6 456
6 457
6 458
6 459
6 460
6 461
6 462
6 463
6 464
6 465
6 466
6 467
6 469
6 470
6 471
6 495
6 503
6 536
6 537
6 541
6 545
6 549
6 553
6 557
6 558
6 561
6 563
6 566
6 569
6 573
6 574
6 575
6 576
6 577
6 578
6 579
6 580
6 581
6 582
6 595
6 600
6 603
6 607
6 611
6 615
6 637
6 644
6 648
6 650
6 653
6 660
6 664
6 666
6 667
6 668
6 677
6 687
6 690
6 824
6 827
6 831
6 834
6 836
7 10
7 15
7 16
7 17
7 19
7 21
7 22
7 23
7 30
7 50
7 69
7 71
7 74
7 75
7 76
7 77
7 81
7 83
7 84
7 85
7 86
7 87
7 88
7 89
7 90
7 91
7 92
7 93
7 94
7 95
7 96
7 97
7 98
7 99
7 100
7 101
7 102
7 103
7 104
7 105
7 106
7 107
7 108
7 109
7 110
7 111
7 112
7 113
7 114
7 115
7 116
7 117
7 118
7 119
7 120
7 121
7 122
7 123
7 124
7 125
7 126
7 127
7 128
7 129
7 130
7 131
7 132
7 133
7 165
7 213
7 214
7 217
7 220
7 222
7 224
7 225
7 226
7 227
7 228
7 232
7 243
7 244
7 245
7 246
7 247
7 248
7 249
7 250
7 251
7 252
7 253
7 254
7 255
7 256
7 257
7 258
7 259
7 260
7 261
7 262
7 263
7 346
7 347
7 348
7 349
7 350
7 351
7 352
7 353
7 354
7 355
7 356
7 357
7 358
7 359
7 360
7 361
7 363
7 366
7 368
7 370
7 373
7 377
7 378
7 380
7 381
7 389
7 391
7 393
7 394
7 397
7 475
7 476
7 478
7 479
7 480
7 482
7 484
7 486
7 487
7 488
7 489
7 490
7 492
7 493
7 494
7 496
7 497
7 498
7 499
7 500
7 501
7 504
7 506
7 507
7 517
7 519
7 520
7 532
7 534
7 538
7 539
7 542
7 544
7 548
7 550
7 551
7 554
7 559
7 560
7 564
7 568
7 657
7 662
7 665
7 669
7 683
7 688
7 689
7 692
7 809
7 821
8 14
8 27
8 28
8 31
8 40
8 84
8 85
8 86
8 87
8 88
8 89
8 90
8 91
8 92
8 93
8 94
8 95
8 96
8 97
8 98
8 99
8 100
8 101
8 102
8 103
8 104
8 105
8 106
8 107
8 108
8 109
8 110
8 111
8 112
8 113
8 114
8 115
8 116
8 117
8 118
8 119
8 120
8 121
8 122
8 123
8 124
8 125
8 126
8 127
8 128
8 129
8 130
8 131
8 132
8 133
8 213
8 217
8 220
8 224
8 225
8 226
8 227
8 228
8 289
8 290
8 291
8 292
8 293
8 294
8 295
8 296
8 297
8 298
8 299
8 300
8 301
8 302
8 303
8 304
8 305
8 306
8 307
8 308
8 309
8 310
8 311
8 437
8 448
8 454
9 10
9 14
9 21
9 34
9 53
9 55
9 56
9 72
9 84
9 85
9 86
9 87
9 88
9 89
9 90
9 91
9 92
9 93
9 94
9 95
9 96
9 97
9 98
9 99
9 100
9 101
9 102
9 103
9 104
9 105
9 106
9 107
9 108
9 109
9 110
9 111
9 112
9 113
9 114
9 115
9 116
9 117
9 118
9 119
9 120
9 121
9 122
9 123
9 124
9 125
9 126
9 127
9 128
9 129
9 130
9 131
9 132
9 133
9 136
9 137
9 138
9 139
9 140
9 141
9 142
9 143
9 144
9 145
9 146
9 147
9 148
9 149
9 150
9 151
9 152
9 153
9 154
9 155
9 156
9 158
9 165
9 174
9 175
9 176
9 180
9 181
9 182
9 212
9 213
9 216
9 217
9 220
9 224
9 225
9 226
9 227
9 228
9 264
9 265
9 266
9 267
9 268
9 269
9 270
9 271
9 272
9 273
9 274
9 275
9 276
9 277
9 278
9 279
9 280
9 281
9 282
9 283
9 284
9 285
9 286
9 287
9 288
9 426
9 430
9 439
9 442
9 444
9 450
9 457
9 472
9 473
9 480
9 485
9 489
9 490
9 492
9 496
9 499
9 500
9 501
9 502
9 546
9 547
9 562
9 565
9 567
9 658
9 659
9 663
9 670
9 671
9 672
9 675
9 676
9 678
9 681
9 682
9 684
9 685
9 686
9 810
9 811
9 879
9 880
9 883
9 884
9 886
10 12
10 13
10 29
10 36
10 54
10 177
10 216
10 230
10 363
10 366
10 368
10 370
10 373
10 377
10 378
10 474
10 477
10 481
10 483
10 491
10 709
10 770
10 777
10 788
10 789
10 794
10 824
10 827
10 828
10 831
10 832
10 833
10 834
10 835
10 836
10 840
10 843
10 845
10 847
10 851
10 853
10 854
10 865
10 868
10 869
10 873
11 12
11 13
11 38
11 42
11 58
11 59
11 74
11 82
11 185
11 475
11 479
11 484
11 488
11 493
11 494
11 505
11 509
11 510
11 512
11 513
11 515
11 516
11 522
11 523
11 525
11 528
11 530
11 531
11 594
11 599
11 617
11 622
11 634
11 645
11 706
11 715
11 724
11 725
11 728
11 735
11 736
11 762
11 765
11 766
11 780
11 792
11 801
11 804
11 806
11 812
11 820
11 972
11 974
11 977
11 978
11 979
12 14
12 16
12 48
12 67
12 68
12 74
12 219
12 243
12 246
12 247
12 248
12 249
12 250
12 251
12 252
12 253
12 254
12 255
12 256
12 257
12 258
12 259
12 260
12 261
12 262
12 263
12 363
12 366
12 368
12 370
12 373
12 377
12 378
12 426
12 430
12 439
12 442
12 444
12 450
12 457
12 472
12 473
12 475
12 479
12 480
12 484
12 485
12 488
12 489
12 490
12 492
12 493
12 494
12 496
12 499
12 500
12 501
12 502
12 508
12 511
12 514
12 518
12 521
12 524
12 526
12 527
12 529
12 533
12 768
12 770
12 777
12 788
12 789
12 794
12 795
12 796
13 14
13 26
13 29
13 42
13 48
13 52
13 58
13 426
13 430
13 439
13 442
13 444
13 450
13 457
13 472
13 473
13 485
13 502
13 505
13 509
13 510
13 512
13 513
13 515
13 516
13 522
13 523
13 525
13 528
13 530
13 531
13 594
13 599
13 617
13 622
13 634
13 645
13 706
13 715
13 724
13 725
13 728
13 735
13 736
13 762
13 765
13 766
13 780
13 792
13 803
13 813
14 18
14 28
14 30
14 31
14 34
14 35
14 43
14 49
14 55
14 56
14 69
14 73
14 84
14 85
14 86
14 87
14 88
14 89
14 90
14 91
14 92
14 93
14 94
14 95
14 96
14 97
14 98
14 99
14 100
14 101
14 102
14 103
14 104
14 105
14 106
14 107
14 108
14 109
14 110
14 111
14 112
14 113
14 114
14 115
14 116
14 117
14 118
14 119
14 120
14 121
14 122
14 123
14 124
14 125
14 126
14 127
14 128
14 129
14 130
14 131
14 132
14 133
14 136
14 137
14 138
14 139
14 140
14 141
14 142
14 143
14 144
14 145
14 146
14 147
14 148
14 149
14 150
14 151
14 152
14 153
14 154
14 155
14 158
14 173
14 174
14 184
14 213
14 214
14 217
14 218
14 220
14 224
14 225
14 226
14 227
14 228
14 331
14 332
14 333
14 334
14 335
14 336
14 337
14 338
14 339
14 340
14 341
14 343
14 344
14 546
14 547
14 562
14 565
14 567
14 612
14 658
14 659
14 663
14 670
14 672
14 675
14 676
14 678
14 681
14 682
14 684
14 685
14 686
14 797
14 800
14 808
14 811
14 819
14 841
14 848
14 855
14 860
14 863
14 866
14 867
14 872
14 874
14 890
15 16
15 17
15 40
15 45
15 47
15 64
15 70
15 83
15 84
15 85
15 86
15 87
15 88
15 89
15 90
15 91
15 92
15 93
15 94
15 95
15 96
15 97
15 98
15 99
15 100
15 101
15 102
15 103
15 104
15 105
15 106
15 107
15 108
15 109
15 110
15 111
15 112
15 113
15 114
15 115
15 116
15 117
15 118
15 119
15 120
15 121
15 122
15 123
15 124
15 125
15 126
15 127
15 128
15 129
15 130
15 131
15 132
15 133
15 134
15 135
15 159
15 160
15 161
15 162
15 163
15 164
15 213
15 217
15 220
15 221
15 222
15 224
15 225
15 226
15 227
15 228
15 243
15 246
15 247
15 248
15 249
15 250
15 251
15 252
15 253
15 254
15 255
15 256
15 257
15 258
15 259
15 260
15 261
15 262
15 263
15 342
15 470
15 471
15 503
15 534
15 536
15 537
15 545
15 549
15 553
15 563
15 566
15 573
15 574
15 575
15 576
15 577
15 578
15 579
15 580
15 581
15 582
15 595
15 600
15 603
15 607
15 611
15 615
15 637
15 644
15 648
15 650
15 653
15 664
15 667
15 687
15 690
16 17
16 20
16 25
16 32
16 33
16 35
16 37
16 39
16 40
16 41
16 45
16 47
16 51
16 64
16 70
16 83
16 84
16 85
16 86
16 87
16 88
16 89
16 90
16 91
16 92
16 93
16 94
16 95
16 96
16 97
16 98
16 99
16 100
16 101
16 102
16 103
16 104
16 105
16 106
16 107
16 108
16 109
16 110
16 111
16 112
16 113
16 114
16 115
16 116
16 117
16 118
16 119
16 120
16 121
16 122
16 123
16 124
16 125
16 126
16 127
16 128
16 129
16 130
16 131
16 132
16 133
16 134
16 135
16 159
16 160
16 161
16 162
16 163
16 164
16 179
16 184
16 186
16 210
16 213
16 217
16 220
16 222
16 224
16 225
16 226
16 227
16 228
16 342
16 470
16 471
16 503
16 534
16 536
16 537
16 545
16 549
16 553
16 563
16 566
16 573
16 574
16 575
16 576
16 577
16 578
16 579
16 580
16 581
16 582
16 595
16 600
16 603
16 607
16 611
16 615
16 637
16 644
16 648
16 650
16 653
16 664
16 667
16 687
16 690
17 40
17 45
17 47
17 64
17 70
17 83
17 84
17 85
17 86
17 87
17 88
17 89
17 90
17 91
17 92
17 93
17 94
17 95
17 96
17 97
17 98
17 99
17 100
17 101
17 102
17 103
17 104
17 105
17 106
17 107
17 108
17 109
17 110
17 111
17 112
17 113
17 114
17 115
17 116
17 117
17 118
17 119
17 120
17 121
17 122
17 123
17 124
17 125
17 126
17 127
17 128
17 129
17 130
17 131
17 132
17 133
17 134
17 135
17 159
17 160
17 161
17 162
17 163
17 164
17 213
17 217
17 220
17 222
17 224
17 225
17 226
17 227
17 228
17 342
17 470
17 471
17 503
17 534
17 536
17 537
17 545
17 549
17 553
17 563
17 566
17 573
17 574
17 575
17 576
17 577
17 578
17 579
17 580
17 581
17 582
17 595
17 600
17 603
17 607
17 611
17 615
17 637
17 644
17 648
17 650
17 653
17 664
17 667
17 687
17 690
18 24
18 32
18 34
18 37
18 40
18 57
18 84
18 85
18 86
18 87
18 88
18 89
18 90
18 91
18 92
18 93
18 94
18 95
18 96
18 97
18 98
18 99
18 100
18 101
18 102
18 103
18 104
18 105
18 106
18 107
18 108
18 109
18 110
18 111
18 112
18 113
18 114
18 115
18 116
18 117
18 118
18 119
18 120
18 121
18 122
18 123
18 124
18 125
18 126
18 127
18 128
18 129
18 130
18 131
18 132
18 133
18 136
18 137
18 138
18 139
18 140
18 141
18 142
18 143
18 144
18 145
18 146
18 147
18 148
18 149
18 150
18 151
18 152
18 153
18 154
18 155
18 158
18 174
18 178
18 183
18 192
18 195
18 196
18 197
18 198
18 199
18 200
18 201
18 202
18 203
18 204
18 205
18 206
18 207
18 208
18 209
18 212
18 213
18 217
18 219
18 220
18 224
18 225
18 226
18 227
18 228
18 229
18 289
18 290
18 291
18 292
18 293
18 294
18 295
18 296
18 297
18 298
18 299
18 300
18 301
18 302
18 303
18 304
18 305
18 306
18 307
18 308
18 309
18 310
18 311
18 437
18 448
18 454
18 472
18 473
18 485
18 502
18 570
19 35
19 69
19 84
19 85
19 86
19 87
19 88
19 89
19 90
19 91
19 92
19 93
19 94
19 95
19 96
19 97
19 98
19 99
19 100
19 101
19 102
19 103
19 104
19 105
19 106
19 107
19 108
19 109
19 110
19 111
19 112
19 113
19 114
19 115
19 116
19 117
19 118
19 119
19 120
19 121
19 122
19 123
19 124
19 125
19 126
19 127
19 128
19 129
19 130
19 131
19 132
19 133
19 213
19 217
19 220
19 224
19 225
19 226
19 227
19 228
19 241
19 474
19 477
19 481
19 483
19 491
19 652
19 654
19 655
19 656
19 661
19 673
19 674
19 679
19 680
19 683
19 709
19 799
19 802
19 805
19 807
19 814
19 815
19 816
19 817
19 822
19 825
19 826
19 837
19 838
19 872
20 42
20 243
20 246
20 247
20 248
20 249
20 250
20 251
20 252
20 253
20 254
20 255
20 256
20 257
20 258
20 259
20 260
20 261
20 262
20 263
20 363
20 366
20 368
20 370
20 373
20 377
20 378
20 380
20 381
20 389
20 391
20 393
20 394
20 397
20 505
20 509
20 510
20 512
20 513
20 515
20 516
20 522
20 523
20 525
20 528
20 530
20 531
20 706
20 715
20 724
20 725
20 735
20 762
20 765
21 69
21 241
21 437
21 448
21 454
21 474
21 477
21 481
21 483
21 491
21 652
21 654
21 655
21 656
21 661
21 673
21 674
21 679
21 680
21 683
21 799
21 802
21 805
21 807
21 814
21 815
21 816
21 817
21 822
21 826
21 837
21 838
22 37
22 57
22 69
22 84
22 85
22 86
22 87
22 88
22 89
22 90
22 91
22 92
22 93
22 94
22 95
22 96
22 97
22 98
22 99
22 100
22 101
22 102
22 103
22 104
22 105
22 106
22 107
22 108
22 109
22 110
22 111
22 112
22 113
22 114
22 115
22 116
22 117
22 118
22 119
22 120
22 121
22 122
22 123
22 124
22 125
22 126
22 127
22 128
22 129
22 130
22 131
22 132
22 133
22 213
22 217
22 220
22 224
22 225
22 226
22 227
22 228
22 241
22 330
22 474
22 477
22 481
22 483
22 491
22 652
22 654
22 655
22 656
22 661
22 673
22 674
22 679
22 680
22 683
22 799
22 802
22 805
22 807
22 814
22 815
22 816
22 817
22 822
22 826
22 837
22 838
22 872
23 69
23 84
23 85
23 86
23 87
23 88
23 89
23 90
23 91
23 92
23 93
23 94
23 95
23 96
23 97
23 98
23 99
23 100
23 101
23 102
23 103
23 104
23 105
23 106
23 107
23 108
23 109
23 110
23 111
23 112
23 113
23 114
23 115
23 116
23 117
23 118
23 119
23 120
23 121
23 122
23 123
23 124
23 125
23 126
23 127
23 128
23 129
23 130
23 131
23 132
23 133
23 213
23 217
23 220
23 224
23 225
23 226
23 227
23 228
23 241
23 330
23 474
23 477
23 481
23 483
23 491
23 652
23 654
23 655
23 656
23 661
23 673
23 674
23 679
23 680
23 683
23 799
23 802
23 805
23 807
23 814
23 815
23 816
23 817
23 822
23 826
23 837
23 838
23 872
24 27
24 28
24 32
24 43
24 57
24 73
24 156
24 179
24 212
24 221
24 331
24 332
24 333
24 334
24 335
24 336
24 337
24 338
24 339
24 340
24 341
24 343
24 344
24 402
24 403
24 404
24 405
24 406
24 407
24 408
24 409
24 410
24 411
24 413
24 503
24 902
24 903
24 913
24 925
24 926
24 927
24 928
24 929
24 931
24 932
24 984
24 992
25 40
25 59
25 82
25 216
25 243
25 246
25 247
25 248
25 249
25 250
25 251
25 252
25 253
25 254
25 255
25 256
25 257
25 258
25 259
25 260
25 261
25 262
25 263
25 289
25 290
25 291
25 292
25 293
25 294
25 295
25 296
25 297
25 298
25 299
25 300
25 301
25 302
25 303
25 304
25 305
25 306
25 307
25 308
25 309
25 310
25 311
25 363
25 366
25 368
25 370
25 373
25 377
25 378
25 380
25 381
25 389
25 391
25 393
25 394
25 397
26 42
26 363
26 366
26 368
26 370
26 373
26 377
26 378
26 380
26 381
26 389
26 391
26 393
26 394
26 397
26 505
26 509
26 510
26 512
26 513
26 515
26 516
26 522
26 523
26 525
26 528
26 530
26 531
26 706
26 715
26 724
26 725
26 735
26 762
26 765
27 34
27 37
27 55
27 57
27 136
27 137
27 138
27 139
27 140
27 141
27 142
27 143
27 144
27 145
27 146
27 147
27 148
27 149
27 150
27 151
27 152
27 153
27 154
27 155
27 158
27 174
27 178
27 183
27 192
27 193
27 194
27 195
27 196
27 197
27 198
27 199
27 200
27 201
27 202
27 203
27 204
27 205
27 206
27 207
27 208
27 209
27 211
27 212
27 219
27 229
27 546
27 547
27 562
27 565
27 567
27 570
27 612
27 671
27 797
27 800
27 808
27 810
27 819
27 877
27 882
28 31
28 34
28 40
28 53
28 55
28 56
28 77
28 84
28 85
28 86
28 87
28 88
28 89
28 90
28 91
28 92
28 93
28 94
28 95
28 96
28 97
28 98
28 99
28 100
28 101
28 102
28 103
28 104
28 105
28 106
28 107
28 108
28 109
28 110
28 111
28 112
28 113
28 114
28 115
28 116
28 117
28 118
28 119
28 120
28 121
28 122
28 123
28 124
28 125
28 126
28 127
28 128
28 129
28 130
28 131
28 132
28 133
28 173
28 213
28 215
28 217
28 218
28 220
28 221
28 224
28 225
28 226
28 227
28 228
28 230
28 232
28 238
28 289
28 290
28 291
28 292
28 293
28 294
28 295
28 296
28 297
28 298
28 299
28 300
28 301
28 302
28 303
28 304
28 305
28 306
28 307
28 308
28 309
28 310
28 311
28 470
28 472
28 473
28 485
28 502
28 504
28 506
28 507
28 517
28 519
28 520
28 532
28 534
28 890
29 33
29 44
29 60
29 61
29 62
29 84
29 85
29 86
29 87
29 88
29 89
29 90
29 91
29 92
29 93
29 94
29 95
29 96
29 97
29 98
29 99
29 100
29 101
29 102
29 103
29 104
29 105
29 106
29 107
29 108
29 109
29 110
29 111
29 112
29 113
29 114
29 115
29 116
29 117
29 118
29 119
29 120
29 121
29 122
29 123
29 124
29 125
29 126
29 127
29 128
29 129
29 130
29 131
29 132
29 133
29 213
29 217
29 220
29 224
29 225
29 226
29 227
29 228
29 312
29 426
29 430
29 439
29 442
29 444
29 450
29 457
29 535
29 537
29 545
29 549
29 553
29 563
29 566
29 649
29 691
29 801
29 804
29 806
29 812
29 820
30 40
30 84
30 85
30 86
30 87
30 88
30 89
30 90
30 91
30 92
30 93
30 94
30 95
30 96
30 97
30 98
30 99
30 100
30 101
30 102
30 103
30 104
30 105
30 106
30 107
30 108
30 109
30 110
30 111
30 112
30 113
30 114
30 115
30 116
30 117
30 118
30 119
30 120
30 121
30 122
30 123
30 124
30 125
30 126
30 127
30 128
30 129
30 130
30 131
30 132
30 133
30 213
30 217
30 220
30 224
30 225
30 226
30 227
30 228
30 289
30 290
30 291
30 292
30 293
30 294
30 295
30 296
30 297
30 298
30 299
30 300
30 301
30 302
30 303
30 304
30 305
30 306
30 307
30 308
30 309
30 310
30 311
30 330
30 437
30 448
30 454
30 472
30 473
30 485
30 502
30 692
30 821
31 40
31 57
31 84
31 85
31 86
31 87
31 88
31 89
31 90
31 91
31 92
31 93
31 94
31 95
31 96
31 97
31 98
31 99
31 100
31 101
31 102
31 103
31 104
31 105
31 106
31 107
31 108
31 109
31 110
31 111
31 112
31 113
31 114
31 115
31 116
31 117
31 118
31 119
31 120
31 121
31 122
31 123
31 124
31 125
31 126
31 127
31 128
31 129
31 130
31 131
31 132
31 133
31 193
31 194
31 213
31 217
31 220
31 224
31 225
31 226
31 227
31 228
31 289
31 290
31 291
31 292
31 293
31 294
31 295
31 296
31 297
31 298
31 299
31 300
31 301
31 302
31 303
31 304
31 305
31 306
31 307
31 308
31 309
31 310
31 311
31 437
31 448
31 454
31 472
31 473
31 485
31 502
32 34
32 37
32 43
32 51
32 57
32 136
32 137
32 138
32 139
32 140
32 141
32 142
32 143
32 144
32 145
32 146
32 147
32 148
32 149
32 150
32 151
32 152
32 153
32 154
32 155
32 158
32 174
32 178
32 183
32 192
32 195
32 196
32 197
32 198
32 199
32 200
32 201
32 202
32 203
32 204
32 205
32 206
32 207
32 208
32 209
32 219
32 229
32 243
32 246
32 247
32 248
32 249
32 250
32 251
32 252
32 253
32 254
32 255
32 256
32 257
32 258
32 259
32 260
32 261
32 262
32 263
32 570
32 858
32 882
33 44
33 48
33 52
33 60
33 61
33 62
33 84
33 85
33 86
33 87
33 88
33 89
33 90
33 91
33 92
33 93
33 94
33 95
33 96
33 97
33 98
33 99
33 100
33 101
33 102
33 103
33 104
33 105
33 106
33 107
33 108
33 109
33 110
33 111
33 112
33 113
33 114
33 115
33 116
33 117
33 118
33 119
33 120
33 121
33 122
33 123
33 124
33 125
33 126
33 127
33 128
33 129
33 130
33 131
33 132
33 133
33 213
33 217
33 220
33 224
33 225
33 226
33 227
33 228
33 243
33 246
33 247
33 248
33 249
33 250
33 251
33 252
33 253
33 254
33 255
33 256
33 257
33 258
33 259
33 260
33 261
33 262
33 263
33 312
33 535
33 649
33 691
33 803
33 813
34 55
34 56
34 73
34 84
34 85
34 86
34 87
34 88
34 89
34 90
34 91
34 92
34 93
34 94
34 95
34 96
34 97
34 98
34 99
34 100
34 101
34 102
34 103
34 104
34 105
34 106
34 107
34 108
34 109
34 110
34 111
34 112
34 113
34 114
34 115
34 116
34 117
34 118
34 119
34 120
34 121
34 122
34 123
34 124
34 125
34 126
34 127
34 128
34 129
34 130
34 131
34 132
34 133
34 178
34 183
34 192
34 195
34 196
34 197
34 198
34 199
34 200
34 201
34 202
34 203
34 204
34 205
34 206
34 207
34 208
34 209
34 213
34 217
34 219
34 220
34 224
34 225
34 226
34 227
34 228
34 229
34 230
34 233
34 331
34 332
34 333
34 334
34 335
34 336
34 337
34 338
34 339
34 340
34 341
34 343
34 344
35 40
35 50
35 243
35 246
35 247
35 248
35 249
35 250
35 251
35 252
35 253
35 254
35 255
35 256
35 257
35 258
35 259
35 260
35 261
35 262
35 263
35 289
35 290
35 291
35 292
35 293
35 294
35 295
35 296
35 297
35 298
35 299
35 300
35 301
35 302
35 303
35 304
35 305
35 306
35 307
35 308
35 309
35 310
35 311
35 472
35 473
35 485
35 502
36 46
36 48
36 53
36 63
36 72
36 156
36 165
36 175
36 176
36 180
36 181
36 182
36 212
36 265
36 266
36 267
36 268
36 269
36 270
36 271
36 272
36 273
36 274
36 275
36 276
36 277
36 278
36 279
36 280
36 281
36 282
36 283
36 284
36 285
36 286
36 287
36 288
36 345
36 426
36 430
36 439
36 442
36 444
36 450
36 457
36 510
36 513
36 516
36 522
36 525
36 528
36 531
37 40
37 43
37 49
37 173
37 212
37 214
37 243
37 246
37 247
37 248
37 249
37 250
37 251
37 252
37 253
37 254
37 255
37 256
37 257
37 258
37 259
37 260
37 261
37 262
37 263
37 289
37 290
37 291
37 292
37 293
37 294
37 295
37 296
37 297
37 298
37 299
37 300
37 301
37 302
37 303
37 304
37 305
37 306
37 307
37 308
37 309
37 310
37 311
37 330
37 692
37 708
37 764
37 798
37 818
38 52
38 59
38 84
38 85
38 86
38 87
38 88
38 89
38 90
38 91
38 92
38 93
38 94
38 95
38 96
38 97
38 98
38 99
38 100
38 101
38 102
38 103
38 104
38 105
38 106
38 107
38 108
38 109
38 110
38 111
38 112
38 113
38 114
38 115
38 116
38 117
38 118
38 119
38 120
38 121
38 122
38 123
38 124
38 125
38 126
38 127
38 128
38 129
38 130
38 131
38 132
38 133
38 185
38 213
38 217
38 220
38 224
38 225
38 226
38 227
38 228
38 594
38 599
38 617
38 622
38 634
38 645
38 803
38 813
39 243
39 246
39 247
39 248
39 249
39 250
39 251
39 252
39 253
39 254
39 255
39 256
39 257
39 258
39 259
39 260
39 261
39 262
39 263
39 583
39 586
39 588
39 592
39 596
39 602
39 604
39 606
39 609
39 610
39 620
39 627
39 632
39 635
39 638
39 640
39 646
39 741
39 900
39 910
39 917
39 920
39 923
40 41
40 45
40 46
40 47
40 49
40 50
40 51
40 57
40 64
40 70
40 84
40 85
40 86
40 87
40 88
40 89
40 90
40 91
40 92
40 93
40 94
40 95
40 96
40 97
40 98
40 99
40 100
40 101
40 102
40 103
40 104
40 105
40 106
40 107
40 108
40 109
40 110
40 111
40 112
40 113
40 114
40 115
40 116
40 117
40 118
40 119
40 120
40 121
40 122
40 123
40 124
40 125
40 126
40 127
40 128
40 129
40 130
40 131
40 132
40 133
40 134
40 135
40 159
40 160
40 161
40 162
40 163
40 164
40 168
40 193
40 194
40 211
40 213
40 217
40 220
40 224
40 225
40 226
40 227
40 228
40 342
40 470
40 471
40 503
40 536
40 573
40 574
40 575
40 576
40 577
40 578
40 579
40 580
40 650
41 241
41 243
41 246
41 247
41 248
41 249
41 250
41 251
41 252
41 253
41 254
41 255
41 256
41 257
41 258
41 259
41 260
41 261
41 262
41 263
41 289
41 290
41 291
41 292
41 293
41 294
41 295
41 296
41 297
41 298
41 299
41 300
41 301
41 302
41 303
41 304
41 305
41 306
41 307
41 308
41 309
41 310
41 311
41 572
42 505
42 509
42 510
42 512
42 513
42 515
42 516
42 522
42 523
42 525
42 528
42 530
42 531
42 706
42 715
42 724
42 725
42 735
42 762
42 765
43 57
43 178
43 183
43 192
43 195
43 196
43 197
43 198
43 199
43 200
43 201
43 202
43 203
43 204
43 205
43 206
43 207
43 208
43 209
43 212
43 219
43 229
43 233
43 472
43 473
43 485
43 502
43 570
43 810
43 882
44 48
44 52
44 60
44 61
44 62
44 84
44 85
44 86
44 87
44 88
44 89
44 90
44 91
44 92
44 93
44 94
44 95
44 96
44 97
44 98
44 99
44 100
44 101
44 102
44 103
44 104
44 105
44 106
44 107
44 108
44 109
44 110
44 111
44 112
44 113
44 114
44 115
44 116
44 117
44 118
44 119
44 120
44 121
44 122
44 123
44 124
44 125
44 126
44 127
44 128
44 129
44 130
44 131
44 132
44 133
44 213
44 214
44 217
44 220
44 224
44 225
44 226
44 227
44 228
44 312
44 535
44 649
44 691
44 803
44 813
45 47
45 64
45 70
45 84
45 85
45 86
45 87
45 88
45 89
45 90
45 91
45 92
45 93
45 94
45 95
45 96
45 97
45 98
45 99
45 100
45 101
45 102
45 103
45 104
45 105
45 106
45 107
45 108
45 109
45 110
45 111
45 112
45 113
45 114
45 115
45 116
45 117
45 118
45 119
45 120
45 121
45 122
45 123
45 124
45 125
45 126
45 127
45 128
45 129
45 130
45 131
45 132
45 133
45 134
45 135
45 159
45 160
45 161
45 162
45 163
45 164
45 213
45 217
45 220
45 224
45 225
45 226
45 227
45 228
45 342
45 470
45 471
45 503
45 536
45 573
45 574
45 575
45 576
45 577
45 578
45 579
45 580
45 650
46 84
46 85
46 86
46 87
46 88
46 89
46 90
46 91
46 92
46 93
46 94
46 95
46 96
46 97
46 98
46 99
46 100
46 101
46 102
46 103
46 104
46 105
46 106
46 107
46 108
46 109
46 110
46 111
46 112
46 113
46 114
46 115
46 116
46 117
46 118
46 119
46 120
46 121
46 122
46 123
46 124
46 125
46 126
46 127
46 128
46 129
46 130
46 131
46 132
46 133
46 213
46 217
46 220
46 224
46 225
46 226
46 227
46 228
46 289
46 290
46 291
46 292
46 293
46 294
46 295
46 296
46 297
46 298
46 299
46 300
46 301
46 302
46 303
46 304
46 305
46 306
46 307
46 308
46 309
46 310
46 311
46 345
47 50
47 64
47 70
47 84
47 85
47 86
47 87
47 88
47 89
47 90
47 91
47 92
47 93
47 94
47 95
47 96
47 97
47 98
47 99
47 100
47 101
47 102
47 103
47 104
47 105
47 106
47 107
47 108
47 109
47 110
47 111
47 112
47 113
47 114
47 115
47 116
47 117
47 118
47 119
47 120
47 121
47 122
47 123
47 124
47 125
47 126
47 127
47 128
47 129
47 130
47 131
47 132
47 133
47 134
47 135
47 159
47 160
47 161
47 162
47 163
47 164
47 213
47 217
47 220
47 224
47 225
47 226
47 227
47 228
47 342
47 470
47 471
47 503
47 536
47 573
47 574
47 575
47 576
47 577
47 578
47 579
47 580
47 650
48 84
48 85
48 86
48 87
48 88
48 89
48 90
48 91
48 92
48 93
48 94
48 95
48 96
48 97
48 98
48 99
48 100
48 101
48 102
48 103
48 104
48 105
48 106
48 107
48 108
48 109
48 110
48 111
48 112
48 113
48 114
48 115
48 116
48 117
48 118
48 119
48 120
48 121
48 122
48 123
48 124
48 125
48 126
48 127
48 128
48 129
48 130
48 131
48 132
48 133
48 165
48 175
48 213
48 217
48 220
48 224
48 225
48 226
48 227
48 228
48 985
48 989
49 289
49 290
49 291
49 292
49 293
49 294
49 295
49 296
49 297
49 298
49 299
49 300
49 301
49 302
49 303
49 304
49 305
49 306
49 307
49 308
49 309
49 310
49 311
49 472
49 473
49 485
49 502
50 289
50 290
50 291
50 292
50 293
50 294
50 295
50 296
50 297
50 298
50 299
50 300
50 301
50 302
50 303
50 304
50 305
50 306
50 307
50 308
50 309
50 310
50 311
50 330
50 379
50 382
50 383
50 384
50 385
50 386
50 387
50 388
50 390
50 392
50 395
50 396
50 399
50 400
50 401
51 243
51 246
51 247
51 248
51 249
51 250
51 251
51 252
51 253
51 254
51 255
51 256
51 257
51 258
51 259
51 260
51 261
51 262
51 263
51 289
51 290
51 291
51 292
51 293
51 294
51 295
51 296
51 297
51 298
51 299
51 300
51 301
51 302
51 303
51 304
51 305
51 306
51 307
51 308
51 309
51 310
51 311
52 363
52 366
52 368
52 370
52 373
52 377
52 378
52 380
52 381
52 389
52 391
52 393
52 394
52 397
53 73
53 84
53 85
53 86
53 87
53 88
53 89
53 90
53 91
53 92
53 93
53 94
53 95
53 96
53 97
53 98
53 99
53 100
53 101
53 102
53 103
53 104
53 105
53 106
53 107
53 108
53 109
53 110
53 111
53 112
53 113
53 114
53 115
53 116
53 117
53 118
53 119
53 120
53 121
53 122
53 123
53 124
53 125
53 126
53 127
53 128
53 129
53 130
53 131
53 132
53 133
53 213
53 217
53 220
53 224
53 225
53 226
53 227
53 228
53 331
53 332
53 333
53 334
53 335
53 336
53 337
53 338
53 339
53 340
53 341
53 343
53 344
53 345
53 709
54 84
54 85
54 86
54 87
54 88
54 89
54 90
54 91
54 92
54 93
54 94
54 95
54 96
54 97
54 98
54 99
54 100
54 101
54 102
54 103
54 104
54 105
54 106
54 107
54 108
54 109
54 110
54 111
54 112
54 113
54 114
54 115
54 116
54 117
54 118
54 119
54 120
54 121
54 122
54 123
54 124
54 125
54 126
54 127
54 128
54 129
54 130
54 131
54 132
54 133
54 177
54 213
54 217
54 220
54 224
54 225
54 226
54 227
54 228
54 426
54 430
54 439
54 442
54 444
54 450
54 457
55 56
55 73
55 84
55 85
55 86
55 87
55 88
55 89
55 90
55 91
55 92
55 93
55 94
55 95
55 96
55 97
55 98
55 99
55 100
55 101
55 102
55 103
55 104
55 105
55 106
55 107
55 108
55 109
55 110
55 111
55 112
55 113
55 114
55 115
55 116
55 117
55 118
55 119
55 120
55 121
55 122
55 123
55 124
55 125
55 126
55 127
55 128
55 129
55 130
55 131
55 132
55 133
55 213
55 217
55 220
55 224
55 225
55 226
55 227
55 228
55 230
55 331
55 332
55 333
55 334
55 335
55 336
55 337
55 338
55 339
55 340
55 341
55 343
55 344
55 470
56 73
56 84
56 85
56 86
56 87
56 88
56 89
56 90
56 91
56 92
56 93
56 94
56 95
56 96
56 97
56 98
56 99
56 100
56 101
56 102
56 103
56 104
56 105
56 106
56 107
56 108
56 109
56 110
56 111
56 112
56 113
56 114
56 115
56 116
56 117
56 118
56 119
56 120
56 121
56 122
56 123
56 124
56 125
56 126
56 127
56 128
56 129
56 130
56 131
56 132
56 133
56 213
56 217
56 220
56 224
56 225
56 226
56 227
56 228
56 230
56 331
56 332
56 333
56 334
56 335
56 336
56 337
56 338
56 339
56 340
56 341
56 343
56 344
57 289
57 290
57 291
57 292
57 293
57 294
57 295
57 296
57 297
57 298
57 299
57 300
57 301
57 302
57 303
57 304
57 305
57 306
57 307
57 308
57 309
57 310
57 311
57 692
57 694
57 698
57 700
57 712
57 722
57 729
57 731
57 737
57 739
57 743
57 748
57 751
57 754
57 758
58 363
58 366
58 368
58 370
58 373
58 377
58 378
58 801
58 804
58 806
58 812
58 820
59 78
59 84
59 85
59 86
59 87
59 88
59 89
59 90
59 91
59 92
59 93
59 94
59 95
59 96
59 97
59 98
59 99
59 100
59 101
59 102
59 103
59 104
59 105
59 106
59 107
59 108
59 109
59 110
59 111
59 112
59 113
59 114
59 115
59 116
59 117
59 118
59 119
59 120
59 121
59 122
59 123
59 124
59 125
59 126
59 127
59 128
59 129
59 130
59 131
59 132
59 133
59 165
59 185
59 187
59 213
59 217
59 220
59 224
59 225
59 226
59 227
59 228
59 889
60 61
60 62
60 84
60 85
60 86
60 87
60 88
60 89
60 90
60 91
60 92
60 93
60 94
60 95
60 96
60 97
60 98
60 99
60 100
60 101
60 102
60 103
60 104
60 105
60 106
60 107
60 108
60 109
60 110
60 111
60 112
60 113
60 114
60 115
60 116
60 117
60 118
60 119
60 120
60 121
60 122
60 123
60 124
60 125
60 126
60 127
60 128
60 129
60 130
60 131
60 132
60 133
60 213
60 217
60 220
60 224
60 225
60 226
60 227
60 228
60 312
60 535
60 649
60 691
61 62
61 84
61 85
61 86
61 87
61 88
61 89
61 90
61 91
61 92
61 93
61 94
61 95
61 96
61 97
61 98
61 99
61 100
61 101
61 102
61 103
61 104
61 105
61 106
61 107
61 108
61 109
61 110
61 111
61 112
61 113
61 114
61 115
61 116
61 117
61 118
61 119
61 120
61 121
61 122
61 123
61 124
61 125
61 126
61 127
61 128
61 129
61 130
61 131
61 132
61 133
61 213
61 217
61 220
61 224
61 225
61 226
61 227
61 228
61 312
61 535
61 649
61 691
62 84
62 85
62 86
62 87
62 88
62 89
62 90
62 91
62 92
62 93
62 94
62 95
62 96
62 97
62 98
62 99
62 100
62 101
62 102
62 103
62 104
62 105
62 106
62 107
62 108
62 109
62 110
62 111
62 112
62 113
62 114
62 115
62 116
62 117
62 118
62 119
62 120
62 121
62 122
62 123
62 124
62 125
62 126
62 127
62 128
62 129
62 130
62 131
62 132
62 133
62 213
62 217
62 220
62 224
62 225
62 226
62 227
62 228
62 312
62 535
62 649
62 691
63 175
63 264
63 772
63 985
63 989
64 134
64 135
64 159
64 160
64 161
64 162
64 163
64 164
64 342
64 470
64 471
64 503
64 536
64 573
64 574
64 575
64 576
64 577
64 578
64 579
64 580
64 650
65 244
65 245
66 157
66 166
66 171
66 172
66 212
66 231
66 289
66 412
66 625
66 839
66 870
66 871
66 886
66 891
66 892
66 893
66 894
66 895
66 896
66 897
66 898
66 899
67 68
67 84
67 85
67 86
67 87
67 88
67 89
67 90
67 91
67 92
67 93
67 94
67 95
67 96
67 97
67 98
67 99
67 100
67 101
67 102
67 103
67 104
67 105
67 106
67 107
67 108
67 109
67 110
67 111
67 112
67 113
67 114
67 115
67 116
67 117
67 118
67 119
67 120
67 121
67 122
67 123
67 124
67 125
67 126
67 127
67 128
67 129
67 130
67 131
67 132
67 133
67 213
67 217
67 220
67 224
67 225
67 226
67 227
67 228
67 242
67 768
67 795
67 796
68 84
68 85
68 86
68 87
68 88
68 89
68 90
68 91
68 92
68 93
68 94
68 95
68 96
68 97
68 98
68 99
68 100
68 101
68 102
68 103
68 104
68 105
68 106
68 107
68 108
68 109
68 110
68 111
68 112
68 113
68 114
68 115
68 116
68 117
68 118
68 119
68 120
68 121
68 122
68 123
68 124
68 125
68 126
68 127
68 128
68 129
68 130
68 131
68 132
68 133
68 213
68 217
68 220
68 224
68 225
68 226
68 227
68 228
68 242
68 768
68 795
68 796
69 84
69 85
69 86
69 87
69 88
69 89
69 90
69 91
69 92
69 93
69 94
69 95
69 96
69 97
69 98
69 99
69 100
69 101
69 102
69 103
69 104
69 105
69 106
69 107
69 108
69 109
69 110
69 111
69 112
69 113
69 114
69 115
69 116
69 117
69 118
69 119
69 120
69 121
69 122
69 123
69 124
69 125
69 126
69 127
69 128
69 129
69 130
69 131
69 132
69 133
69 213
69 217
69 220
69 224
69 225
69 226
69 227
69 228
69 683
70 380
70 381
70 389
70 391
70 393
70 394
70 397
71 74
71 75
71 76
71 77
71 80
71 81
71 84
71 85
71 86
71 87
71 88
71 89
71 90
71 91
71 92
71 93
71 94
71 95
71 96
71 97
71 98
71 99
71 100
71 101
71 102
71 103
71 104
71 105
71 106
71 107
71 108
71 109
71 110
71 111
71 112
71 113
71 114
71 115
71 116
71 117
71 118
71 119
71 120
71 121
71 122
71 123
71 124
71 125
71 126
71 127
71 128
71 129
71 130
71 131
71 132
71 133
71 213
71 217
71 220
71 224
71 225
71 226
71 227
71 228
71 289
71 412
71 870
72 84
72 85
72 86
72 87
72 88
72 89
72 90
72 91
72 92
72 93
72 94
72 95
72 96
72 97
72 98
72 99
72 100
72 101
72 102
72 103
72 104
72 105
72 106
72 107
72 108
72 109
72 110
72 111
72 112
72 113
72 114
72 115
72 116
72 117
72 118
72 119
72 120
72 121
72 122
72 123
72 124
72 125
72 126
72 127
72 128
72 129
72 130
72 131
72 132
72 133
72 213
72 217
72 220
72 224
72 225
72 226
72 227
72 228
72 345
72 708
72 764
73 84
73 85
73 86
73 87
73 88
73 89
73 90
73 91
73 92
73 93
73 94
73 95
73 96
73 97
73 98
73 99
73 100
73 101
73 102
73 103
73 104
73 105
73 106
73 107
73 108
73 109
73 110
73 111
73 112
73 113
73 114
73 115
73 116
73 117
73 118
73 119
73 120
73 121
73 122
73 123
73 124
73 125
73 126
73 127
73 128
73 129
73 130
73 131
73 132
73 133
73 213
73 215
73 217
73 220
73 224
73 225
73 226
73 227
73 228
73 230
73 232
73 238
74 75
74 76
74 77
74 80
74 81
74 84
74 85
74 86
74 87
74 88
74 89
74 90
74 91
74 92
74 93
74 94
74 95
74 96
74 97
74 98
74 99
74 100
74 101
74 102
74 103
74 104
74 105
74 106
74 107
74 108
74 109
74 110
74 111
74 112
74 113
74 114
74 115
74 116
74 117
74 118
74 119
74 120
74 121
74 122
74 123
74 124
74 125
74 126
74 127
74 128
74 129
74 130
74 131
74 132
74 133
74 213
74 217
74 220
74 224
74 225
74 226
74 227
74 228
75 76
75 77
75 80
75 81
75 84
75 85
75 86
75 87
75 88
75 89
75 90
75 91
75 92
75 93
75 94
75 95
75 96
75 97
75 98
75 99
75 100
75 101
75 102
75 103
75 104
75 105
75 106
75 107
75 108
75 109
75 110
75 111
75 112
75 113
75 114
75 115
75 116
75 117
75 118
75 119
75 120
75 121
75 122
75 123
75 124
75 125
75 126
75 127
75 128
75 129
75 130
75 131
75 132
75 133
75 213
75 217
75 220
75 224
75 225
75 226
75 227
75 228
76 77
76 80
76 81
76 84
76 85
76 86
76 87
76 88
76 89
76 90
76 91
76 92
76 93
76 94
76 95
76 96
76 97
76 98
76 99
76 100
76 101
76 102
76 103
76 104
76 105
76 106
76 107
76 108
76 109
76 110
76 111
76 112
76 113
76 114
76 115
76 116
76 117
76 118
76 119
76 120
76 121
76 122
76 123
76 124
76 125
76 126
76 127
76 128
76 129
76 130
76 131
76 132
76 133
76 212
76 213
76 217
76 220
76 224
76 225
76 226
76 227
76 228
77 80
77 81
77 84
77 85
77 86
77 87
77 88
77 89
77 90
77 91
77 92
77 93
77 94
77 95
77 96
77 97
77 98
77 99
77 100
77 101
77 102
77 103
77 104
77 105
77 106
77 107
77 108
77 109
77 110
77 111
77 112
77 113
77 114
77 115
77 116
77 117
77 118
77 119
77 120
77 121
77 122
77 123
77 124
77 125
77 126
77 127
77 128
77 129
77 130
77 131
77 132
77 133
77 213
77 217
77 220
77 224
77 225
77 226
77 227
77 228
78 84
78 85
78 86
78 87
78 88
78 89
78 90
78 91
78 92
78 93
78 94
78 95
78 96
78 97
78 98
78 99
78 100
78 101
78 102
78 103
78 104
78 105
78 106
78 107
78 108
78 109
78 110
78 111
78 112
78 113
78 114
78 115
78 116
78 117
78 118
78 119
78 120
78 121
78 122
78 123
78 124
78 125
78 126
78 127
78 128
78 129
78 130
78 131
78 132
78 133
78 213
78 217
78 220
78 224
78 225
78 226
78 227
78 228
79 84
79 85
79 86
79 87
79 88
79 89
79 90
79 91
79 92
79 93
79 94
79 95
79 96
79 97
79 98
79 99
79 100
79 101
79 102
79 103
79 104
79 105
79 106
79 107
79 108
79 109
79 110
79 111
79 112
79 113
79 114
79 115
79 116
79 117
79 118
79 119
79 120
79 121
79 122
79 123
79 124
79 125
79 126
79 127
79 128
79 129
79 130
79 131
79 132
79 133
79 213
79 217
79 220
79 224
79 225
79 226
79 227
79 228
80 81
80 84
80 85
80 86
80 87
80 88
80 89
80 90
80 91
80 92
80 93
80 94
80 95
80 96
80 97
80 98
80 99
80 100
80 101
80 102
80 103
80 104
80 105
80 106
80 107
80 108
80 109
80 110
80 111
80 112
80 113
80 114
80 115
80 116
80 117
80 118
80 119
80 120
80 121
80 122
80 123
80 124
80 125
80 126
80 127
80 128
80 129
80 130
80 131
80 132
80 133
80 212
80 213
80 217
80 220
80 224
80 225
80 226
80 227
80 228
80 241
81 84
81 85
81 86
81 87
81 88
81 89
81 90
81 91
81 92
81 93
81 94
81 95
81 96
81 97
81 98
81 99
81 100
81 101
81 102
81 103
81 104
81 105
81 106
81 107
81 108
81 109
81 110
81 111
81 112
81 113
81 114
81 115
81 116
81 117
81 118
81 119
81 120
81 121
81 122
81 123
81 124
81 125
81 126
81 127
81 128
81 129
81 130
81 131
81 132
81 133
81 213
81 217
81 220
81 224
81 225
81 226
81 227
81 228
82 84
82 85
82 86
82 87
82 88
82 89
82 90
82 91
82 92
82 93
82 94
82 95
82 96
82 97
82 98
82 99
82 100
82 101
82 102
82 103
82 104
82 105
82 106
82 107
82 108
82 109
82 110
82 111
82 112
82 113
82 114
82 115
82 116
82 117
82 118
82 119
82 120
82 121
82 122
82 123
82 124
82 125
82 126
82 127
82 128
82 129
82 130
82 131
82 132
82 133
82 213
82 217
82 220
82 224
82 225
82 226
82 227
82 228
83 222
83 243
83 246
83 247
83 248
83 249
83 250
83 251
83 252
83 253
83 254
83 255
83 256
83 257
83 258
83 259
83 260
83 261
83 262
83 263
83 534
84 135
84 156
84 157
84 165
84 166
84 167
84 171
84 172
84 175
84 176
84 177
84 180
84 181
84 182
84 185
84 187
84 188
84 189
84 190
84 191
84 362
85 135
85 156
85 157
85 165
85 166
85 167
85 171
85 172
85 175
85 176
85 177
85 180
85 181
85 182
85 185
85 187
85 188
85 189
85 190
85 191
85 195
85 365
85 422
85 423
85 583
85 693
85 769
86 135
86 156
86 157
86 165
86 166
86 167
86 171
86 172
86 175
86 176
86 177
86 180
86 181
86 182
86 185
86 187
86 188
86 189
86 190
86 191
86 424
86 505
86 584
86 585
86 694
86 695
86 696
86 697
86 771
87 135
87 156
87 157
87 165
87 166
87 167
87 171
87 172
87 175
87 176
87 177
87 180
87 181
87 182
87 185
87 187
87 188
87 189
87 190
87 191
87 266
87 367
87 425
87 842
87 934
87 935
88 135
88 156
88 157
88 165
88 166
88 167
88 171
88 172
88 175
88 176
88 177
88 180
88 181
88 182
88 185
88 187
88 188
88 189
88 190
88 191
89 135
89 156
89 157
89 165
89 166
89 167
89 171
89 172
89 175
89 176
89 177
89 180
89 181
89 182
89 185
89 187
89 188
89 189
89 190
89 191
89 588
89 774
90 135
90 156
90 157
90 165
90 166
90 167
90 171
90 172
90 175
90 176
90 177
90 180
90 181
90 182
90 185
90 187
90 188
90 189
90 190
90 191
90 268
90 379
90 589
91 135
91 156
91 157
91 165
91 166
91 167
91 171
91 172
91 175
91 176
91 177
91 180
91 181
91 182
91 185
91 187
91 188
91 189
91 190
91 191
91 196
91 269
91 775
91 823
91 844
92 135
92 156
92 157
92 165
92 166
92 167
92 171
92 172
92 175
92 176
92 177
92 180
92 181
92 182
92 185
92 187
92 188
92 189
92 190
92 191
92 382
92 459
92 592
92 593
92 710
93 135
93 156
93 157
93 165
93 166
93 167
93 171
93 172
93 175
93 176
93 177
93 180
93 181
93 182
93 185
93 187
93 188
93 189
93 190
93 191
93 197
93 271
93 291
93 369
93 383
93 428
93 429
93 460
93 508
93 509
93 510
93 541
93 594
93 596
93 597
93 598
93 660
93 712
93 713
93 714
93 715
93 716
93 776
93 829
93 849
93 879
93 906
93 943
93 944
93 945
94 135
94 156
94 157
94 165
94 166
94 167
94 171
94 172
94 175
94 176
94 177
94 180
94 181
94 182
94 185
94 187
94 188
94 189
94 190
94 191
94 272
94 431
94 461
94 599
94 830
94 850
95 135
95 156
95 157
95 165
95 166
95 167
95 171
95 172
95 175
95 176
95 177
95 180
95 181
95 182
95 185
95 187
95 188
95 189
95 190
95 191
95 433
95 515
95 516
95 602
96 135
96 156
96 157
96 165
96 166
96 167
96 171
96 172
96 175
96 176
96 177
96 180
96 181
96 182
96 185
96 187
96 188
96 189
96 190
96 191
96 434
96 604
96 605
96 718
96 719
96 911
97 135
97 156
97 157
97 165
97 166
97 167
97 171
97 172
97 175
97 176
97 177
97 180
97 181
97 182
97 185
97 187
97 188
97 189
97 190
97 191
97 273
98 135
98 156
98 157
98 165
98 166
98 167
98 171
98 172
98 175
98 176
98 177
98 180
98 181
98 182
98 185
98 187
98 188
98 189
98 190
98 191
99 135
99 156
99 157
99 165
99 166
99 167
99 171
99 172
99 175
99 176
99 177
99 180
99 181
99 182
99 185
99 187
99 188
99 189
99 190
99 191
99 371
99 388
99 724
100 135
100 156
100 157
100 165
100 166
100 167
100 171
100 172
100 175
100 176
100 177
100 180
100 181
100 182
100 185
100 187
100 188
100 189
100 190
100 191
100 274
100 463
100 725
100 880
101 135
101 156
101 157
101 165
101 166
101 167
101 171
101 172
101 175
101 176
101 177
101 180
101 181
101 182
101 185
101 187
101 188
101 189
101 190
101 191
101 294
102 135
102 156
102 157
102 165
102 166
102 167
102 171
102 172
102 175
102 176
102 177
102 180
102 181
102 182
102 185
102 187
102 188
102 189
102 190
102 191
102 295
102 609
102 668
102 726
103 135
103 156
103 157
103 165
103 166
103 167
103 171
103 172
103 175
103 176
103 177
103 180
103 181
103 182
103 185
103 187
103 188
103 189
103 190
103 191
103 275
103 610
103 778
104 135
104 156
104 157
104 165
104 166
104 167
104 171
104 172
104 175
104 176
104 177
104 180
104 181
104 182
104 185
104 187
104 188
104 189
104 190
104 191
104 296
105 135
105 156
105 157
105 165
105 166
105 167
105 171
105 172
105 175
105 176
105 177
105 180
105 181
105 182
105 185
105 187
105 188
105 189
105 190
105 191
105 436
105 518
106 135
106 156
106 157
106 165
106 166
106 167
106 171
106 172
106 175
106 176
106 177
106 180
106 181
106 182
106 185
106 187
106 188
106 189
106 190
106 191
106 372
106 390
106 852
107 135
107 156
107 157
107 165
107 166
107 167
107 171
107 172
107 175
107 176
107 177
107 180
107 181
107 182
107 185
107 187
107 188
107 189
107 190
107 191
107 276
107 392
108 135
108 156
108 157
108 165
108 166
108 167
108 171
108 172
108 175
108 176
108 177
108 180
108 181
108 182
108 185
108 187
108 188
108 189
108 190
108 191
108 297
108 956
109 135
109 156
109 157
109 165
109 166
109 167
109 171
109 172
109 175
109 176
109 177
109 180
109 181
109 182
109 185
109 187
109 188
109 189
109 190
109 191
109 298
109 396
109 522
110 135
110 156
110 157
110 165
110 166
110 167
110 171
110 172
110 175
110 176
110 177
110 180
110 181
110 182
110 185
110 187
110 188
110 189
110 190
110 191
110 202
110 440
110 557
111 135
111 156
111 157
111 165
111 166
111 167
111 171
111 172
111 175
111 176
111 177
111 180
111 181
111 182
111 185
111 187
111 188
111 189
111 190
111 191
111 278
111 299
111 728
112 135
112 156
112 157
112 165
112 166
112 167
112 171
112 172
112 175
112 176
112 177
112 180
112 181
112 182
112 185
112 187
112 188
112 189
112 190
112 191
112 203
112 279
112 300
112 441
112 523
112 613
112 729
112 859
113 135
113 156
113 157
113 165
113 166
113 167
113 171
113 172
113 175
113 176
113 177
113 180
113 181
113 182
113 185
113 187
113 188
113 189
113 190
113 191
113 445
113 614
113 616
113 731
113 732
113 733
114 135
114 156
114 157
114 165
114 166
114 167
114 171
114 172
114 175
114 176
114 177
114 180
114 181
114 182
114 185
114 187
114 188
114 189
114 190
114 191
114 204
115 135
115 156
115 157
115 165
115 166
115 167
115 171
115 172
115 175
115 176
115 177
115 180
115 181
115 182
115 185
115 187
115 188
115 189
115 190
115 191
115 281
115 399
115 446
115 465
115 558
115 618
116 135
116 156
116 157
116 165
116 166
116 167
116 171
116 172
116 175
116 176
116 177
116 180
116 181
116 182
116 185
116 187
116 188
116 189
116 190
116 191
116 524
116 525
116 619
116 736
116 737
116 738
116 962
117 135
117 156
117 157
117 165
117 166
117 167
117 171
117 172
117 175
117 176
117 177
117 180
117 181
117 182
117 185
117 187
117 188
117 189
117 190
117 191
117 205
117 301
117 561
117 620
117 621
117 739
117 740
118 135
118 156
118 157
118 165
118 166
118 167
118 171
118 172
118 175
118 176
118 177
118 180
118 181
118 182
118 185
118 187
118 188
118 189
118 190
118 191
118 374
118 400
118 447
118 467
118 526
118 622
118 623
118 624
118 677
118 781
118 864
118 919
119 135
119 156
119 157
119 165
119 166
119 167
119 171
119 172
119 175
119 176
119 177
119 180
119 181
119 182
119 185
119 187
119 188
119 189
119 190
119 191
119 283
119 742
119 782
120 135
120 156
120 157
120 165
120 166
120 167
120 171
120 172
120 175
120 176
120 177
120 180
120 181
120 182
120 185
120 187
120 188
120 189
120 190
120 191
120 452
120 747
120 784
121 135
121 156
121 157
121 165
121 166
121 167
121 171
121 172
121 175
121 176
121 177
121 180
121 181
121 182
121 185
121 187
121 188
121 189
121 190
121 191
121 376
121 629
121 748
121 749
121 785
121 921
122 135
122 156
122 157
122 165
122 166
122 167
122 171
122 172
122 175
122 176
122 177
122 180
122 181
122 182
122 185
122 187
122 188
122 189
122 190
122 191
122 303
122 630
123 135
123 156
123 157
123 165
123 166
123 167
123 171
123 172
123 175
123 176
123 177
123 180
123 181
123 182
123 185
123 187
123 188
123 189
123 190
123 191
123 206
123 453
123 632
123 633
123 751
123 752
123 786
124 135
124 156
124 157
124 165
124 166
124 167
124 171
124 172
124 175
124 176
124 177
124 180
124 181
124 182
124 185
124 187
124 188
124 189
124 190
124 191
124 285
124 305
124 527
124 754
124 787
125 135
125 156
125 157
125 165
125 166
125 167
125 171
125 172
125 175
125 176
125 177
125 180
125 181
125 182
125 185
125 187
125 188
125 189
125 190
125 191
125 207
125 306
126 135
126 156
126 157
126 165
126 166
126 167
126 171
126 172
126 175
126 176
126 177
126 180
126 181
126 182
126 185
126 187
126 188
126 189
126 190
126 191
126 634
126 635
126 964
127 135
127 156
127 157
127 165
127 166
127 167
127 171
127 172
127 175
127 176
127 177
127 180
127 181
127 182
127 185
127 187
127 188
127 189
127 190
127 191
127 528
127 636
127 757
127 922
128 135
128 156
128 157
128 165
128 166
128 167
128 171
128 172
128 175
128 176
128 177
128 180
128 181
128 182
128 185
128 187
128 188
128 189
128 190
128 191
128 265
128 455
128 529
128 758
128 759
128 790
129 135
129 156
129 157
129 165
129 166
129 167
129 171
129 172
129 175
129 176
129 177
129 180
129 181
129 182
129 185
129 187
129 188
129 189
129 190
129 191
129 640
129 641
129 642
129 763
129 793
130 135
130 156
130 157
130 165
130 166
130 167
130 171
130 172
130 175
130 176
130 177
130 180
130 181
130 182
130 185
130 187
130 188
130 189
130 190
130 191
130 308
131 135
131 156
131 157
131 165
131 166
131 167
131 171
131 172
131 175
131 176
131 177
131 180
131 181
131 182
131 185
131 187
131 188
131 189
131 190
131 191
131 288
131 533
131 570
131 645
131 646
131 647
131 766
131 767
132 135
132 156
132 157
132 165
132 166
132 167
132 171
132 172
132 175
132 176
132 177
132 180
132 181
132 182
132 185
132 187
132 188
132 189
132 190
132 191
133 135
133 156
133 157
133 165
133 166
133 167
133 171
133 172
133 175
133 176
133 177
133 180
133 181
133 182
133 185
133 187
133 188
133 189
133 190
133 191
134 243
134 246
134 247
134 248
134 249
134 250
134 251
134 252
134 253
134 254
134 255
134 256
134 257
134 258
134 259
134 260
134 261
134 262
134 263
135 213
135 217
135 220
135 224
135 225
135 226
135 227
135 228
136 178
136 183
136 192
136 195
136 196
136 197
136 198
136 199
136 200
136 201
136 202
136 203
136 204
136 205
136 206
136 207
136 208
136 209
136 219
136 229
136 233
137 178
137 183
137 192
137 195
137 196
137 197
137 198
137 199
137 200
137 201
137 202
137 203
137 204
137 205
137 206
137 207
137 208
137 209
137 219
137 229
137 233
137 658
137 800
137 843
138 178
138 183
138 192
138 195
138 196
138 197
138 198
138 199
138 200
138 201
138 202
138 203
138 204
138 205
138 206
138 207
138 208
138 209
138 219
138 229
138 233
138 511
138 663
139 178
139 183
139 192
139 195
139 196
139 197
139 198
139 199
139 200
139 201
139 202
139 203
139 204
139 205
139 206
139 207
139 208
139 209
139 219
139 229
139 233
140 178
140 183
140 192
140 195
140 196
140 197
140 198
140 199
140 200
140 201
140 202
140 203
140 204
140 205
140 206
140 207
140 208
140 209
140 219
140 229
140 233
140 332
140 514
140 546
141 178
141 183
141 192
141 195
141 196
141 197
141 198
141 199
141 200
141 201
141 202
141 203
141 204
141 205
141 206
141 207
141 208
141 209
141 219
141 229
141 233
142 178
142 183
142 192
142 195
142 196
142 197
142 198
142 199
142 200
142 201
142 202
142 203
142 204
142 205
142 206
142 207
142 208
142 209
142 219
142 229
142 233
142 521
142 672
143 178
143 183
143 192
143 195
143 196
143 197
143 198
143 199
143 200
143 201
143 202
143 203
143 204
143 205
143 206
143 207
143 208
143 209
143 219
143 229
143 233
144 178
144 183
144 192
144 195
144 196
144 197
144 198
144 199
144 200
144 201
144 202
144 203
144 204
144 205
144 206
144 207
144 208
144 209
144 219
144 229
144 233
145 178
145 183
145 192
145 195
145 196
145 197
145 198
145 199
145 200
145 201
145 202
145 203
145 204
145 205
145 206
145 207
145 208
145 209
145 219
145 229
145 233
146 178
146 183
146 192
146 195
146 196
146 197
146 198
146 199
146 200
146 201
146 202
146 203
146 204
146 205
146 206
146 207
146 208
146 209
146 219
146 229
146 233
147 178
147 183
147 192
147 195
147 196
147 197
147 198
147 199
147 200
147 201
147 202
147 203
147 204
147 205
147 206
147 207
147 208
147 209
147 219
147 229
147 233
147 448
147 526
147 678
148 178
148 183
148 192
148 195
148 196
148 197
148 198
148 199
148 200
148 201
148 202
148 203
148 204
148 205
148 206
148 207
148 208
148 209
148 219
148 229
148 233
148 340
148 865
149 178
149 183
149 192
149 195
149 196
149 197
149 198
149 199
149 200
149 201
149 202
149 203
149 204
149 205
149 206
149 207
149 208
149 209
149 219
149 229
149 233
150 178
150 183
150 192
150 195
150 196
150 197
150 198
150 199
150 200
150 201
150 202
150 203
150 204
150 205
150 206
150 207
150 208
150 209
150 219
150 229
150 233
151 178
151 183
151 192
151 195
151 196
151 197
151 198
151 199
151 200
151 201
151 202
151 203
151 204
151 205
151 206
151 207
151 208
151 209
151 219
151 229
151 233
152 178
152 183
152 192
152 195
152 196
152 197
152 198
152 199
152 200
152 201
152 202
152 203
152 204
152 205
152 206
152 207
152 208
152 209
152 219
152 229
152 233
153 178
153 183
153 192
153 195
153 196
153 197
153 198
153 199
153 200
153 201
153 202
153 203
153 204
153 205
153 206
153 207
153 208
153 209
153 219
153 229
153 233
153 343
153 567
153 684
154 178
154 183
154 192
154 195
154 196
154 197
154 198
154 199
154 200
154 201
154 202
154 203
154 204
154 205
154 206
154 207
154 208
154 209
154 219
154 229
154 233
154 344
154 685
154 686
154 819
155 178
155 183
155 192
155 195
155 196
155 197
155 198
155 199
155 200
155 201
155 202
155 203
155 204
155 205
155 206
155 207
155 208
155 209
155 219
155 229
155 233
156 213
156 217
156 220
156 224
156 225
156 226
156 227
156 228
156 345
157 166
157 167
157 172
157 212
157 213
157 217
157 220
157 224
157 225
157 226
157 227
157 228
157 231
158 178
158 183
158 192
158 195
158 196
158 197
158 198
158 199
158 200
158 201
158 202
158 203
158 204
158 205
158 206
158 207
158 208
158 209
158 219
158 229
158 233
159 243
159 246
159 247
159 248
159 249
159 250
159 251
159 252
159 253
159 254
159 255
159 256
159 257
159 258
159 259
159 260
159 261
159 262
159 263
160 243
160 246
160 247
160 248
160 249
160 250
160 251
160 252
160 253
160 254
160 255
160 256
160 257
160 258
160 259
160 260
160 261
160 262
160 263
161 243
161 246
161 247
161 248
161 249
161 250
161 251
161 252
161 253
161 254
161 255
161 256
161 257
161 258
161 259
161 260
161 261
161 262
161 263
162 243
162 246
162 247
162 248
162 249
162 250
162 251
162 252
162 253
162 254
162 255
162 256
162 257
162 258
162 259
162 260
162 261
162 262
162 263
163 243
163 246
163 247
163 248
163 249
163 250
163 251
163 252
163 253
163 254
163 255
163 256
163 257
163 258
163 259
163 260
163 261
163 262
163 263
164 243
164 246
164 247
164 248
164 249
164 250
164 251
164 252
164 253
164 254
164 255
164 256
164 257
164 258
164 259
164 260
164 261
164 262
164 263
165 213
165 217
165 220
165 224
165 225
165 226
165 227
165 228
165 345
165 889
166 167
166 172
166 212
166 213
166 217
166 220
166 224
166 225
166 226
166 227
166 228
167 172
167 212
167 213
167 217
167 220
167 224
167 225
167 226
167 227
167 228
168 214
168 289
168 290
168 291
168 292
168 293
168 294
168 295
168 296
168 297
168 298
168 299
168 300
168 301
168 302
168 303
168 304
168 305
168 306
168 307
168 308
168 309
168 310
168 311
169 171
169 191
169 891
169 892
169 893
169 894
169 895
169 896
169 897
169 898
170 223
170 363
170 366
170 368
170 370
170 373
170 377
170 378
171 213
171 217
171 220
171 224
171 225
171 226
171 227
171 228
172 212
172 213
172 217
172 220
172 224
172 225
172 226
172 227
172 228
173 215
173 472
173 473
173 485
173 502
173 651
174 178
174 183
174 192
174 195
174 196
174 197
174 198
174 199
174 200
174 201
174 202
174 203
174 204
174 205
174 206
174 207
174 208
174 209
174 219
174 229
174 233
175 213
175 217
175 220
175 224
175 225
175 226
175 227
175 228
175 345
176 213
176 217
176 220
176 224
176 225
176 226
176 227
176 228
176 264
176 345
177 213
177 217
177 220
177 224
177 225
177 226
177 227
177 228
178 264
179 214
179 221
179 243
179 246
179 247
179 248
179 249
179 250
179 251
179 252
179 253
179 254
179 255
179 256
179 257
179 258
179 259
179 260
179 261
179 262
179 263
180 213
180 217
180 220
180 224
180 225
180 226
180 227
180 228
180 345
181 213
181 217
181 220
181 224
181 225
181 226
181 227
181 228
181 345
182 213
182 217
182 220
182 224
182 225
182 226
182 227
182 228
182 345
183 228
184 212
184 243
184 246
184 247
184 248
184 249
184 250
184 251
184 252
184 253
184 254
184 255
184 256
184 257
184 258
184 259
184 260
184 261
184 262
184 263
185 213
185 217
185 220
185 224
185 225
185 226
185 227
185 228
186 243
186 246
186 247
186 248
186 249
186 250
186 251
186 252
186 253
186 254
186 255
186 256
186 257
186 258
186 259
186 260
186 261
186 262
186 263
187 213
187 217
187 220
187 224
187 225
187 226
187 227
187 228
188 213
188 217
188 220
188 224
188 225
188 226
188 227
188 228
189 213
189 217
189 220
189 224
189 225
189 226
189 227
189 228
190 213
190 217
190 220
190 224
190 225
190 226
190 227
190 228
191 212
191 213
191 217
191 220
191 224
191 225
191 226
191 227
191 228
192 286
193 289
193 290
193 291
193 292
193 293
193 294
193 295
193 296
193 297
193 298
193 299
193 300
193 301
193 302
193 303
193 304
193 305
193 306
193 307
193 308
193 309
193 310
193 311
194 289
194 290
194 291
194 292
194 293
194 294
194 295
194 296
194 297
194 298
194 299
194 300
194 301
194 302
194 303
194 304
194 305
194 306
194 307
194 308
194 309
194 310
194 311
196 269
196 657
197 271
197 508
197 906
197 949
197 975
203 279
208 689
210 243
210 246
210 247
210 248
210 249
210 250
210 251
210 252
210 253
210 254
210 255
210 256
210 257
210 258
210 259
210 260
210 261
210 262
210 263
211 289
211 290
211 291
211 292
211 293
211 294
211 295
211 296
211 297
211 298
211 299
211 300
211 301
211 302
211 303
211 304
211 305
211 306
211 307
211 308
211 309
211 310
211 311
212 231
212 233
212 241
212 289
212 412
212 570
212 870
212 871
212 886
212 899
214 875
214 876
214 878
214 881
214 885
214 888
215 331
215 332
215 333
215 334
215 335
215 336
215 337
215 338
215 339
215 340
215 341
215 343
215 344
216 426
216 430
216 439
216 442
216 444
216 450
216 457
216 889
217 302
217 375
217 401
217 449
217 495
218 437
218 448
218 454
218 536
218 890
219 220
221 902
221 903
221 913
222 534
222 657
222 662
222 665
222 669
222 688
222 689
223 981
223 983
223 990
223 991
229 265
230 331
230 332
230 333
230 334
230 335
230 336
230 337
230 338
230 339
230 340
230 341
230 343
230 344
231 241
231 313
231 314
231 315
231 316
231 317
231 318
231 319
231 320
231 321
231 322
231 323
231 324
231 325
231 326
231 327
231 328
231 329
231 871
231 886
232 331
232 332
232 333
232 334
232 335
232 336
232 337
232 338
232 339
232 340
232 341
232 343
232 344
234 900
234 910
234 917
234 920
234 923
235 423
235 424
235 425
235 429
235 431
235 432
235 434
235 435
235 438
235 441
235 443
235 445
235 446
235 447
235 451
235 452
235 453
235 455
236 584
236 587
236 589
236 590
236 591
236 597
236 601
236 605
236 608
236 613
236 614
236 618
236 619
236 623
236 626
236 628
236 629
236 630
236 631
236 636
236 639
236 641
236 643
236 647
237 693
237 695
237 699
237 701
237 704
237 707
237 713
237 718
237 732
237 738
237 745
237 747
237 749
237 755
237 757
237 760
238 331
238 332
238 333
238 334
238 335
238 336
238 337
238 338
238 339
238 340
238 341
238 343
238 344
239 583
239 586
239 588
239 592
239 596
239 602
239 604
239 606
239 609
239 610
239 620
239 627
239 632
239 635
239 638
239 640
239 646
240 696
240 702
240 705
240 710
240 714
240 721
240 723
240 740
240 752
240 763
240 767
241 572
241 817
242 768
242 795
242 796
244 245
247 291
247 349
247 350
247 369
247 383
247 406
247 428
247 460
247 482
247 541
247 542
247 543
247 544
247 660
248 370
248 386
248 666
249 408
249 463
249 484
249 550
250 356
250 372
250 390
251 392
251 393
251 488
251 554
251 555
252 489
252 519
252 556
253 394
253 409
253 520
254 615
256 304
257 307
257 499
258 500
258 568
259 308
259 501
259 532
260 309
261 494
264 310
264 918
264 961
265 455
265 529
265 758
265 759
265 790
266 367
266 403
266 425
266 473
266 842
266 934
266 935
267 426
267 474
267 587
267 700
267 701
267 702
267 703
268 379
268 404
268 589
269 775
269 801
269 823
269 844
269 939
269 940
270 427
270 481
270 540
270 591
270 704
270 705
270 706
270 972
271 291
271 315
271 331
271 369
271 383
271 406
271 428
271 429
271 430
271 460
271 483
271 508
271 509
271 510
271 541
271 543
271 596
271 597
271 598
271 660
271 661
271 712
271 713
271 714
271 715
271 716
271 717
271 776
271 829
271 848
271 849
271 879
271 906
271 943
271 944
271 945
271 946
271 947
271 948
271 949
271 973
271 974
271 975
271 985
272 431
272 461
272 830
272 850
272 950
272 951
274 408
274 463
274 725
274 880
275 333
275 552
275 610
275 727
275 778
275 977
276 392
276 555
277 556
277 779
277 955
278 299
278 673
278 855
279 300
279 441
279 442
279 491
279 523
279 613
279 674
279 729
279 730
279 859
280 339
280 735
280 862
280 884
280 989
281 399
281 446
281 465
281 558
281 618
281 978
282 466
283 340
283 450
283 742
283 782
284 304
284 631
284 979
285 305
285 527
285 679
285 754
285 787
286 307
286 530
286 762
287 344
287 457
287 531
287 643
287 765
287 924
288 502
288 533
288 646
288 647
288 767
288 968
289 412
291 315
291 349
291 350
291 369
291 383
291 406
291 428
291 460
291 541
291 595
291 660
293 351
293 387
293 416
293 607
294 318
295 353
295 668
296 611
298 396
301 323
301 360
301 561
302 375
302 401
302 449
302 468
302 495
302 625
306 361
306 410
306 563
311 421
311 690
312 649
313 365
313 422
313 423
313 583
313 693
313 769
313 841
313 892
314 588
314 774
315 369
315 383
315 428
315 429
315 460
315 508
315 509
315 510
315 541
315 594
315 596
315 597
315 598
315 660
315 712
315 713
315 714
315 715
315 716
315 776
315 829
315 848
315 849
315 879
315 893
315 906
315 943
315 944
315 945
316 433
316 515
316 516
316 602
317 434
317 604
317 605
317 718
317 719
317 895
317 911
318 896
319 372
319 390
319 852
320 438
320 464
320 521
321 443
321 860
321 861
321 883
322 524
322 525
322 619
322 736
322 737
322 738
322 863
322 962
323 561
323 620
323 621
323 739
323 740
324 374
324 400
324 447
324 467
324 526
324 622
324 623
324 624
324 677
324 781
324 864
324 919
325 376
325 629
325 748
325 749
325 785
325 921
326 634
326 635
326 964
327 456
327 469
327 638
327 639
327 760
327 791
328 458
329 969
330 692
331 508
332 514
332 546
335 518
335 612
335 670
335 808
339 960
340 865
341 454
341 681
341 788
342 577
343 567
343 684
344 685
344 686
344 819
346 347
346 379
346 380
346 404
346 414
346 478
346 507
346 539
347 379
347 380
347 404
347 414
347 478
347 507
347 539
349 350
349 369
349 383
349 406
349 428
349 460
349 482
349 541
349 542
349 543
349 544
349 660
350 369
350 383
350 406
350 428
350 460
350 482
350 541
350 542
350 543
350 544
350 660
351 387
351 416
351 548
352 371
352 388
352 417
353 668
354 355
354 551
354 552
355 551
355 552
356 372
356 390
357 399
357 465
357 492
357 558
357 559
358 359
358 373
358 466
358 493
358 560
359 373
359 466
359 493
359 560
360 561
361 410
361 497
361 498
361 564
363 504
364 581
364 933
365 402
365 422
365 582
367 403
367 537
367 934
367 935
368 381
368 479
368 480
368 540
369 383
369 406
369 428
369 460
369 541
369 595
369 660
369 943
369 944
369 945
371 388
371 417
371 549
371 667
372 390
373 493
373 560
374 400
374 467
374 677
375 401
375 449
375 468
375 495
375 625
379 404
379 414
380 478
380 507
380 539
381 479
381 480
381 540
382 405
382 459
383 406
383 428
383 460
383 541
383 595
383 660
384 407
384 462
384 600
385 664
386 666
387 416
387 607
388 417
388 549
388 667
391 487
393 488
393 554
393 555
394 520
398 856
398 857
398 858
398 882
398 915
398 916
398 959
399 465
399 558
400 467
400 677
401 449
401 468
401 495
401 625
402 422
402 582
402 875
402 925
403 537
404 414
404 902
404 926
405 459
405 928
405 941
406 428
406 460
406 595
406 878
406 929
407 462
408 463
410 563
410 963
411 885
413 648
415 461
415 545
416 607
417 549
417 667
420 458
420 644
420 687
421 690
422 582
423 583
423 693
423 769
424 584
424 585
424 694
424 695
424 696
424 697
424 771
428 460
428 595
429 596
429 597
429 598
429 712
429 713
429 714
429 716
429 717
429 776
429 948
429 949
429 973
429 982
429 984
429 993
429 996
430 508
430 829
430 849
430 879
430 907
431 951
431 986
432 601
433 603
434 604
434 605
434 718
434 719
434 720
434 953
434 988
435 608
435 722
435 723
436 553
438 957
439 521
439 914
441 613
441 729
441 730
442 859
444 861
444 883
445 614
445 616
445 731
445 732
445 733
445 734
446 618
447 623
447 624
447 781
447 997
448 526
448 678
449 468
449 495
449 625
451 627
451 628
451 745
451 746
451 783
452 747
452 784
453 632
453 633
453 751
453 752
453 753
453 786
454 681
454 788
455 758
455 759
455 790
456 469
456 566
458 644
458 687
460 849
460 942
461 850
467 864
468 495
470 821
474 822
475 476
475 506
475 538
476 506
476 538
477 656
478 507
478 539
479 480
479 540
480 540
481 540
482 542
482 543
482 544
483 543
483 661
483 802
483 826
484 550
486 517
488 554
488 555
489 519
489 556
491 674
492 559
493 560
495 625
497 498
497 564
498 564
500 568
501 532
506 538
507 539
509 510
509 594
509 715
511 663
512 513
514 546
515 516
515 665
518 612
518 670
519 556
521 672
524 675
524 676
525 736
526 678
527 869
529 789
530 762
530 792
533 570
533 873
542 543
542 544
543 544
543 661
551 552
554 555
567 684
570 688
583 693
583 769
584 585
584 694
584 695
584 696
584 697
584 771
585 694
585 695
585 696
585 697
585 771
586 698
586 699
586 773
587 700
587 701
587 702
587 703
588 774
591 704
591 705
592 593
592 710
592 711
593 710
593 711
594 715
596 597
596 598
596 712
596 713
596 714
596 716
596 717
596 776
597 598
597 712
597 713
597 714
597 716
597 717
597 776
597 906
597 994
598 712
598 713
598 714
598 716
598 717
598 776
598 829
598 975
598 995
599 803
604 605
604 718
604 719
604 720
605 718
605 719
605 720
605 911
606 721
608 722
608 723
609 726
610 727
610 778
612 670
612 808
613 729
613 730
614 616
614 731
614 732
614 733
614 734
616 731
616 732
616 733
616 734
617 735
619 737
619 738
620 621
620 739
620 740
621 739
621 740
622 780
623 624
623 781
623 919
624 781
626 743
626 744
627 628
627 745
627 746
627 783
628 745
628 746
628 783
628 998
629 748
629 749
629 750
629 785
629 921
632 633
632 751
632 752
632 753
632 786
633 751
633 752
633 753
633 786
635 756
636 757
636 922
638 639
638 760
638 761
638 791
639 760
639 761
639 791
640 641
640 642
640 763
640 793
641 642
641 763
641 793
642 763
642 793
643 924
645 766
646 647
646 767
647 767
658 800
658 843
661 802
661 826
661 829
670 808
671 810
675 676
679 814
679 815
679 837
681 788
683 872
685 686
685 819
686 819
688 766
692 821
693 769
694 695
694 696
694 697
694 771
695 696
695 697
695 771
696 697
696 771
697 771
698 699
698 773
699 773
700 701
700 702
700 703
701 702
701 703
702 703
704 705
709 825
710 711
712 713
712 714
712 716
712 717
712 776
713 714
713 716
713 717
713 776
714 716
714 717
714 776
716 717
716 776
716 828
717 776
718 719
718 720
719 720
722 723
727 778
729 730
731 732
731 733
731 734
732 733
732 734
733 734
736 812
737 738
739 740
742 782
743 744
745 746
745 783
746 783
747 784
748 749
748 750
748 785
749 750
749 785
750 785
751 752
751 753
751 786
752 753
752 786
753 786
754 787
758 759
758 790
759 790
760 761
760 791
761 791
763 793
764 818
772 798
802 826
804 976
814 815
814 837
815 837
823 844
823 904
824 845
827 828
827 847
828 847
829 849
829 879
829 907
830 850
830 908
831 851
832 853
832 854
834 835
836 868
841 892
842 901
844 904
846 877
846 905
848 893
848 946
849 879
849 907
850 908
853 854
856 857
856 858
856 882
856 915
856 916
856 959
857 858
857 882
857 915
857 916
857 959
858 882
858 915
858 916
858 959
860 917
861 883
862 884
866 920
867 898
870 899
871 886
874 971
875 925
876 927
877 905
878 929
887 980
888 932
888 967
891 900
894 910
902 926
906 983
915 916
921 991
928 941
931 965
932 967
939 940
947 948
947 973
948 982
949 975
950 951
951 986
953 988
993 999
