0 2
0 3
0 6
0 9
0 12
0 14
0 15
0 17
0 18
0 23
0 24
0 25
0 28
0 31
0 33
0 34
0 35
0 38
0 40
0 42
0 44
0 47
0 49
0 50
0 51
0 54
0 56
0 59
0 61
0 62
0 63
0 67
0 68
0 77
0 78
0 79
0 80
0 84
0 85
0 89
0 90
0 91
0 92
0 95
0 98
0 99
0 100
0 101
0 102
0 103
0 104
0 105
0 106
0 107
0 108
0 109
0 110
0 111
0 112
0 114
0 115
0 116
0 118
0 119
0 120
0 121
0 124
0 125
0 126
0 127
0 129
0 131
0 132
0 133
0 134
0 135
0 137
0 138
0 140
0 141
0 142
0 143
0 145
0 146
0 147
0 148
0 149
0 150
0 152
0 153
0 155
0 156
0 157
0 158
0 159
0 160
0 161
0 165
0 166
0 167
0 168
0 169
0 172
0 174
0 175
0 176
0 177
0 178
0 179
0 180
0 181
0 182
0 183
0 184
0 185
0 188
0 189
0 190
0 191
0 192
0 193
0 196
0 197
0 198
0 199
0 200
0 204
0 205
0 206
0 207
0 208
0 209
0 211
0 212
0 213
0 214
0 216
0 217
0 219
0 220
0 230
0 232
0 233
0 234
0 235
0 237
0 238
0 239
0 240
0 241
0 243
0 244
0 245
0 246
0 248
0 249
0 250
0 251
0 252
0 254
0 255
0 266
0 267
0 269
0 270
0 271
0 272
0 283
0 284
0 287
0 288
0 289
0 290
0 291
0 292
0 293
0 294
0 296
0 298
0 299
0 300
0 301
0 303
0 304
0 305
0 306
0 308
0 319
0 321
0 325
0 328
0 331
0 334
0 338
0 340
0 341
0 348
0 349
0 358
0 359
0 360
0 361
0 364
0 365
0 367
0 368
0 370
0 371
0 374
0 375
0 376
0 378
0 379
0 380
0 382
0 383
0 384
0 386
0 387
0 388
0 393
0 408
0 414
0 415
0 419
0 425
0 428
0 431
0 432
0 439
0 440
0 441
0 444
0 451
0 456
0 458
0 462
0 463
0 466
0 467
0 468
0 469
0 470
0 471
0 474
0 476
0 479
0 481
0 483
0 484
0 485
0 486
0 488
0 490
0 491
0 493
0 512
0 517
0 527
0 554
0 563
0 564
0 567
0 570
0 579
0 588
0 590
0 593
0 598
0 604
0 613
0 618
0 620
0 622
0 623
0 624
0 625
0 626
0 627
0 628
0 629
0 630
0 631
0 632
0 633
0 634
0 635
0 636
0 637
0 638
0 639
0 640
0 641
0 642
0 643
0 644
0 645
0 646
0 647
0 648
0 650
0 651
0 652
0 655
0 657
0 658
0 660
0 661
0 682
0 684
0 685
0 686
0 687
0 697
0 701
0 718
0 719
0 726
0 732
0 733
0 734
0 736
0 739
0 740
0 765
0 776
0 785
0 794
0 796
0 800
0 806
0 810
0 817
0 819
0 820
0 822
0 823
0 824
0 825
0 826
0 827
0 828
0 829
0 831
0 833
0 834
0 838
0 839
0 840
0 842
0 843
0 846
0 847
0 848
0 849
0 850
0 851
0 853
0 854
0 862
0 867
0 868
0 879
0 880
0 881
0 882
0 883
0 884
0 885
0 886
0 887
0 888
0 889
0 890
0 891
0 892
0 893
0 894
0 895
0 896
0 897
0 898
0 899
0 900
0 901
0 902
0 903
0 904
0 905
0 906
0 907
0 908
0 909
0 910
0 911
0 912
0 913
0 939
0 1014
0 1015
0 1018
0 1023
0 1026
0 1047
0 1058
0 1060
0 1074
0 1088
0 1101
0 1102
0 1105
0 1106
0 1110
0 1156
0 1160
0 1175
0 1202
0 1203
0 1205
0 1206
0 1209
0 1210
0 1217
0 1218
0 1219
0 1220
0 1224
0 1225
0 1226
0 1227
0 1241
0 1242
0 1246
0 1247
0 1248
0 1250
0 1362
0 1363
0 1364
0 1365
0 1366
0 1367
0 1368
0 1369
0 1370
0 1371
0 1372
0 1373
0 1374
0 1375
0 1376
0 1377
0 1378
0 1379
0 1380
0 1381
0 1382
0 1383
0 1384
0 1385
0 1386
0 1387
0 1388
0 1389
0 1390
0 1391
0 1392
1 6
1 11
1 71
1 75
1 94
1 96
1 228
1 256
1 257
1 275
1 276
1 277
1 278
1 279
1 280
1 281
1 282
1 309
1 310
1 311
1 312
1 313
1 314
1 315
1 342
1 343
1 344
1 345
1 390
1 391
1 392
1 394
1 395
1 396
1 397
1 398
1 399
1 400
1 401
1 402
1 403
1 404
1 405
1 406
1 407
1 409
1 410
1 411
1 412
1 413
1 494
1 497
1 498
1 499
1 500
1 501
1 502
1 503
1 504
1 505
1 506
1 507
1 508
1 509
1 510
1 511
1 513
1 514
1 516
1 518
1 519
1 520
1 521
1 522
1 523
1 524
1 525
1 526
1 528
1 529
1 530
1 531
1 532
1 601
1 669
1 670
1 671
1 672
1 688
1 689
1 690
1 691
1 692
1 694
1 696
1 698
1 699
1 703
1 704
1 705
1 706
1 708
1 709
1 710
1 711
1 712
1 713
1 714
1 716
1 717
1 724
1 725
1 727
1 766
1 940
1 941
1 942
1 943
1 944
1 945
1 946
1 947
1 948
1 949
1 950
1 951
1 952
1 953
1 954
1 955
1 956
1 957
1 958
1 959
1 960
1 961
1 962
1 963
1 964
1 965
1 966
1 967
1 968
1 969
1 970
1 971
1 972
1 973
1 974
1 975
1 976
1 977
1 978
1 979
1 980
1 981
1 982
1 983
1 984
1 985
1 986
1 987
1 988
1 989
1 990
1 991
1 992
1 993
1 994
1 995
1 996
1 997
1 998
1 999
1 1000
1 1001
1 1002
1 1003
1 1004
1 1005
1 1006
1 1007
1 1008
1 1009
1 1010
1 1011
1 1012
1 1013
1 1034
1 1035
1 1040
1 1044
1 1048
1 1050
1 1056
1 1062
1 1063
1 1066
1 1069
1 1071
1 1072
1 1076
1 1086
1 1089
1 1091
1 1142
1 1184
1 1185
1 1186
1 1187
1 1188
1 1189
1 1190
1 1191
1 1192
1 1193
1 1194
1 1495
1 1496
1 1497
1 1498
1 1499
1 1500
1 1501
1 1502
1 1503
1 1504
1 1505
1 1506
1 1507
1 1508
1 1509
1 1510
1 1511
1 1512
1 1513
1 1514
1 1515
1 1516
1 1517
1 1518
1 1519
1 1520
1 1521
1 1522
1 1523
1 1524
1 1525
1 1526
1 1527
1 1528
1 1529
1 1530
1 1531
1 1532
1 1533
1 1534
1 1535
1 1536
1 1537
1 1538
1 1539
1 1540
1 1541
1 1542
1 1543
1 1544
1 1545
1 1546
1 1547
1 1548
1 1549
1 1550
1 1551
1 1552
1 1553
1 1554
1 1555
1 1556
2 3
2 5
2 6
2 9
2 20
2 22
2 23
2 25
2 32
2 33
2 35
2 36
2 40
2 42
2 47
2 49
2 52
2 77
2 79
2 89
2 92
2 95
2 99
2 102
2 104
2 105
2 106
2 109
2 110
2 111
2 113
2 115
2 118
2 120
2 124
2 125
2 126
2 129
2 133
2 134
2 135
2 138
2 144
2 145
2 146
2 148
2 149
2 151
2 156
2 166
2 167
2 168
2 169
2 170
2 173
2 190
2 191
2 192
2 197
2 200
2 201
2 202
2 203
2 205
2 230
2 231
2 235
2 236
2 237
2 242
2 263
2 284
2 285
2 288
2 290
2 321
2 323
2 325
2 334
2 347
2 348
2 350
2 353
2 354
2 356
2 357
2 358
2 361
2 366
2 414
2 415
2 430
2 431
2 432
2 451
2 457
2 462
2 463
2 464
2 478
2 569
2 570
2 575
2 576
2 578
2 597
2 607
2 608
2 609
2 614
2 617
2 620
2 646
2 732
2 733
2 734
2 735
2 736
2 737
2 738
2 739
2 740
2 767
2 768
2 803
2 804
2 806
2 807
2 810
2 819
2 851
2 1097
2 1098
2 1099
2 1100
2 1101
2 1102
2 1103
2 1104
2 1105
2 1106
2 1107
2 1108
2 1109
2 1110
2 1149
2 1199
2 1848
2 1849
2 1850
2 1851
2 1852
2 1853
2 1854
3 14
3 18
3 34
3 35
3 44
3 59
3 62
3 76
3 78
3 80
3 82
3 100
3 102
3 107
3 110
3 112
3 115
3 122
3 136
3 137
3 140
3 141
3 150
3 151
3 157
3 158
3 159
3 160
3 171
3 172
3 173
3 174
3 175
3 176
3 177
3 179
3 182
3 183
3 184
3 185
3 187
3 188
3 189
3 204
3 205
3 206
3 207
3 208
3 209
3 211
3 212
3 213
3 216
3 219
3 220
3 238
3 239
3 240
3 241
3 242
3 243
3 244
3 245
3 246
3 247
3 248
3 251
3 252
3 291
3 292
3 293
3 294
3 295
3 296
3 298
3 299
3 300
3 304
3 305
3 306
3 359
3 360
3 361
3 362
3 363
3 364
3 365
3 366
3 367
3 368
3 370
3 371
3 374
3 375
3 376
3 384
3 386
3 465
3 466
3 467
3 468
3 469
3 470
3 471
3 472
3 479
3 483
3 484
3 486
3 488
3 622
3 623
3 624
3 625
3 626
3 627
3 628
3 629
3 630
3 631
3 632
3 633
3 634
3 635
3 636
3 637
3 638
3 639
3 640
3 643
3 645
3 652
3 657
3 660
3 820
3 821
3 822
3 823
3 824
3 825
3 826
3 827
3 828
3 829
3 830
3 831
3 832
3 833
3 834
3 835
3 836
3 837
3 838
3 839
3 840
3 841
3 842
3 843
3 863
3 865
3 1204
3 1205
3 1206
3 1207
3 1208
3 1209
3 1210
3 1211
3 1212
3 1213
3 1214
3 1215
3 1216
3 1217
3 1218
3 1219
3 1220
3 1221
3 1222
3 1223
3 1224
3 1225
3 1226
3 1227
3 1228
3 1229
3 1230
3 1231
3 1232
3 1233
3 1234
3 1235
4 9
4 53
4 59
4 62
4 76
4 79
4 81
4 82
4 89
4 90
4 107
4 110
4 115
4 122
4 123
4 135
4 144
4 147
4 151
4 158
4 160
4 165
4 171
4 173
4 174
4 180
4 189
4 205
4 211
4 220
4 221
4 229
4 238
4 242
4 247
4 265
4 286
4 295
4 337
4 361
4 362
4 363
4 366
4 386
4 414
4 424
4 437
4 446
4 465
4 467
4 472
4 481
4 488
4 560
4 561
4 562
4 579
4 660
4 661
4 663
4 685
4 686
4 687
4 752
4 753
4 754
4 755
4 756
4 757
4 759
4 760
4 787
4 821
4 830
4 832
4 835
4 836
4 837
4 847
4 849
4 863
4 865
4 1026
4 1027
4 1126
4 1129
4 1196
4 1204
4 1207
4 1208
4 1211
4 1212
4 1213
4 1214
4 1215
4 1216
4 1221
4 1222
4 1223
4 1228
4 1229
4 1231
4 1232
4 1233
4 1235
4 1566
4 1567
4 1568
4 1569
5 40
5 47
5 77
5 92
5 97
5 99
5 102
5 105
5 109
5 110
5 112
5 114
5 115
5 121
5 132
5 133
5 140
5 146
5 152
5 156
5 170
5 196
5 197
5 216
5 226
5 236
5 239
5 241
5 245
5 274
5 294
5 325
5 349
5 352
5 353
5 354
5 355
5 415
5 418
5 430
5 431
5 432
5 433
5 459
5 462
5 569
5 577
5 578
5 607
5 610
5 615
5 685
5 729
5 730
5 772
5 773
5 814
5 815
5 834
5 875
5 876
5 938
5 946
5 1017
5 1093
5 1094
5 1099
5 1103
5 1334
5 1335
5 1336
5 1337
5 1338
5 1339
6 11
6 14
6 19
6 23
6 31
6 36
6 39
6 47
6 53
6 54
6 58
6 62
6 68
6 73
6 75
6 78
6 80
6 83
6 85
6 90
6 91
6 92
6 94
6 95
6 96
6 99
6 100
6 101
6 102
6 103
6 104
6 105
6 106
6 107
6 110
6 111
6 112
6 113
6 114
6 116
6 120
6 121
6 122
6 123
6 124
6 126
6 128
6 129
6 130
6 134
6 136
6 137
6 139
6 141
6 142
6 143
6 144
6 149
6 150
6 153
6 154
6 155
6 157
6 160
6 162
6 163
6 164
6 165
6 170
6 175
6 177
6 179
6 180
6 182
6 184
6 185
6 186
6 187
6 188
6 189
6 193
6 194
6 195
6 199
6 200
6 204
6 206
6 208
6 209
6 210
6 212
6 213
6 214
6 215
6 216
6 217
6 218
6 221
6 222
6 223
6 224
6 225
6 226
6 227
6 228
6 230
6 237
6 238
6 239
6 244
6 247
6 248
6 251
6 253
6 255
6 256
6 257
6 258
6 259
6 261
6 262
6 263
6 264
6 265
6 266
6 267
6 268
6 269
6 270
6 272
6 273
6 274
6 275
6 276
6 277
6 278
6 279
6 280
6 281
6 282
6 288
6 290
6 291
6 292
6 293
6 295
6 297
6 303
6 304
6 305
6 306
6 309
6 310
6 311
6 312
6 313
6 314
6 315
6 319
6 320
6 322
6 324
6 326
6 327
6 328
6 329
6 330
6 331
6 332
6 333
6 334
6 335
6 336
6 338
6 339
6 341
6 342
6 343
6 344
6 345
6 356
6 359
6 360
6 365
6 368
6 369
6 374
6 376
6 377
6 379
6 380
6 381
6 384
6 385
6 387
6 388
6 389
6 390
6 391
6 392
6 393
6 394
6 395
6 396
6 397
6 398
6 399
6 400
6 401
6 402
6 403
6 404
6 405
6 406
6 407
6 408
6 409
6 410
6 411
6 412
6 413
6 423
6 425
6 426
6 429
6 434
6 439
6 440
6 442
6 443
6 444
6 447
6 448
6 450
6 464
6 466
6 468
6 469
6 470
6 473
6 474
6 475
6 476
6 478
6 480
6 490
6 497
6 498
6 499
6 500
6 501
6 502
6 503
6 504
6 505
6 506
6 507
6 508
6 509
6 510
6 511
6 512
6 513
6 514
6 515
6 516
6 517
6 518
6 519
6 520
6 521
6 522
6 523
6 524
6 525
6 526
6 527
6 528
6 529
6 530
6 531
6 532
6 533
6 545
6 555
6 558
6 559
6 563
6 564
6 565
6 566
6 571
6 572
6 573
6 581
6 582
6 583
6 585
6 587
6 593
6 595
6 596
6 598
6 599
6 600
6 601
6 603
6 606
6 627
6 629
6 632
6 633
6 634
6 637
6 646
6 648
6 659
6 662
6 688
6 689
6 690
6 691
6 692
6 693
6 694
6 695
6 696
6 697
6 698
6 699
6 700
6 701
6 702
6 703
6 704
6 705
6 706
6 707
6 708
6 709
6 710
6 711
6 712
6 713
6 714
6 715
6 716
6 717
6 718
6 719
6 720
6 721
6 722
6 723
6 724
6 725
6 726
6 727
6 732
6 736
6 744
6 762
6 763
6 764
6 766
6 767
6 769
6 770
6 771
6 774
6 785
6 787
6 788
6 790
6 792
6 793
6 797
6 798
6 813
6 825
6 844
6 850
6 853
6 854
6 1028
6 1029
6 1030
6 1031
6 1032
6 1033
6 1034
6 1035
6 1036
6 1037
6 1038
6 1039
6 1040
6 1041
6 1042
6 1043
6 1044
6 1045
6 1046
6 1047
6 1048
6 1049
6 1050
6 1051
6 1052
6 1053
6 1054
6 1055
6 1056
6 1057
6 1058
6 1059
6 1060
6 1061
6 1062
6 1063
6 1064
6 1065
6 1066
6 1067
6 1068
6 1069
6 1070
6 1071
6 1072
6 1073
6 1074
6 1075
6 1076
6 1077
6 1078
6 1079
6 1080
6 1081
6 1082
6 1083
6 1084
6 1085
6 1086
6 1087
6 1088
6 1089
6 1090
6 1091
6 1092
6 1108
6 1112
6 1125
6 1131
6 1137
6 1139
6 1140
6 1141
6 1154
6 1155
6 1162
6 1167
6 1168
6 1170
6 1171
6 1243
6 1245
6 1251
6 1257
6 1570
6 1571
6 1572
6 1573
6 1574
6 1575
6 1576
6 1577
6 1578
6 1579
6 1580
6 1581
6 1582
6 1583
6 1584
6 1585
6 1586
6 1587
6 1588
6 1589
6 1590
6 1591
6 1592
6 1593
6 1594
6 1595
6 1596
6 1597
6 1598
6 1599
6 1600
6 1601
6 1602
6 1603
6 1604
6 1605
6 1606
6 1607
6 1608
6 1609
6 1610
6 1611
6 1612
6 1613
6 1614
6 1615
6 1616
6 1617
6 1618
6 1619
6 1620
6 1621
6 1622
6 1623
6 1624
6 1625
6 1626
6 1627
6 1628
6 1629
6 1630
6 1631
6 1632
6 1633
6 1634
6 1635
6 1636
6 1637
6 1638
6 1639
6 1640
6 1641
6 1642
6 1643
6 1644
6 1645
6 1646
6 1647
6 1648
6 1649
6 1650
6 1651
6 1652
6 1653
6 1654
6 1655
6 1656
6 1657
6 1658
6 1659
6 1660
6 1661
6 1662
6 1663
6 1664
6 1665
6 1666
6 1667
6 1668
6 1669
6 1670
6 1671
6 1672
6 1673
6 1674
6 1675
6 1676
6 1677
6 1678
6 1679
6 1680
6 1681
6 1682
6 1683
6 1684
6 1685
6 1686
6 1687
6 1688
6 1689
6 1690
6 1691
6 1692
6 1693
6 1694
6 1695
6 1696
6 1697
6 1698
6 1699
6 1700
6 1701
6 1702
6 1703
6 1704
6 1705
6 1706
6 1707
6 1708
6 1709
6 1710
6 1711
6 1712
6 1713
6 1714
6 1715
6 1716
6 1717
6 1718
6 1719
6 1720
6 1721
6 1722
6 1723
6 1724
6 1725
6 1726
6 1727
6 1728
6 1729
6 1730
6 1731
6 1732
6 1733
6 1734
6 1735
6 1736
6 1737
6 1738
6 1739
6 1740
6 1741
6 1742
6 1743
6 1744
6 1745
6 1746
6 1747
6 1748
6 1749
6 1750
6 1751
6 1752
6 1753
6 1754
6 1755
6 1756
6 1757
6 1758
6 1759
6 1760
6 1761
6 1762
6 1763
6 1764
6 1765
6 1766
6 1767
6 1768
6 1769
6 1770
6 1771
6 1772
6 1773
6 1774
6 1775
6 1776
6 1777
6 1778
6 1779
6 1780
6 1781
6 1782
6 1783
6 1784
6 1785
6 1786
6 1787
6 1788
6 1789
6 1790
6 1791
6 1792
6 1793
6 1794
6 1795
6 1796
6 1797
6 1798
6 1799
6 1800
6 1801
6 1802
6 1803
6 1804
6 1805
6 1806
6 1807
6 1808
6 1809
6 1810
6 1811
6 1812
6 1813
6 1814
6 1815
6 1816
6 1817
6 1818
6 1819
6 1820
6 1821
6 1822
6 1823
6 1824
6 1825
6 1826
6 1827
7 16
7 17
7 20
7 24
7 25
7 38
7 86
7 118
7 134
7 203
7 232
7 233
7 461
7 569
7 602
7 734
7 773
7 783
7 795
7 935
7 1016
7 1020
7 1443
7 1444
7 1445
7 1446
7 1447
7 1448
7 1449
7 1450
7 1451
7 1452
7 1453
8 13
8 26
8 30
8 31
8 34
8 42
8 45
8 70
8 84
8 85
8 100
8 102
8 112
8 116
8 127
8 130
8 131
8 137
8 143
8 150
8 155
8 158
8 159
8 162
8 164
8 165
8 178
8 179
8 181
8 193
8 197
8 204
8 206
8 208
8 218
8 225
8 230
8 238
8 240
8 241
8 243
8 245
8 246
8 255
8 258
8 259
8 260
8 264
8 294
8 295
8 316
8 317
8 318
8 321
8 326
8 340
8 372
8 373
8 416
8 417
8 418
8 419
8 420
8 421
8 422
8 423
8 427
8 438
8 449
8 534
8 535
8 536
8 537
8 538
8 539
8 540
8 541
8 542
8 543
8 544
8 545
8 546
8 547
8 548
8 549
8 550
8 551
8 552
8 553
8 554
8 555
8 556
8 557
8 590
8 592
8 594
8 741
8 742
8 743
8 744
8 745
8 746
8 747
8 748
8 749
8 750
8 751
8 784
8 1111
8 1112
8 1113
8 1114
8 1115
8 1116
8 1117
8 1118
8 1119
8 1120
8 1121
8 1122
8 1123
8 1124
8 1855
8 1856
8 1857
8 1858
9 10
9 25
9 35
9 47
9 77
9 88
9 92
9 95
9 99
9 104
9 108
9 111
9 121
9 123
9 124
9 125
9 126
9 132
9 144
9 146
9 147
9 148
9 167
9 168
9 173
9 176
9 190
9 191
9 192
9 196
9 197
9 200
9 203
9 221
9 231
9 236
9 242
9 253
9 260
9 288
9 318
9 325
9 337
9 347
9 354
9 415
9 424
9 433
9 436
9 465
9 560
9 561
9 616
9 661
9 683
9 687
9 735
9 808
9 809
9 818
9 869
9 1027
9 1127
9 1152
9 1261
9 1262
9 1263
9 1264
9 1265
9 1266
9 1267
9 1268
9 1269
9 1270
9 1271
10 15
10 17
10 24
10 25
10 38
10 40
10 43
10 47
10 52
10 77
10 81
10 86
10 87
10 92
10 99
10 115
10 134
10 145
10 149
10 151
10 199
10 201
10 202
10 205
10 229
10 231
10 233
10 236
10 237
10 263
10 285
10 286
10 287
10 289
10 346
10 352
10 436
10 437
10 454
10 455
10 461
10 574
10 575
10 576
10 577
10 578
10 586
10 602
10 605
10 606
10 615
10 621
10 777
10 778
10 779
10 780
10 781
10 782
10 783
10 795
10 805
10 807
10 811
10 1148
10 1149
10 1150
10 1151
10 1152
10 1153
10 1154
10 1886
10 1887
10 1888
10 1889
10 1890
10 1891
10 1892
10 1893
10 1894
10 1895
10 1896
10 1897
10 1898
10 1899
11 75
11 94
11 96
11 228
11 256
11 257
11 309
11 310
11 311
11 312
11 313
11 314
11 315
11 345
11 391
11 399
11 501
11 509
11 521
11 523
11 524
11 526
11 529
11 531
11 669
11 671
11 690
11 696
11 698
11 727
11 915
11 916
11 920
11 940
11 941
11 943
11 944
11 945
11 947
11 948
11 949
11 951
11 952
11 953
11 954
11 955
11 956
11 957
11 959
11 960
11 961
11 962
11 963
11 964
11 965
11 966
11 967
11 968
11 969
11 972
11 973
11 974
11 976
11 977
11 981
11 983
11 984
11 985
11 986
11 987
11 988
11 989
11 990
11 991
11 992
11 993
11 994
11 996
11 997
11 1000
11 1001
11 1002
11 1003
11 1004
11 1005
11 1006
11 1007
11 1008
11 1009
11 1010
11 1011
11 1013
11 1028
11 1042
11 1046
11 1052
11 1461
11 1462
11 1463
11 1464
11 1465
11 1466
11 1467
11 1468
11 1469
12 53
12 82
12 89
12 100
12 101
12 122
12 126
12 136
12 162
12 166
12 171
12 202
12 205
12 208
12 227
12 229
12 230
12 232
12 307
12 329
12 408
12 442
12 594
12 597
12 667
12 758
12 774
12 782
12 869
12 870
12 878
12 937
12 1025
12 1073
12 1090
12 1096
12 1158
12 1159
12 1164
12 1181
12 1182
12 1289
12 1290
12 1291
12 1292
12 1293
12 1294
12 1295
13 14
13 26
13 30
13 34
13 41
13 45
13 70
13 84
13 99
13 116
13 127
13 128
13 130
13 131
13 143
13 155
13 162
13 164
13 165
13 178
13 179
13 181
13 193
13 204
13 206
13 223
13 225
13 238
13 240
13 241
13 243
13 245
13 246
13 258
13 259
13 260
13 262
13 264
13 308
13 316
13 317
13 318
13 339
13 340
13 372
13 373
13 416
13 417
13 420
13 421
13 422
13 423
13 427
13 438
13 449
13 489
13 534
13 535
13 536
13 537
13 538
13 539
13 540
13 541
13 542
13 543
13 544
13 545
13 546
13 547
13 548
13 549
13 550
13 551
13 552
13 553
13 555
13 556
13 557
13 590
13 592
13 594
13 597
13 673
13 674
13 675
13 676
13 677
13 678
13 679
13 680
13 681
13 700
13 742
13 743
13 745
13 747
13 751
13 784
13 1113
13 1114
13 1115
13 1116
13 1117
13 1118
13 1119
13 1120
13 1121
13 1123
13 1313
14 18
14 23
14 25
14 33
14 36
14 51
14 54
14 62
14 67
14 78
14 79
14 99
14 100
14 103
14 105
14 106
14 107
14 111
14 112
14 113
14 114
14 127
14 128
14 129
14 137
14 138
14 139
14 140
14 156
14 157
14 158
14 180
14 181
14 182
14 183
14 184
14 185
14 186
14 188
14 212
14 213
14 214
14 215
14 217
14 218
14 250
14 251
14 252
14 253
14 254
14 299
14 300
14 301
14 302
14 303
14 305
14 306
14 374
14 375
14 376
14 377
14 378
14 379
14 380
14 381
14 382
14 383
14 477
14 478
14 479
14 480
14 481
14 484
14 485
14 486
14 487
14 645
14 646
14 647
14 648
14 649
14 650
14 651
14 652
14 653
14 654
14 655
14 665
14 846
14 847
14 848
14 849
14 850
14 851
14 852
14 853
14 854
14 1240
14 1241
14 1242
14 1243
14 1244
14 1245
14 1246
14 1247
14 1248
14 1249
14 1250
14 1251
14 1252
14 1965
14 1966
14 1967
14 1968
14 1969
14 1970
14 1971
14 1972
14 1973
14 1974
14 1975
14 1976
14 1977
14 1978
14 1979
14 1980
14 1981
14 1982
15 31
15 36
15 58
15 62
15 68
15 79
15 80
15 84
15 85
15 90
15 91
15 92
15 95
15 100
15 101
15 102
15 103
15 105
15 107
15 109
15 110
15 113
15 114
15 116
15 120
15 122
15 123
15 128
15 129
15 133
15 139
15 141
15 142
15 144
15 147
15 148
15 150
15 152
15 153
15 154
15 158
15 159
15 163
15 164
15 165
15 166
15 171
15 172
15 173
15 175
15 180
15 186
15 193
15 194
15 195
15 209
15 210
15 215
15 222
15 223
15 224
15 225
15 226
15 227
15 247
15 248
15 249
15 255
15 265
15 266
15 267
15 268
15 269
15 272
15 273
15 291
15 302
15 327
15 328
15 329
15 330
15 331
15 332
15 333
15 334
15 335
15 336
15 337
15 338
15 341
15 351
15 386
15 439
15 440
15 441
15 442
15 443
15 444
15 445
15 446
15 447
15 448
15 455
15 466
15 471
15 477
15 480
15 490
15 492
15 579
15 580
15 581
15 582
15 583
15 584
15 585
15 586
15 587
15 588
15 589
15 595
15 642
15 662
15 664
15 785
15 786
15 787
15 788
15 789
15 790
15 791
15 792
15 797
15 841
15 852
15 1155
15 1156
15 1157
15 1158
15 1159
15 1160
15 1161
15 1162
15 1163
15 1164
15 1165
15 1166
15 1167
15 1168
15 1169
15 1170
15 1171
15 1172
15 1173
15 1174
15 1175
15 1178
15 1244
15 1902
15 1903
15 1904
15 1905
15 1906
15 1907
15 1908
15 1909
15 1910
15 1911
15 1912
15 1913
15 1914
15 1915
15 1916
15 1917
15 1918
15 1919
15 1920
15 1921
15 1922
15 1923
15 1924
15 1925
15 1926
15 1927
15 1928
15 1929
15 1930
15 1931
15 1932
15 1933
15 1934
15 1935
15 1936
15 1937
16 20
16 24
16 32
16 37
16 42
16 95
16 97
16 119
16 124
16 135
16 147
16 148
16 169
16 202
16 203
16 220
16 232
16 233
16 235
16 286
16 287
16 352
16 354
16 355
16 456
16 457
16 459
16 460
16 482
16 609
16 615
16 728
16 729
16 730
16 814
16 815
16 816
16 1092
16 1093
16 1094
16 1828
16 1829
16 1830
16 1831
16 1832
16 1833
16 1834
16 1835
16 1836
16 1837
17 38
17 77
17 81
17 104
17 109
17 118
17 121
17 125
17 126
17 132
17 145
17 149
17 166
17 167
17 173
17 198
17 233
17 236
17 242
17 260
17 323
17 346
17 347
17 357
17 428
17 429
17 452
17 463
17 569
17 570
17 574
17 576
17 603
17 606
17 609
17 611
17 614
17 619
17 621
17 656
17 767
17 768
17 778
17 782
17 783
17 802
17 803
17 812
17 818
17 832
17 1143
17 1144
17 1145
17 1146
17 1148
17 1150
17 1197
17 1881
17 1882
17 1883
18 23
18 29
18 35
18 78
18 90
18 100
18 101
18 102
18 103
18 106
18 107
18 112
18 113
18 114
18 129
18 137
18 139
18 140
18 141
18 150
18 152
18 153
18 157
18 159
18 161
18 172
18 178
18 179
18 183
18 184
18 185
18 187
18 188
18 206
18 207
18 209
18 212
18 213
18 215
18 216
18 217
18 219
18 239
18 243
18 244
18 246
18 251
18 254
18 270
18 271
18 292
18 293
18 296
18 297
18 298
18 300
18 303
18 304
18 308
18 319
18 320
18 359
18 365
18 367
18 368
18 371
18 374
18 375
18 376
18 384
18 385
18 386
18 418
18 419
18 429
18 444
18 445
18 470
18 471
18 479
18 483
18 484
18 485
18 487
18 493
18 567
18 622
18 624
18 625
18 626
18 628
18 629
18 630
18 634
18 635
18 636
18 637
18 638
18 639
18 640
18 642
18 652
18 657
18 658
18 682
18 701
18 726
18 794
18 796
18 827
18 828
18 829
18 833
18 840
18 843
18 873
18 879
18 881
18 882
18 883
18 884
18 885
18 887
18 891
18 894
18 895
18 897
18 899
18 901
18 904
18 905
18 906
18 907
18 908
18 909
18 910
18 911
18 912
18 913
18 1230
18 1234
18 1253
18 1285
18 1286
18 1287
18 1288
19 33
19 34
19 41
19 44
19 73
19 116
19 153
19 154
19 155
19 210
19 211
19 249
19 255
19 298
19 372
19 373
19 388
19 474
19 475
19 482
19 491
19 644
19 656
19 666
19 845
19 855
19 856
19 857
19 858
19 859
19 860
19 861
19 1237
19 1238
19 1239
19 1961
19 1962
19 1963
19 1964
20 23
20 25
20 43
20 47
20 77
20 92
20 95
20 104
20 106
20 108
20 109
20 111
20 119
20 120
20 121
20 123
20 124
20 125
20 132
20 138
20 151
20 169
20 170
20 174
20 176
20 192
20 198
20 199
20 201
20 203
20 231
20 242
20 263
20 283
20 284
20 285
20 288
20 323
20 357
20 428
20 433
20 451
20 453
20 454
20 455
20 458
20 459
20 586
20 604
20 605
20 610
20 612
20 613
20 614
20 618
20 619
20 728
20 738
20 779
20 802
20 804
20 809
20 816
20 817
20 864
20 875
20 876
20 877
20 936
20 1024
20 1143
20 1144
20 1145
20 1146
20 1153
20 1180
20 1327
21 186
21 273
21 274
21 369
21 450
21 599
21 600
21 799
21 800
21 1183
21 1940
21 1941
21 1942
21 1943
21 1944
21 1945
21 1946
21 1947
21 1948
21 1949
21 1950
21 1951
21 1952
21 1953
22 32
22 38
22 42
22 47
22 62
22 92
22 99
22 106
22 109
22 111
22 113
22 120
22 124
22 132
22 133
22 134
22 135
22 139
22 145
22 151
22 163
22 173
22 190
22 191
22 200
22 201
22 205
22 322
22 326
22 327
22 328
22 329
22 336
22 414
22 428
22 454
22 462
22 464
22 465
22 533
22 573
22 575
22 610
22 611
22 612
22 731
22 737
22 738
22 1095
22 1096
22 1098
22 1104
22 1838
22 1839
22 1840
22 1841
22 1842
22 1843
22 1844
22 1845
22 1846
22 1847
23 25
23 34
23 37
23 44
23 47
23 77
23 78
23 92
23 95
23 99
23 102
23 104
23 105
23 106
23 108
23 109
23 112
23 121
23 125
23 132
23 135
23 140
23 141
23 144
23 147
23 150
23 156
23 157
23 166
23 167
23 168
23 170
23 172
23 174
23 179
23 182
23 183
23 184
23 185
23 188
23 192
23 204
23 206
23 207
23 212
23 213
23 216
23 219
23 230
23 239
23 240
23 241
23 243
23 244
23 245
23 251
23 263
23 287
23 290
23 291
23 292
23 294
23 296
23 299
23 300
23 321
23 323
23 325
23 334
23 353
23 356
23 359
23 360
23 362
23 364
23 365
23 367
23 368
23 370
23 371
23 374
23 415
23 422
23 428
23 430
23 432
23 433
23 452
23 460
23 466
23 467
23 468
23 471
23 479
23 568
23 595
23 616
23 617
23 622
23 624
23 626
23 627
23 628
23 631
23 632
23 636
23 638
23 639
23 640
23 643
23 645
23 658
23 682
23 683
23 733
23 778
23 789
23 791
23 820
23 822
23 823
23 824
23 826
23 838
23 839
23 842
23 1014
23 1015
23 1016
23 1017
23 1198
23 1259
23 1557
23 1558
23 1559
23 1560
24 25
24 37
24 38
24 40
24 77
24 81
24 86
24 87
24 92
24 104
24 111
24 115
24 119
24 120
24 125
24 134
24 138
24 145
24 166
24 169
24 170
24 196
24 198
24 199
24 201
24 230
24 231
24 285
24 286
24 346
24 347
24 349
24 350
24 352
24 361
24 451
24 452
24 453
24 454
24 455
24 457
24 458
24 459
24 460
24 602
24 603
24 604
24 605
24 606
24 607
24 611
24 619
24 802
24 803
24 804
24 805
24 806
24 807
24 808
24 809
24 810
24 812
24 1195
24 1196
24 1197
24 1198
24 1958
24 1959
25 31
25 33
25 40
25 47
25 54
25 77
25 78
25 79
25 85
25 92
25 95
25 99
25 100
25 101
25 102
25 103
25 104
25 105
25 106
25 107
25 108
25 109
25 110
25 111
25 112
25 113
25 114
25 115
25 118
25 119
25 120
25 121
25 125
25 126
25 127
25 128
25 129
25 132
25 133
25 134
25 135
25 136
25 137
25 138
25 139
25 140
25 141
25 142
25 145
25 146
25 148
25 149
25 150
25 152
25 155
25 156
25 157
25 158
25 159
25 167
25 168
25 172
25 174
25 175
25 176
25 177
25 178
25 179
25 180
25 181
25 182
25 183
25 184
25 185
25 186
25 187
25 188
25 190
25 191
25 192
25 196
25 198
25 200
25 207
25 208
25 209
25 211
25 212
25 213
25 214
25 215
25 216
25 217
25 218
25 219
25 223
25 226
25 239
25 244
25 248
25 250
25 251
25 252
25 253
25 254
25 259
25 269
25 271
25 273
25 274
25 283
25 284
25 287
25 291
25 292
25 293
25 295
25 297
25 298
25 299
25 300
25 301
25 302
25 303
25 305
25 306
25 319
25 320
25 321
25 322
25 348
25 352
25 358
25 360
25 364
25 367
25 369
25 370
25 375
25 378
25 379
25 380
25 381
25 382
25 383
25 385
25 425
25 426
25 440
25 450
25 469
25 475
25 477
25 478
25 480
25 481
25 563
25 564
25 565
25 566
25 568
25 584
25 599
25 600
25 623
25 641
25 649
25 655
25 761
25 762
25 763
25 764
25 765
25 799
25 805
25 939
25 1065
25 1130
25 1132
25 1133
25 1134
25 1135
25 1136
25 1179
25 1486
25 1487
25 1488
25 1489
25 1490
25 1491
25 1492
25 1493
25 1494
26 30
26 34
26 42
26 70
26 84
26 85
26 99
26 102
26 112
26 116
26 127
26 130
26 143
26 150
26 155
26 162
26 164
26 165
26 178
26 181
26 197
26 204
26 206
26 208
26 218
26 223
26 225
26 240
26 241
26 243
26 245
26 246
26 258
26 259
26 260
26 262
26 264
26 294
26 308
26 316
26 317
26 318
26 372
26 373
26 416
26 417
26 418
26 419
26 420
26 421
26 422
26 423
26 438
26 449
26 495
26 534
26 535
26 537
26 538
26 539
26 540
26 541
26 542
26 543
26 544
26 546
26 547
26 548
26 549
26 550
26 551
26 552
26 553
26 554
26 555
26 556
26 557
26 673
26 674
26 675
26 676
26 677
26 678
26 679
26 680
26 681
26 741
26 746
26 747
26 748
26 749
26 750
26 751
26 866
26 1122
27 113
27 131
27 152
27 161
27 182
27 191
27 217
27 234
27 371
27 377
27 429
27 454
27 493
27 536
27 630
27 1341
27 1342
27 1343
27 1344
27 1345
27 1346
27 1347
27 1348
27 1349
27 1350
27 1351
27 1352
28 67
28 127
28 131
28 140
28 142
28 155
28 161
28 172
28 181
28 189
28 214
28 219
28 240
28 261
28 301
28 302
28 334
28 340
28 364
28 377
28 382
28 383
28 387
28 388
28 393
28 412
28 441
28 473
28 491
28 512
28 517
28 527
28 545
28 567
28 588
28 593
28 608
28 647
28 650
28 651
28 654
28 683
28 684
28 776
28 791
28 800
28 837
28 862
28 880
28 886
28 888
28 889
28 892
28 893
28 896
28 898
28 900
28 902
28 903
28 1166
28 1298
28 1299
28 1300
28 1301
28 1302
28 1303
29 35
29 36
29 39
29 62
29 76
29 116
29 142
29 143
29 189
29 255
29 307
29 308
29 387
29 388
29 389
29 489
29 490
29 491
29 492
29 662
29 663
29 664
29 665
29 666
29 866
29 867
29 868
29 1255
29 1256
29 1257
29 1258
29 1259
29 1260
29 1988
29 1989
29 1990
29 1991
29 1992
29 1993
29 1994
29 1995
29 1996
29 1997
29 1998
29 1999
30 34
30 70
30 85
30 99
30 102
30 112
30 127
30 128
30 130
30 131
30 143
30 150
30 155
30 178
30 181
30 204
30 206
30 218
30 223
30 240
30 241
30 243
30 245
30 246
30 260
30 262
30 264
30 294
30 308
30 316
30 317
30 318
30 340
30 372
30 416
30 417
30 418
30 419
30 420
30 421
30 422
30 423
30 438
30 495
30 534
30 535
30 536
30 538
30 539
30 541
30 542
30 544
30 546
30 547
30 548
30 550
30 551
30 552
30 553
30 673
30 674
30 675
30 676
30 677
30 678
30 679
30 680
30 681
30 741
30 743
30 748
30 749
30 750
30 866
31 36
31 39
31 45
31 47
31 52
31 53
31 58
31 62
31 63
31 65
31 68
31 72
31 80
31 85
31 87
31 90
31 92
31 95
31 100
31 101
31 103
31 106
31 108
31 119
31 122
31 123
31 128
31 139
31 143
31 144
31 147
31 148
31 151
31 153
31 154
31 157
31 159
31 160
31 163
31 164
31 166
31 167
31 171
31 173
31 175
31 186
31 187
31 194
31 210
31 218
31 222
31 224
31 226
31 234
31 247
31 258
31 261
31 262
31 267
31 269
31 270
31 271
31 273
31 284
31 297
31 299
31 317
31 322
31 324
31 326
31 327
31 328
31 330
31 335
31 336
31 337
31 338
31 339
31 365
31 366
31 387
31 389
31 425
31 427
31 434
31 472
31 516
31 533
31 559
31 571
31 572
31 573
31 574
31 581
31 587
31 589
31 707
31 719
31 723
31 735
31 769
31 770
31 775
31 786
31 788
31 789
31 801
31 1045
31 1051
31 1054
31 1059
31 1067
31 1070
31 1079
31 1095
31 1128
31 1174
31 1195
31 1239
31 1256
31 1421
31 1422
31 1423
31 1424
31 1425
31 1426
31 1427
31 1428
31 1429
31 1430
31 1431
31 1432
31 1433
31 1434
31 1435
31 1436
31 1437
31 1438
31 1439
31 1440
32 37
32 38
32 40
32 42
32 52
32 92
32 562
32 577
32 729
32 731
32 772
32 781
32 821
32 935
32 936
32 937
32 938
32 1111
32 1484
32 1485
33 47
33 54
33 77
33 78
33 79
33 85
33 92
33 95
33 99
33 100
33 101
33 102
33 103
33 104
33 105
33 106
33 107
33 108
33 110
33 111
33 112
33 113
33 114
33 115
33 118
33 119
33 120
33 121
33 125
33 126
33 127
33 128
33 129
33 132
33 133
33 134
33 135
33 136
33 137
33 138
33 139
33 140
33 141
33 142
33 145
33 146
33 148
33 149
33 150
33 152
33 155
33 156
33 157
33 158
33 159
33 167
33 168
33 172
33 174
33 175
33 176
33 177
33 178
33 179
33 180
33 181
33 182
33 183
33 184
33 185
33 186
33 187
33 188
33 190
33 191
33 192
33 196
33 198
33 200
33 207
33 208
33 209
33 211
33 212
33 213
33 214
33 215
33 216
33 217
33 218
33 219
33 223
33 226
33 239
33 244
33 248
33 250
33 251
33 252
33 253
33 254
33 259
33 269
33 271
33 273
33 274
33 283
33 284
33 287
33 291
33 292
33 293
33 295
33 297
33 298
33 299
33 300
33 301
33 302
33 303
33 304
33 305
33 306
33 319
33 320
33 321
33 322
33 348
33 358
33 360
33 364
33 367
33 369
33 370
33 375
33 378
33 379
33 380
33 381
33 382
33 383
33 385
33 425
33 426
33 440
33 445
33 450
33 469
33 475
33 477
33 478
33 480
33 481
33 485
33 486
33 487
33 563
33 564
33 565
33 566
33 567
33 568
33 584
33 599
33 600
33 623
33 641
33 649
33 655
33 761
33 762
33 763
33 764
33 765
33 799
33 846
33 852
33 1130
33 1131
33 1132
33 1133
33 1134
33 1135
33 1136
33 1137
33 1183
34 44
34 73
34 116
34 131
34 153
34 249
34 255
34 298
34 388
34 412
34 426
34 474
34 475
34 482
34 489
34 491
34 644
34 656
34 666
34 845
34 855
34 856
34 857
34 858
34 859
34 860
34 861
34 1237
34 1238
34 1441
35 47
35 53
35 59
35 68
35 76
35 77
35 90
35 92
35 99
35 104
35 105
35 109
35 110
35 111
35 115
35 119
35 121
35 125
35 126
35 128
35 129
35 130
35 132
35 133
35 137
35 138
35 146
35 148
35 154
35 156
35 160
35 164
35 167
35 174
35 176
35 190
35 191
35 192
35 196
35 198
35 220
35 234
35 341
35 349
35 361
35 393
35 414
35 424
35 431
35 436
35 452
35 453
35 527
35 570
35 592
35 684
35 686
35 740
35 779
35 780
35 808
35 1022
35 1023
35 1024
35 1025
35 1165
35 1172
35 1255
35 1561
35 1562
35 1563
35 1564
35 1565
36 39
36 53
36 58
36 62
36 65
36 72
36 80
36 84
36 85
36 87
36 90
36 91
36 95
36 99
36 100
36 101
36 107
36 116
36 122
36 123
36 124
36 127
36 131
36 142
36 144
36 149
36 153
36 156
36 161
36 162
36 163
36 164
36 175
36 193
36 194
36 195
36 210
36 214
36 221
36 222
36 224
36 227
36 229
36 249
36 253
36 262
36 265
36 266
36 267
36 272
36 307
36 324
36 326
36 329
36 331
36 332
36 335
36 339
36 346
36 355
36 356
36 357
36 389
36 408
36 420
36 434
36 435
36 437
36 444
36 446
36 447
36 448
36 464
36 496
36 515
36 533
36 559
36 574
36 580
36 584
36 589
36 665
36 700
36 720
36 780
36 914
36 1019
36 1030
36 1039
36 1083
36 1107
36 1456
36 1457
36 1458
36 1459
37 38
37 42
37 95
37 104
37 105
37 108
37 109
37 111
37 118
37 119
37 124
37 133
37 146
37 147
37 148
37 166
37 167
37 168
37 169
37 173
37 197
37 198
37 201
37 202
37 203
37 220
37 231
37 232
37 233
37 235
37 237
37 242
37 283
37 284
37 285
37 289
37 347
37 348
37 349
37 350
37 353
37 354
37 456
37 457
37 458
37 607
37 608
37 609
37 610
37 611
37 612
37 613
37 614
37 621
37 811
37 812
37 1199
38 42
38 47
38 72
38 77
38 87
38 92
38 95
38 104
38 106
38 109
38 115
38 118
38 120
38 124
38 134
38 147
38 151
38 168
38 169
38 170
38 176
38 190
38 199
38 201
38 203
38 232
38 236
38 237
38 263
38 285
38 323
38 350
38 357
38 457
38 461
38 575
38 576
38 580
38 582
38 602
38 603
38 605
38 731
38 739
38 777
38 786
38 811
38 1100
39 41
39 52
39 64
39 69
39 79
39 83
39 84
39 123
39 131
39 154
39 160
39 168
39 193
39 273
39 293
39 322
39 363
39 408
39 489
39 588
39 667
39 668
39 831
39 1021
39 1031
39 1036
39 1077
39 1176
39 1236
39 1393
39 1394
39 1395
39 1396
39 1397
39 1398
39 1399
39 1400
39 1401
39 1402
39 1403
39 1404
39 1405
39 1406
39 1407
39 1408
39 1409
39 1410
39 1411
39 1412
39 1413
39 1414
39 1415
39 1416
39 1417
39 1418
39 1419
39 1420
40 47
40 77
40 92
40 95
40 99
40 104
40 105
40 106
40 108
40 109
40 118
40 119
40 120
40 121
40 124
40 125
40 126
40 132
40 133
40 135
40 136
40 137
40 138
40 145
40 146
40 168
40 169
40 170
40 176
40 190
40 191
40 196
40 197
40 198
40 200
40 220
40 231
40 235
40 283
40 288
40 290
40 323
40 348
40 358
40 451
40 458
40 463
40 604
40 608
40 612
40 613
40 617
40 620
41 45
41 64
41 68
41 69
41 72
41 73
41 90
41 100
41 101
41 102
41 103
41 114
41 136
41 137
41 147
41 152
41 177
41 178
41 182
41 207
41 209
41 227
41 234
41 244
41 250
41 254
41 270
41 271
41 272
41 296
41 339
41 340
41 341
41 362
41 363
41 448
41 449
41 472
41 473
41 590
41 591
41 592
41 593
41 594
41 595
41 596
41 597
41 598
41 793
41 794
41 795
41 796
41 797
41 798
41 867
41 1176
41 1177
41 1178
41 1938
41 1939
42 95
42 97
42 108
42 118
42 119
42 124
42 169
42 202
42 203
42 220
42 231
42 232
42 233
42 235
42 286
42 287
42 352
42 353
42 354
42 355
42 459
42 460
42 615
42 814
42 815
42 816
43 53
43 81
43 90
43 110
43 123
43 144
43 160
43 164
43 221
43 229
43 236
43 247
43 265
43 266
43 286
43 337
43 346
43 424
43 436
43 437
43 446
43 453
43 560
43 561
43 562
43 663
43 752
43 753
43 754
43 755
43 756
43 757
43 758
43 759
43 760
43 830
43 1129
43 1161
43 1861
43 1862
43 1863
44 482
44 656
44 666
44 855
44 856
44 857
44 858
44 859
44 860
44 861
44 1983
44 1984
44 1985
44 1986
45 80
45 84
45 131
45 194
45 232
45 372
45 489
45 496
45 742
45 745
45 1018
45 1019
45 1020
45 1021
45 1177
46 91
46 456
46 1068
46 1333
47 52
47 63
47 77
47 81
47 92
47 95
47 99
47 104
47 105
47 106
47 109
47 111
47 115
47 119
47 120
47 121
47 125
47 126
47 134
47 135
47 138
47 149
47 151
47 156
47 169
47 170
47 176
47 199
47 200
47 201
47 202
47 203
47 234
47 235
47 236
47 237
47 288
47 289
47 290
47 356
47 357
47 358
47 460
47 461
47 462
47 463
47 464
47 616
47 617
47 618
47 619
47 620
47 621
47 817
47 818
47 819
47 1202
47 1203
48 56
48 92
48 95
48 107
48 114
48 307
48 476
48 668
48 922
48 923
48 924
48 925
48 926
48 927
48 928
48 929
48 930
48 931
48 932
48 933
48 934
48 1296
48 1297
49 95
49 102
49 103
49 114
49 129
49 136
49 140
49 141
49 152
49 155
49 180
49 183
49 250
49 252
49 271
49 320
49 426
49 565
49 761
49 1272
49 1273
49 1274
50 85
50 95
50 225
50 252
50 384
50 468
50 841
50 872
50 1321
50 1322
50 1323
50 1324
50 1325
50 1326
51 95
51 96
51 103
51 105
51 112
51 113
51 114
51 129
51 138
51 141
51 158
51 171
51 180
51 181
51 184
51 185
51 187
51 207
51 212
51 215
51 253
51 275
51 277
51 301
51 302
51 320
51 377
51 378
51 379
51 381
51 383
51 445
51 477
51 487
51 649
51 653
51 654
51 873
51 874
51 1147
51 1328
51 1329
52 53
52 68
52 77
52 79
52 85
52 89
52 91
52 92
52 97
52 99
52 101
52 102
52 103
52 104
52 105
52 109
52 110
52 111
52 112
52 114
52 119
52 121
52 122
52 125
52 132
52 133
52 138
52 142
52 145
52 146
52 156
52 157
52 162
52 170
52 172
52 177
52 183
52 192
52 199
52 229
52 261
52 262
52 283
52 307
52 324
52 325
52 326
52 330
52 332
52 349
52 350
52 353
52 355
52 389
52 430
52 431
52 432
52 433
52 434
52 450
52 455
52 571
52 572
52 573
52 577
52 578
52 581
52 616
52 665
52 769
52 770
52 771
52 772
52 773
52 774
52 777
52 1151
53 58
53 68
53 72
53 80
53 81
53 90
53 91
53 101
53 110
53 122
53 123
53 128
53 144
53 163
53 195
53 196
53 221
53 224
53 229
53 247
53 265
53 268
53 269
53 286
53 327
53 328
53 331
53 333
53 337
53 338
53 346
53 424
53 436
53 437
53 446
53 453
53 558
53 559
53 560
53 561
53 562
53 648
53 663
53 752
53 753
53 754
53 755
53 756
53 757
53 758
53 759
53 760
53 1125
53 1126
53 1127
53 1128
53 1859
53 1860
54 112
54 470
54 493
54 1478
54 1479
54 1480
54 1481
54 1482
54 1483
55 229
55 351
55 376
55 801
55 1954
55 1955
56 193
56 476
56 668
56 922
56 923
56 924
56 925
56 926
56 927
56 928
56 929
56 930
56 931
56 932
56 933
56 934
56 1477
57 94
57 96
57 228
57 256
57 257
57 275
57 276
57 277
57 278
57 279
57 280
57 281
57 282
57 309
57 310
57 311
57 312
57 313
57 314
57 315
57 342
57 343
57 344
57 390
57 392
57 394
57 395
57 396
57 397
57 398
57 399
57 400
57 401
57 402
57 403
57 404
57 405
57 406
57 407
57 409
57 410
57 411
57 413
57 494
57 497
57 498
57 502
57 504
57 516
57 518
57 522
57 525
57 601
57 670
57 688
57 689
57 691
57 692
57 693
57 694
57 695
57 699
57 703
57 704
57 705
57 706
57 708
57 709
57 710
57 711
57 712
57 713
57 714
57 716
57 717
57 722
57 724
57 917
57 942
57 950
57 958
57 970
57 971
57 979
57 980
57 982
57 995
57 998
57 999
57 1012
57 1029
57 1041
57 1053
57 1055
57 1064
57 1085
57 1330
57 1331
57 1332
58 59
58 62
58 68
58 72
58 79
58 80
58 87
58 88
58 90
58 91
58 95
58 99
58 101
58 111
58 116
58 122
58 123
58 128
58 142
58 143
58 144
58 149
58 153
58 154
58 161
58 162
58 163
58 164
58 165
58 171
58 194
58 195
58 202
58 221
58 222
58 224
58 261
58 263
58 265
58 266
58 267
58 268
58 307
58 327
58 330
58 331
58 332
58 333
58 335
58 338
58 356
58 427
58 443
58 447
58 490
58 492
58 495
58 720
58 792
58 1087
58 1124
58 1304
58 1305
58 1306
58 1307
58 1308
58 1309
58 1310
58 1311
58 1312
59 61
59 95
59 100
59 103
59 136
59 152
59 177
59 178
59 179
59 182
59 183
59 211
59 217
59 250
59 252
59 296
59 297
59 304
59 369
59 370
59 371
59 385
59 473
59 641
59 642
59 643
59 844
59 1236
60 282
60 601
60 1184
60 1185
60 1186
60 1187
60 1188
60 1189
60 1190
60 1191
60 1192
60 1193
60 1194
60 1956
60 1957
61 62
61 75
61 94
61 96
61 107
61 110
61 115
61 122
61 151
61 158
61 171
61 173
61 174
61 189
61 205
61 211
61 238
61 242
61 247
61 256
61 257
61 278
61 279
61 295
61 309
61 310
61 311
61 312
61 313
61 314
61 315
61 362
61 363
61 366
61 390
61 391
61 392
61 394
61 395
61 396
61 397
61 398
61 399
61 400
61 401
61 402
61 403
61 404
61 405
61 406
61 407
61 409
61 410
61 411
61 412
61 413
61 465
61 467
61 472
61 488
61 494
61 497
61 499
61 500
61 501
61 502
61 503
61 504
61 505
61 506
61 507
61 508
61 509
61 510
61 511
61 513
61 514
61 518
61 519
61 520
61 522
61 525
61 528
61 530
61 532
61 672
61 693
61 695
61 702
61 715
61 722
61 725
61 835
61 836
61 917
61 918
61 919
61 921
61 975
61 1038
61 1075
61 1470
61 1471
62 67
62 68
62 80
62 95
62 100
62 101
62 102
62 107
62 149
62 153
62 154
62 193
62 195
62 222
62 234
62 237
62 267
62 290
62 301
62 447
62 512
62 571
62 585
62 718
62 771
62 798
62 848
62 868
62 872
62 890
62 1032
62 1080
62 1316
62 1317
62 1318
62 1319
62 1320
63 78
63 100
63 101
63 107
63 110
63 113
63 122
63 136
63 143
63 148
63 154
63 187
63 188
63 210
63 219
63 238
63 261
63 308
63 355
63 429
63 441
63 443
63 445
63 483
63 496
63 517
63 568
63 580
63 583
63 631
63 667
63 723
63 790
63 878
63 1057
63 1061
63 1078
63 1138
63 1353
63 1354
63 1355
63 1356
63 1357
63 1358
63 1359
63 1360
63 1361
64 65
64 81
64 84
64 85
64 107
64 140
64 157
64 163
64 204
64 227
64 249
64 351
64 435
64 591
64 635
64 775
64 874
64 1081
64 1281
64 1282
65 69
65 72
65 84
65 116
65 154
65 189
65 434
65 664
65 1022
65 1258
65 1275
66 766
66 1142
66 1873
66 1874
66 1875
66 1876
66 1877
66 1878
66 1879
66 1880
67 158
67 378
67 647
67 650
67 651
67 653
67 1240
67 1249
67 1252
68 85
68 100
68 101
68 128
68 131
68 139
68 143
68 159
68 160
68 163
68 172
68 194
68 210
68 222
68 224
68 230
68 253
68 258
68 268
68 270
68 297
68 329
68 330
68 335
68 339
68 362
68 363
68 389
68 421
68 439
68 443
68 456
68 473
68 492
68 515
68 579
68 583
68 596
68 662
68 697
68 721
68 813
68 871
68 1314
68 1315
69 351
69 813
69 1200
69 1201
69 1960
70 84
70 116
70 127
70 130
70 143
70 165
70 208
70 225
70 258
70 259
70 260
70 264
70 316
70 318
70 373
70 416
70 449
70 495
70 537
70 540
70 543
70 549
70 554
70 556
70 557
70 746
71 72
71 79
71 85
71 96
71 100
71 123
71 139
71 142
71 161
71 171
71 177
71 189
71 228
71 270
71 272
71 280
71 281
71 333
71 369
71 625
71 1138
71 1139
71 1140
71 1141
71 1163
71 1864
71 1865
71 1866
71 1867
71 1868
71 1869
71 1870
71 1871
71 1872
72 80
72 91
72 101
72 116
72 118
72 122
72 161
72 162
72 194
72 195
72 199
72 224
72 268
72 289
72 332
72 336
72 442
72 461
72 492
72 496
72 515
72 664
72 781
72 1033
72 1049
72 1283
72 1284
73 130
73 255
73 316
73 373
73 417
73 474
73 598
73 845
73 1169
73 1173
73 1260
73 1442
74 103
74 114
74 129
74 302
74 653
74 776
74 1147
74 1884
74 1885
75 256
75 257
75 309
75 310
75 311
75 312
75 313
75 314
75 315
75 391
75 392
75 394
75 395
75 396
75 397
75 398
75 400
75 401
75 402
75 403
75 404
75 405
75 406
75 407
75 409
75 410
75 411
75 413
75 494
75 499
75 500
75 503
75 505
75 506
75 507
75 508
75 510
75 511
75 513
75 514
75 519
75 520
75 528
75 530
75 532
75 672
75 702
75 715
75 918
75 919
75 920
75 921
75 1475
75 1476
76 89
76 115
76 160
76 220
76 488
76 659
76 660
76 661
76 862
76 863
76 864
76 865
76 1254
77 81
77 120
77 133
77 134
77 151
77 159
77 233
77 347
77 350
77 366
77 430
77 586
78 102
78 103
78 106
78 107
78 113
78 114
78 129
78 140
78 141
78 159
78 184
78 185
78 186
78 187
78 188
78 213
78 214
78 215
78 216
78 217
78 218
78 219
78 254
78 303
78 304
78 305
78 306
78 384
78 385
78 386
78 483
78 484
78 485
78 486
78 487
78 657
78 658
78 1253
79 80
79 85
79 90
79 95
79 100
79 101
79 102
79 103
79 105
79 113
79 123
79 128
79 136
79 137
79 139
79 141
79 142
79 152
79 161
79 162
79 174
79 175
79 177
79 186
79 187
79 189
79 195
79 207
79 209
79 225
79 227
79 246
79 248
79 250
79 254
79 266
79 272
79 296
79 319
79 324
79 333
79 368
79 387
80 85
80 91
80 95
80 100
80 101
80 103
80 113
80 116
80 122
80 127
80 136
80 139
80 165
80 171
80 175
80 186
80 194
80 195
80 211
80 222
80 223
80 227
80 234
80 248
80 261
80 268
80 274
80 336
80 341
80 359
80 393
80 439
80 441
80 442
80 558
80 566
80 582
80 585
80 587
80 633
80 707
80 744
80 1037
80 1084
80 1157
80 1472
80 1473
80 1474
81 92
81 118
81 120
81 124
81 201
81 202
81 289
81 870
82 126
82 166
82 1181
82 1182
83 256
83 390
83 498
83 978
83 1043
83 1082
83 1276
83 1277
83 1278
83 1279
83 1280
84 163
84 249
84 351
84 435
84 591
84 775
85 87
85 108
85 118
85 135
85 147
85 285
85 452
85 589
85 844
85 1900
85 1901
86 115
86 135
86 145
86 235
86 768
86 877
86 1097
86 1109
86 1340
87 99
87 131
87 153
87 154
87 210
87 324
87 448
87 596
87 793
87 871
87 914
88 1987
89 659
89 864
89 1254
90 205
90 210
90 274
90 435
90 572
90 1454
90 1455
91 221
91 558
91 721
91 1460
92 119
92 121
92 618
93 257
93 521
93 523
93 524
93 526
93 529
93 531
93 669
93 915
93 916
94 96
94 98
94 228
94 275
94 276
94 277
94 278
94 279
94 280
94 281
94 282
94 342
94 343
94 344
94 345
94 670
94 671
96 98
96 228
96 275
96 276
96 277
96 278
96 279
96 280
96 281
96 282
96 342
96 343
96 344
96 345
97 126
98 228
98 275
98 276
98 277
98 278
98 279
98 280
98 281
98 282
98 342
98 343
98 344
98 345
103 117
108 146
113 117
117 127
117 180
117 215
117 377
117 380
117 382
130 160
