0 1
0 2
0 3
0 5
0 6
0 8
0 9
0 10
0 12
0 13
0 14
0 15
0 18
0 22
0 23
0 24
0 25
0 26
0 27
0 28
0 29
0 31
0 32
0 34
0 36
0 37
0 39
0 44
0 45
0 46
0 48
0 49
0 50
0 51
0 52
0 53
0 54
0 55
0 56
0 60
0 61
0 63
0 64
0 65
0 66
0 68
0 69
0 72
0 73
0 74
0 75
0 77
0 79
0 82
0 85
0 88
0 89
0 92
0 95
0 97
0 98
0 99
0 103
0 108
0 116
0 119
0 121
0 124
0 125
0 127
0 128
0 134
0 137
0 138
0 143
0 144
0 145
0 147
0 150
0 151
0 155
0 156
0 158
0 162
0 164
0 165
0 172
0 174
0 181
0 183
0 184
0 185
0 190
0 193
0 195
0 199
0 205
0 206
0 213
0 215
0 220
0 224
0 232
0 236
0 237
0 246
0 258
0 261
0 263
0 264
0 269
0 273
0 281
0 286
0 288
0 293
0 295
0 297
0 298
0 304
0 307
0 308
0 321
0 323
0 324
0 328
0 336
0 338
0 339
0 341
0 342
0 343
0 357
0 360
0 361
0 362
0 368
0 374
0 375
0 383
0 394
0 395
0 396
0 399
0 400
0 402
0 404
0 405
0 406
0 422
0 423
0 426
0 429
0 439
0 440
0 448
0 450
0 457
0 470
0 471
0 480
0 482
0 483
0 486
0 487
0 488
0 493
0 495
0 516
0 517
0 551
0 554
0 556
0 558
0 560
0 585
0 593
0 605
0 636
0 637
0 694
0 697
0 703
0 704
0 705
0 706
0 729
0 733
0 737
0 738
0 741
0 763
0 770
0 773
0 813
0 814
0 837
0 838
0 840
0 873
0 877
0 918
0 975
1 2
1 5
1 6
1 8
1 9
1 10
1 12
1 13
1 14
1 15
1 17
1 18
1 22
1 23
1 24
1 25
1 26
1 27
1 28
1 31
1 32
1 34
1 36
1 39
1 44
1 45
1 46
1 47
1 48
1 49
1 50
1 51
1 52
1 53
1 54
1 55
1 56
1 60
1 61
1 63
1 64
1 65
1 66
1 68
1 69
1 72
1 74
1 75
1 78
1 79
1 82
1 88
1 89
1 95
1 97
1 98
1 99
1 103
1 104
1 105
1 108
1 111
1 115
1 119
1 125
1 128
1 134
1 137
1 138
1 141
1 143
1 144
1 145
1 150
1 158
1 164
1 165
1 172
1 174
1 185
1 193
1 199
1 205
1 206
1 213
1 220
1 224
1 232
1 236
1 237
1 250
1 258
1 259
1 264
1 269
1 273
1 281
1 286
1 296
1 298
1 304
1 307
1 308
1 323
1 324
1 328
1 336
1 337
1 341
1 342
1 343
1 356
1 357
1 360
1 361
1 362
1 368
1 374
1 375
1 383
1 394
1 395
1 400
1 402
1 404
1 405
1 406
1 423
1 426
1 429
1 439
1 440
1 444
1 445
1 450
1 457
1 470
1 471
1 478
1 480
1 482
1 483
1 487
1 493
1 495
1 516
1 517
1 526
1 554
1 556
1 558
1 560
1 568
1 592
1 605
1 636
1 637
1 671
1 697
1 703
1 704
1 705
1 706
1 729
1 733
1 737
1 738
1 837
1 838
1 846
2 3
2 6
2 7
2 8
2 11
2 16
2 18
2 21
2 24
2 32
2 33
2 34
2 36
2 44
2 45
2 47
2 49
2 51
2 56
2 57
2 58
2 60
2 64
2 68
2 69
2 73
2 76
2 81
2 88
2 91
2 92
2 103
2 106
2 108
2 109
2 127
2 129
2 132
2 139
2 145
2 149
2 152
2 156
2 161
2 162
2 170
2 173
2 174
2 175
2 181
2 183
2 195
2 204
2 215
2 222
2 227
2 230
2 238
2 246
2 249
2 250
2 251
2 256
2 259
2 275
2 276
2 287
2 290
2 292
2 293
2 294
2 297
2 298
2 305
2 325
2 335
2 358
2 359
2 386
2 405
2 424
2 438
2 444
2 445
2 446
2 448
2 452
2 456
2 474
2 479
2 485
2 490
2 528
2 559
2 560
2 570
2 572
2 596
2 637
2 642
2 675
2 677
2 678
2 699
2 734
2 736
2 768
2 772
2 773
2 814
2 816
2 817
2 875
3 6
3 7
3 9
3 10
3 11
3 12
3 13
3 15
3 16
3 18
3 21
3 22
3 23
3 24
3 25
3 26
3 28
3 31
3 32
3 39
3 44
3 45
3 46
3 48
3 49
3 50
3 53
3 54
3 58
3 60
3 61
3 63
3 64
3 67
3 69
3 74
3 75
3 77
3 79
3 81
3 82
3 83
3 88
3 97
3 99
3 101
3 106
3 108
3 119
3 126
3 132
3 139
3 140
3 152
3 154
3 156
3 158
3 163
3 164
3 165
3 172
3 173
3 174
3 181
3 183
3 185
3 194
3 195
3 203
3 205
3 215
3 224
3 227
3 232
3 234
3 237
3 238
3 246
3 251
3 264
3 269
3 272
3 273
3 274
3 282
3 286
3 287
3 290
3 291
3 293
3 304
3 307
3 325
3 334
3 356
3 361
3 368
3 373
3 374
3 386
3 393
3 394
3 400
3 401
3 404
3 423
3 440
3 446
3 452
3 461
3 477
3 478
3 480
3 482
3 528
3 554
3 570
3 596
3 599
3 675
3 731
3 769
3 812
4 5
4 15
4 20
4 38
4 40
4 41
4 43
4 57
4 62
4 80
4 85
4 87
4 90
4 94
4 102
4 113
4 114
4 117
4 120
4 124
4 133
4 141
4 152
4 163
4 167
4 169
4 177
4 188
4 191
4 196
4 198
4 203
4 210
4 211
4 238
4 239
4 261
4 295
4 296
4 299
4 303
4 312
4 313
4 314
4 315
4 318
4 323
4 326
4 329
4 335
4 347
4 357
4 364
4 378
4 401
4 405
4 408
4 411
4 430
4 434
4 441
4 460
4 467
4 472
4 494
4 498
4 510
4 511
4 513
4 514
4 521
4 526
4 537
4 538
4 544
4 577
4 580
4 586
4 587
4 588
4 589
4 590
4 602
4 609
4 610
4 612
4 629
4 644
4 648
4 669
4 670
4 671
4 688
4 690
4 694
4 698
4 701
4 714
4 718
4 749
4 752
4 778
4 780
4 785
4 808
4 819
4 820
4 828
4 832
4 833
4 834
4 842
4 852
4 891
4 893
4 903
4 915
4 923
4 926
4 927
4 942
4 993
5 7
5 8
5 9
5 10
5 12
5 13
5 14
5 15
5 18
5 20
5 23
5 25
5 28
5 29
5 31
5 34
5 35
5 36
5 37
5 38
5 42
5 47
5 51
5 54
5 55
5 57
5 58
5 61
5 62
5 63
5 65
5 72
5 78
5 85
5 88
5 90
5 91
5 95
5 98
5 100
5 105
5 106
5 111
5 115
5 124
5 136
5 140
5 141
5 143
5 152
5 153
5 156
5 165
5 167
5 172
5 181
5 183
5 202
5 205
5 213
5 215
5 216
5 234
5 236
5 240
5 250
5 252
5 258
5 259
5 260
5 269
5 282
5 285
5 289
5 292
5 294
5 296
5 299
5 304
5 310
5 311
5 319
5 340
5 349
5 358
5 368
5 377
5 386
5 394
5 397
5 407
5 419
5 438
5 451
5 455
5 456
5 464
5 465
5 481
5 496
5 512
5 521
5 527
5 528
5 540
5 541
5 542
5 640
5 641
5 642
5 643
5 679
5 689
5 743
5 744
5 745
5 746
5 747
5 779
5 813
5 825
5 850
6 7
6 11
6 16
6 18
6 21
6 33
6 37
6 44
6 49
6 51
6 56
6 58
6 60
6 64
6 73
6 81
6 88
6 91
6 92
6 106
6 110
6 116
6 121
6 127
6 129
6 139
6 147
6 151
6 152
6 158
6 161
6 162
6 170
6 173
6 175
6 204
6 222
6 227
6 230
6 238
6 246
6 249
6 251
6 256
6 259
6 275
6 276
6 287
6 289
6 292
6 293
6 294
6 295
6 297
6 298
6 305
6 322
6 327
6 335
6 336
6 354
6 358
6 359
6 369
6 386
6 396
6 401
6 444
6 445
6 448
6 452
6 456
6 458
6 459
6 479
6 485
6 490
6 528
6 559
6 560
6 570
6 571
6 596
6 598
6 631
6 632
6 633
6 642
6 675
6 699
6 734
6 736
6 765
6 772
6 773
6 816
6 817
6 850
6 875
7 11
7 16
7 18
7 21
7 26
7 33
7 37
7 44
7 49
7 51
7 55
7 56
7 58
7 60
7 64
7 73
7 75
7 77
7 79
7 81
7 85
7 86
7 88
7 91
7 92
7 98
7 106
7 109
7 110
7 114
7 116
7 121
7 122
7 123
7 127
7 129
7 139
7 147
7 151
7 152
7 157
7 158
7 160
7 161
7 162
7 170
7 173
7 175
7 176
7 177
7 182
7 204
7 207
7 208
7 217
7 218
7 219
7 222
7 227
7 230
7 238
7 246
7 249
7 256
7 275
7 276
7 287
7 289
7 292
7 293
7 294
7 297
7 322
7 325
7 335
7 354
7 358
7 359
7 369
7 370
7 371
7 386
7 444
7 445
7 452
7 456
7 479
7 485
7 490
7 528
7 559
7 570
7 596
7 633
7 642
7 675
7 699
7 734
7 736
7 772
7 816
7 817
7 818
8 9
8 10
8 12
8 13
8 15
8 16
8 21
8 22
8 23
8 24
8 25
8 26
8 27
8 29
8 35
8 36
8 39
8 45
8 47
8 48
8 50
8 54
8 57
8 61
8 65
8 66
8 68
8 72
8 77
8 78
8 83
8 87
8 88
8 91
8 97
8 99
8 100
8 104
8 105
8 111
8 115
8 119
8 127
8 134
8 146
8 152
8 155
8 163
8 169
8 173
8 181
8 191
8 202
8 203
8 209
8 215
8 227
8 228
8 246
8 247
8 248
8 261
8 269
8 270
8 271
8 281
8 287
8 288
8 306
8 310
8 327
8 337
8 355
8 372
8 384
8 395
8 401
8 425
8 427
8 428
8 451
8 458
8 459
8 477
8 488
8 527
8 529
8 553
8 569
8 630
8 667
8 674
8 773
8 815
8 917
8 990
9 10
9 12
9 13
9 15
9 16
9 21
9 22
9 23
9 25
9 26
9 27
9 29
9 31
9 34
9 35
9 39
9 45
9 47
9 48
9 50
9 54
9 57
9 61
9 65
9 66
9 68
9 72
9 77
9 78
9 83
9 85
9 87
9 88
9 91
9 97
9 99
9 100
9 104
9 105
9 109
9 111
9 115
9 116
9 119
9 121
9 122
9 123
9 134
9 146
9 147
9 151
9 152
9 163
9 169
9 173
9 181
9 191
9 202
9 203
9 205
9 215
9 227
9 228
9 246
9 247
9 248
9 250
9 261
9 269
9 270
9 271
9 281
9 287
9 306
9 310
9 355
9 372
9 384
9 395
9 401
9 425
9 427
9 428
9 451
9 477
9 488
9 527
9 529
9 630
9 667
9 815
9 836
9 917
10 12
10 13
10 15
10 16
10 21
10 22
10 23
10 25
10 26
10 27
10 29
10 35
10 39
10 45
10 47
10 48
10 50
10 54
10 57
10 61
10 65
10 66
10 68
10 72
10 78
10 83
10 87
10 88
10 91
10 97
10 99
10 100
10 104
10 105
10 109
10 111
10 115
10 119
10 122
10 123
10 134
10 146
10 152
10 157
10 160
10 163
10 169
10 173
10 181
10 182
10 191
10 202
10 203
10 209
10 215
10 217
10 218
10 219
10 227
10 228
10 246
10 247
10 248
10 261
10 269
10 270
10 271
10 281
10 287
10 295
10 306
10 310
10 337
10 355
10 372
10 384
10 395
10 396
10 401
10 425
10 427
10 428
10 451
10 477
10 527
10 529
10 593
10 630
10 667
10 815
10 917
11 16
11 18
11 21
11 32
11 33
11 44
11 49
11 51
11 56
11 58
11 60
11 64
11 73
11 81
11 88
11 91
11 92
11 106
11 110
11 116
11 121
11 127
11 129
11 139
11 147
11 151
11 152
11 158
11 161
11 162
11 170
11 173
11 175
11 190
11 204
11 216
11 222
11 227
11 230
11 238
11 246
11 249
11 252
11 256
11 275
11 276
11 287
11 289
11 292
11 293
11 294
11 297
11 321
11 322
11 325
11 335
11 354
11 358
11 359
11 369
11 370
11 371
11 386
11 452
11 456
11 479
11 485
11 486
11 490
11 528
11 559
11 570
11 596
11 633
11 642
11 674
11 675
11 681
11 699
11 734
11 736
11 772
11 816
11 817
11 909
12 13
12 15
12 18
12 24
12 25
12 28
12 31
12 32
12 37
12 39
12 44
12 49
12 50
12 51
12 53
12 54
12 56
12 57
12 60
12 63
12 64
12 65
12 66
12 68
12 69
12 72
12 74
12 78
12 79
12 82
12 85
12 97
12 99
12 101
12 103
12 108
12 109
12 122
12 123
12 144
12 145
12 150
12 152
12 155
12 157
12 158
12 160
12 174
12 182
12 185
12 192
12 194
12 195
12 205
12 213
12 217
12 218
12 219
12 220
12 237
12 305
12 308
12 324
12 337
12 356
12 362
12 368
12 393
12 394
12 400
12 401
12 423
12 440
12 448
12 478
12 517
12 553
12 554
12 592
12 597
12 637
12 732
12 737
12 772
12 873
12 971
13 15
13 16
13 21
13 22
13 23
13 24
13 25
13 26
13 27
13 29
13 34
13 35
13 36
13 39
13 45
13 47
13 48
13 50
13 54
13 57
13 61
13 65
13 66
13 68
13 72
13 78
13 83
13 85
13 87
13 88
13 91
13 97
13 99
13 100
13 119
13 127
13 134
13 146
13 152
13 163
13 169
13 173
13 181
13 191
13 202
13 203
13 215
13 227
13 228
13 246
13 247
13 248
13 250
13 261
13 269
13 270
13 271
13 281
13 287
13 297
13 306
13 310
13 337
13 355
13 372
13 384
13 395
13 401
13 425
13 427
13 428
13 451
13 477
13 527
13 529
13 630
13 667
13 815
13 819
13 842
13 917
14 17
14 18
14 19
14 21
14 22
14 24
14 26
14 30
14 32
14 33
14 36
14 40
14 41
14 43
14 55
14 58
14 71
14 75
14 76
14 77
14 78
14 79
14 81
14 85
14 90
14 95
14 96
14 98
14 103
14 106
14 107
14 109
14 114
14 122
14 123
14 127
14 128
14 129
14 135
14 139
14 154
14 155
14 157
14 160
14 161
14 166
14 169
14 170
14 171
14 176
14 177
14 182
14 183
14 186
14 190
14 205
14 207
14 208
14 212
14 214
14 217
14 218
14 219
14 222
14 234
14 235
14 245
14 250
14 256
14 279
14 321
14 325
14 340
14 345
14 377
14 385
14 387
14 430
14 443
14 478
14 479
14 617
14 671
14 676
14 697
14 763
14 812
14 839
15 17
15 18
15 20
15 24
15 25
15 31
15 32
15 35
15 36
15 44
15 45
15 49
15 50
15 51
15 53
15 56
15 60
15 61
15 62
15 63
15 64
15 65
15 66
15 67
15 69
15 72
15 74
15 82
15 84
15 85
15 89
15 94
15 97
15 110
15 141
15 155
15 161
15 162
15 163
15 191
15 205
15 248
15 251
15 272
15 290
15 291
15 296
15 298
15 318
15 325
15 326
15 327
15 362
15 377
15 397
15 399
15 424
15 426
15 430
15 446
15 458
15 459
15 469
15 557
15 601
15 640
15 641
15 694
15 761
15 914
15 968
16 18
16 21
16 33
16 35
16 37
16 44
16 49
16 58
16 60
16 64
16 73
16 77
16 81
16 91
16 92
16 106
16 110
16 127
16 129
16 139
16 152
16 161
16 162
16 170
16 175
16 204
16 222
16 227
16 230
16 238
16 246
16 248
16 249
16 256
16 261
16 272
16 275
16 276
16 287
16 289
16 291
16 293
16 294
16 297
16 322
16 338
16 339
16 354
16 358
16 359
16 369
16 386
16 428
16 452
16 456
16 461
16 462
16 485
16 486
16 490
16 559
16 570
16 574
16 621
16 642
16 656
16 699
16 736
16 816
16 817
16 970
17 22
17 26
17 28
17 34
17 45
17 46
17 50
17 51
17 53
17 56
17 58
17 63
17 67
17 74
17 75
17 79
17 82
17 84
17 89
17 92
17 95
17 99
17 100
17 101
17 109
17 119
17 122
17 123
17 126
17 136
17 137
17 145
17 149
17 150
17 157
17 158
17 160
17 174
17 189
17 193
17 199
17 213
17 217
17 219
17 220
17 237
17 256
17 259
17 269
17 286
17 307
17 334
17 336
17 341
17 368
17 395
17 423
17 426
17 438
17 457
17 478
17 479
17 487
17 495
17 554
17 556
17 594
17 628
17 636
17 737
17 821
17 947
17 971
18 21
18 26
18 29
18 32
18 44
18 45
18 46
18 47
18 49
18 50
18 51
18 52
18 53
18 55
18 56
18 60
18 63
18 64
18 73
18 74
18 75
18 76
18 79
18 82
18 83
18 84
18 87
18 88
18 92
18 95
18 98
18 108
18 116
18 121
18 147
18 151
18 154
18 156
18 163
18 165
18 174
18 181
18 183
18 190
18 205
18 215
18 216
18 220
18 237
18 246
18 258
18 269
18 286
18 304
18 334
18 345
18 348
18 383
18 395
18 397
18 400
18 423
18 424
18 447
18 453
18 551
18 568
18 605
18 630
18 735
18 767
18 774
19 30
19 33
19 38
19 39
19 42
19 45
19 71
19 77
19 107
19 117
19 170
19 175
19 204
19 221
19 228
19 229
19 231
19 233
19 253
19 254
19 257
19 260
19 262
19 270
19 275
19 276
19 277
19 284
19 300
19 301
19 329
19 335
19 341
19 355
19 364
19 380
19 385
19 389
19 408
19 453
19 489
19 497
19 499
19 532
19 533
19 534
19 535
19 536
19 575
19 601
19 604
19 657
19 710
19 711
19 742
19 748
19 778
19 794
19 812
19 827
19 844
19 853
19 855
19 856
19 857
19 866
19 867
19 878
19 886
19 920
20 24
20 36
20 38
20 57
20 62
20 80
20 94
20 102
20 120
20 124
20 127
20 153
20 163
20 167
20 169
20 188
20 191
20 196
20 198
20 210
20 211
20 238
20 239
20 303
20 313
20 315
20 316
20 317
20 318
20 329
20 330
20 347
20 378
20 409
20 410
20 411
20 434
20 441
20 460
20 467
20 472
20 510
20 511
20 513
20 514
20 537
20 538
20 577
20 579
20 580
20 586
20 587
20 588
20 589
20 590
20 609
20 612
20 629
20 644
20 648
20 669
20 670
20 671
20 688
20 690
20 698
20 701
20 718
20 749
20 752
20 778
20 795
20 808
20 819
20 820
20 828
20 832
20 833
20 834
20 842
20 891
20 926
20 927
20 942
20 979
21 29
21 32
21 35
21 38
21 42
21 44
21 47
21 50
21 51
21 53
21 56
21 63
21 64
21 74
21 76
21 82
21 85
21 86
21 91
21 95
21 114
21 128
21 141
21 175
21 176
21 177
21 184
21 185
21 190
21 194
21 195
21 204
21 206
21 207
21 208
21 232
21 249
21 250
21 263
21 265
21 296
21 321
21 325
21 344
21 385
21 443
21 447
21 485
21 486
21 488
21 568
21 600
21 630
21 639
21 683
21 684
21 685
21 708
21 776
21 777
21 812
21 877
21 950
22 23
22 26
22 27
22 34
22 39
22 45
22 48
22 55
22 59
22 68
22 69
22 70
22 73
22 75
22 77
22 78
22 83
22 89
22 92
22 95
22 100
22 103
22 108
22 109
22 119
22 122
22 123
22 125
22 128
22 131
22 137
22 143
22 145
22 146
22 150
22 155
22 164
22 190
22 213
22 224
22 251
22 259
22 269
22 273
22 274
22 281
22 288
22 321
22 336
22 341
22 342
22 395
22 402
22 438
22 474
22 492
22 551
22 572
22 585
22 592
22 598
22 631
22 632
22 763
22 815
22 843
22 873
22 915
22 968
23 27
23 28
23 39
23 44
23 45
23 48
23 50
23 51
23 53
23 54
23 56
23 57
23 59
23 63
23 64
23 68
23 69
23 74
23 78
23 82
23 83
23 86
23 94
23 99
23 100
23 103
23 108
23 116
23 119
23 121
23 125
23 131
23 134
23 137
23 145
23 147
23 151
23 158
23 159
23 205
23 213
23 286
23 298
23 312
23 393
23 426
23 458
23 459
23 478
23 485
23 552
23 625
23 626
23 627
23 695
23 696
23 770
23 946
24 28
24 29
24 36
24 40
24 43
24 49
24 60
24 67
24 69
24 76
24 77
24 84
24 91
24 94
24 108
24 114
24 124
24 127
24 131
24 134
24 136
24 138
24 141
24 143
24 144
24 150
24 155
24 165
24 166
24 174
24 191
24 194
24 205
24 216
24 232
24 239
24 252
24 255
24 290
24 296
24 299
24 305
24 307
24 313
24 336
24 356
24 368
24 383
24 394
24 400
24 403
24 424
24 439
24 446
24 474
24 478
24 480
24 483
24 490
24 558
24 560
24 572
24 579
24 598
24 631
24 632
24 644
24 679
24 680
24 701
24 820
24 841
25 26
25 31
25 35
25 37
25 44
25 45
25 49
25 50
25 51
25 53
25 55
25 56
25 60
25 61
25 63
25 64
25 65
25 66
25 67
25 69
25 72
25 73
25 74
25 75
25 77
25 79
25 82
25 85
25 89
25 92
25 97
25 98
25 163
25 191
25 203
25 227
25 248
25 250
25 251
25 261
25 272
25 290
25 291
25 292
25 298
25 318
25 338
25 339
25 362
25 397
25 424
25 441
25 446
25 469
25 522
25 557
25 587
25 588
25 589
25 590
25 629
25 668
25 669
25 670
26 31
26 32
26 35
26 44
26 50
26 51
26 52
26 53
26 54
26 55
26 56
26 63
26 64
26 67
26 68
26 74
26 75
26 79
26 82
26 83
26 84
26 98
26 99
26 101
26 109
26 122
26 123
26 126
26 137
26 144
26 149
26 165
26 172
26 173
26 190
26 192
26 199
26 220
26 224
26 251
26 264
26 269
26 321
26 334
26 336
26 356
26 423
26 450
26 516
26 517
26 551
26 552
26 585
26 664
26 677
26 678
26 732
26 759
26 766
27 28
27 39
27 40
27 41
27 43
27 44
27 45
27 48
27 50
27 51
27 53
27 54
27 56
27 57
27 59
27 63
27 64
27 68
27 69
27 74
27 77
27 80
27 82
27 83
27 99
27 100
27 102
27 103
27 109
27 113
27 119
27 120
27 122
27 123
27 125
27 131
27 134
27 137
27 145
27 146
27 157
27 158
27 159
27 160
27 182
27 217
27 218
27 219
27 273
27 286
27 298
27 341
27 393
27 402
27 492
27 552
27 625
27 626
27 627
27 665
27 695
27 696
27 946
28 36
28 39
28 44
28 46
28 48
28 50
28 51
28 52
28 53
28 56
28 59
28 63
28 64
28 68
28 70
28 74
28 82
28 84
28 87
28 89
28 104
28 105
28 106
28 111
28 115
28 137
28 140
28 143
28 152
28 153
28 164
28 178
28 179
28 200
28 201
28 221
28 231
28 250
28 253
28 254
28 262
28 288
28 293
28 295
28 297
28 298
28 309
28 337
28 396
28 401
28 481
28 518
28 519
28 520
28 526
28 561
28 562
28 563
28 564
28 565
28 566
28 567
28 592
28 597
28 667
28 694
28 810
29 32
29 34
29 35
29 36
29 40
29 41
29 43
29 44
29 47
29 49
29 50
29 51
29 53
29 56
29 60
29 63
29 64
29 66
29 69
29 74
29 77
29 80
29 82
29 85
29 87
29 89
29 91
29 102
29 104
29 105
29 109
29 111
29 113
29 115
29 116
29 120
29 121
29 122
29 123
29 127
29 133
29 136
29 144
29 147
29 149
29 151
29 155
29 172
29 174
29 189
29 236
29 249
29 273
29 274
29 297
29 482
29 483
29 484
29 556
29 568
29 635
29 809
29 914
29 972
30 33
30 38
30 39
30 42
30 45
30 71
30 77
30 107
30 117
30 170
30 175
30 204
30 221
30 228
30 229
30 231
30 233
30 253
30 254
30 257
30 260
30 262
30 270
30 277
30 284
30 300
30 301
30 329
30 335
30 341
30 355
30 364
30 380
30 389
30 408
30 453
30 489
30 497
30 499
30 536
30 575
30 601
30 604
30 657
30 710
30 711
30 742
30 748
30 778
30 794
30 812
30 827
30 844
30 853
30 855
30 856
30 857
30 866
30 867
30 878
30 886
30 920
31 44
31 45
31 49
31 50
31 51
31 53
31 55
31 56
31 57
31 60
31 61
31 63
31 64
31 65
31 66
31 67
31 69
31 72
31 73
31 74
31 75
31 77
31 79
31 82
31 92
31 97
31 98
31 104
31 105
31 106
31 111
31 115
31 116
31 121
31 132
31 147
31 151
31 163
31 191
31 205
31 216
31 248
31 250
31 251
31 252
31 272
31 290
31 291
31 293
31 298
31 318
31 362
31 424
31 444
31 445
31 446
31 469
31 668
31 673
31 731
32 44
32 45
32 46
32 47
32 49
32 50
32 51
32 52
32 53
32 56
32 60
32 63
32 64
32 73
32 74
32 76
32 82
32 83
32 84
32 87
32 88
32 92
32 95
32 108
32 116
32 121
32 147
32 151
32 154
32 156
32 163
32 165
32 174
32 181
32 190
32 205
32 215
32 216
32 220
32 237
32 246
32 252
32 258
32 269
32 286
32 304
32 334
32 345
32 383
32 385
32 395
32 397
32 400
32 423
32 424
32 447
32 453
32 551
32 568
32 605
32 735
32 774
33 58
33 71
33 78
33 81
33 86
33 90
33 95
33 96
33 104
33 105
33 106
33 107
33 109
33 111
33 114
33 115
33 116
33 121
33 122
33 123
33 125
33 128
33 129
33 131
33 147
33 151
33 154
33 155
33 157
33 160
33 166
33 170
33 176
33 177
33 182
33 186
33 190
33 207
33 208
33 217
33 218
33 219
33 229
33 230
33 234
33 250
33 265
33 295
33 321
33 325
33 340
33 344
33 345
33 358
33 385
33 387
33 396
33 398
33 437
33 449
33 468
33 523
33 524
33 525
33 551
33 569
33 585
33 593
33 617
33 638
33 818
33 839
34 49
34 52
34 60
34 72
34 73
34 76
34 84
34 85
34 88
34 90
34 92
34 114
34 124
34 155
34 165
34 166
34 170
34 173
34 251
34 259
34 265
34 275
34 276
34 292
34 299
34 324
34 336
34 344
34 374
34 376
34 424
34 448
34 460
34 487
34 488
34 490
34 528
34 560
34 572
34 573
34 594
34 595
34 596
34 598
34 631
34 632
34 633
34 668
34 681
34 767
34 773
34 844
34 875
34 879
34 880
34 918
34 974
35 45
35 47
35 50
35 57
35 61
35 78
35 87
35 88
35 91
35 100
35 152
35 153
35 163
35 169
35 173
35 181
35 191
35 202
35 203
35 215
35 227
35 228
35 247
35 248
35 261
35 270
35 271
35 287
35 299
35 306
35 310
35 337
35 355
35 372
35 384
35 401
35 425
35 427
35 428
35 451
35 477
35 527
35 529
35 630
35 667
35 674
35 815
35 850
35 861
35 917
35 928
35 949
35 976
36 49
36 60
36 67
36 69
36 76
36 77
36 84
36 91
36 94
36 108
36 114
36 127
36 131
36 134
36 136
36 138
36 143
36 144
36 150
36 155
36 165
36 166
36 174
36 191
36 194
36 232
36 239
36 255
36 290
36 299
36 305
36 307
36 313
36 327
36 356
36 368
36 383
36 394
36 400
36 403
36 424
36 439
36 446
36 458
36 459
36 474
36 480
36 483
36 490
36 558
36 572
36 579
36 644
36 679
36 680
36 701
36 818
36 820
36 841
36 970
37 38
37 39
37 42
37 43
37 48
37 50
37 58
37 65
37 66
37 78
37 99
37 100
37 108
37 117
37 124
37 128
37 174
37 185
37 191
37 195
37 221
37 223
37 233
37 252
37 257
37 258
37 265
37 284
37 286
37 294
37 304
37 309
37 323
37 329
37 344
37 359
37 386
37 441
37 513
37 536
37 544
37 578
37 582
37 583
37 584
37 591
37 634
37 691
37 714
37 730
37 755
37 782
37 797
37 798
37 805
37 824
37 880
37 915
38 42
38 57
38 62
38 71
38 86
38 91
38 94
38 107
38 110
38 116
38 118
38 121
38 130
38 147
38 151
38 165
38 175
38 196
38 204
38 214
38 221
38 231
38 238
38 239
38 255
38 257
38 299
38 312
38 340
38 344
38 348
38 363
38 370
38 371
38 377
38 378
38 386
38 397
38 450
38 460
38 489
38 514
38 538
38 544
38 647
38 686
38 687
38 710
38 712
38 713
38 827
38 859
39 44
39 45
39 48
39 50
39 51
39 53
39 54
39 56
39 57
39 59
39 63
39 64
39 68
39 69
39 71
39 74
39 82
39 83
39 86
39 99
39 100
39 103
39 107
39 108
39 119
39 125
39 131
39 134
39 137
39 145
39 158
39 159
39 213
39 286
39 298
39 308
39 324
39 393
39 442
39 444
39 445
39 476
39 552
39 625
39 626
39 627
39 990
40 41
40 42
40 43
40 57
40 58
40 68
40 78
40 80
40 82
40 83
40 87
40 93
40 94
40 100
40 102
40 113
40 118
40 120
40 129
40 130
40 133
40 135
40 136
40 142
40 148
40 153
40 159
40 168
40 180
40 187
40 188
40 189
40 198
40 210
40 211
40 225
40 226
40 229
40 241
40 242
40 243
40 244
40 247
40 259
40 269
40 280
40 283
40 294
40 315
40 347
40 348
40 368
40 381
40 382
40 390
40 392
40 403
40 472
40 473
40 581
40 602
40 662
40 663
40 775
40 847
40 883
40 892
40 903
40 922
41 42
41 43
41 57
41 58
41 68
41 78
41 80
41 82
41 83
41 87
41 93
41 94
41 100
41 102
41 113
41 118
41 120
41 129
41 130
41 133
41 135
41 142
41 148
41 153
41 159
41 168
41 180
41 187
41 188
41 189
41 198
41 210
41 211
41 225
41 226
41 229
41 241
41 242
41 243
41 244
41 247
41 259
41 280
41 283
41 294
41 315
41 326
41 347
41 348
41 368
41 381
41 382
41 390
41 392
41 403
41 472
41 473
41 581
41 602
41 662
41 663
41 775
41 815
41 847
41 883
41 892
41 903
41 922
42 43
42 57
42 71
42 86
42 91
42 94
42 107
42 110
42 116
42 118
42 121
42 130
42 147
42 151
42 165
42 175
42 178
42 179
42 200
42 201
42 204
42 214
42 221
42 223
42 231
42 238
42 239
42 255
42 257
42 299
42 310
42 340
42 344
42 363
42 370
42 371
42 377
42 378
42 386
42 397
42 450
42 460
42 489
42 514
42 538
42 544
42 647
42 686
42 687
42 710
42 712
42 713
42 827
42 859
43 57
43 58
43 68
43 78
43 80
43 82
43 83
43 87
43 93
43 94
43 100
43 102
43 113
43 118
43 120
43 129
43 130
43 133
43 135
43 136
43 142
43 148
43 153
43 159
43 168
43 180
43 187
43 188
43 189
43 198
43 210
43 211
43 225
43 226
43 229
43 241
43 242
43 243
43 244
43 247
43 259
43 269
43 280
43 283
43 294
43 315
43 347
43 348
43 368
43 381
43 382
43 390
43 392
43 403
43 472
43 473
43 581
43 602
43 662
43 663
43 775
43 892
43 903
43 922
44 46
44 47
44 48
44 50
44 51
44 53
44 54
44 55
44 56
44 61
44 63
44 64
44 65
44 66
44 72
44 73
44 74
44 82
44 86
44 91
44 92
44 97
44 110
44 139
44 162
44 178
44 179
44 184
44 190
44 200
44 201
44 216
44 252
44 263
44 275
44 276
44 288
44 289
44 295
44 310
44 321
44 322
44 327
44 337
44 354
44 369
44 396
44 399
44 475
44 621
44 656
44 668
45 47
45 48
45 49
45 52
45 59
45 60
45 61
45 65
45 66
45 68
45 69
45 70
45 72
45 78
45 85
45 88
45 97
45 103
45 109
45 122
45 123
45 145
45 146
45 155
45 157
45 160
45 165
45 182
45 224
45 251
45 269
45 274
45 336
45 362
45 395
45 444
45 445
45 450
45 485
45 492
45 553
45 560
45 598
45 605
45 631
45 632
45 786
45 843
46 49
46 50
46 51
46 52
46 53
46 56
46 59
46 60
46 63
46 64
46 70
46 73
46 74
46 82
46 84
46 87
46 89
46 92
46 104
46 105
46 109
46 111
46 115
46 116
46 121
46 122
46 123
46 137
46 140
46 147
46 151
46 152
46 155
46 157
46 183
46 184
46 221
46 231
46 253
46 254
46 262
46 263
46 295
46 297
46 323
46 327
46 340
46 357
46 396
46 401
46 405
46 458
46 459
46 482
46 483
46 494
46 592
46 667
46 673
47 49
47 50
47 51
47 52
47 53
47 56
47 60
47 63
47 64
47 74
47 82
47 84
47 87
47 88
47 108
47 116
47 121
47 147
47 151
47 152
47 154
47 155
47 156
47 163
47 165
47 174
47 181
47 190
47 205
47 215
47 216
47 237
47 246
47 258
47 269
47 286
47 304
47 345
47 383
47 395
47 397
47 400
47 423
47 551
47 568
47 569
47 605
47 630
47 674
47 735
47 774
48 50
48 51
48 53
48 54
48 56
48 57
48 59
48 63
48 64
48 68
48 69
48 74
48 77
48 82
48 83
48 86
48 99
48 100
48 103
48 116
48 119
48 121
48 125
48 131
48 134
48 137
48 145
48 147
48 151
48 158
48 159
48 286
48 298
48 393
48 485
48 552
48 625
48 626
48 627
48 640
48 641
48 668
48 695
48 696
49 52
49 55
49 60
49 61
49 65
49 68
49 83
49 88
49 99
49 100
49 108
49 127
49 132
49 143
49 144
49 149
49 152
49 164
49 165
49 173
49 174
49 181
49 194
49 215
49 236
49 237
49 251
49 269
49 290
49 291
49 293
49 307
49 376
49 386
49 395
49 400
49 558
49 570
49 605
50 51
50 52
50 53
50 54
50 55
50 56
50 61
50 63
50 64
50 65
50 66
50 72
50 73
50 74
50 75
50 78
50 79
50 82
50 91
50 92
50 97
50 110
50 139
50 162
50 184
50 190
50 216
50 252
50 263
50 288
50 289
50 321
50 322
50 327
50 354
50 369
50 399
50 458
50 459
50 475
50 586
50 668
51 53
51 54
51 55
51 56
51 61
51 63
51 64
51 65
51 66
51 72
51 73
51 74
51 82
51 85
51 91
51 92
51 97
51 110
51 139
51 153
51 162
51 178
51 179
51 184
51 190
51 200
51 201
51 216
51 250
51 252
51 263
51 288
51 289
51 321
51 322
51 327
51 337
51 354
51 369
51 399
51 475
51 640
51 641
51 668
52 55
52 56
52 57
52 59
52 60
52 63
52 67
52 69
52 70
52 75
52 78
52 79
52 93
52 98
52 103
52 104
52 105
52 111
52 112
52 115
52 140
52 141
52 145
52 146
52 183
52 216
52 252
52 273
52 288
52 290
52 296
52 307
52 308
52 310
52 324
52 372
52 398
52 424
52 446
52 449
52 492
52 523
52 524
52 525
52 526
52 530
52 568
52 592
52 628
52 735
52 818
52 908
52 943
53 54
53 55
53 56
53 61
53 63
53 64
53 65
53 66
53 72
53 73
53 74
53 78
53 82
53 91
53 92
53 97
53 109
53 110
53 122
53 123
53 139
53 157
53 160
53 162
53 182
53 184
53 190
53 216
53 252
53 263
53 288
53 289
53 321
53 322
53 327
53 354
53 369
53 399
53 458
53 459
53 475
53 526
53 640
53 641
53 668
53 835
54 55
54 56
54 59
54 63
54 64
54 68
54 70
54 74
54 75
54 79
54 82
54 98
54 99
54 109
54 122
54 123
54 125
54 131
54 137
54 143
54 146
54 157
54 158
54 160
54 164
54 174
54 261
54 308
54 324
54 338
54 339
54 400
54 426
54 444
54 445
54 492
54 592
54 597
54 665
54 666
55 56
55 63
55 64
55 67
55 68
55 74
55 75
55 79
55 82
55 83
55 84
55 98
55 99
55 101
55 126
55 137
55 139
55 144
55 149
55 165
55 172
55 173
55 192
55 199
55 220
55 224
55 264
55 269
55 334
55 336
55 356
55 450
55 516
55 552
55 664
55 732
55 759
55 766
56 61
56 63
56 64
56 65
56 66
56 72
56 73
56 74
56 75
56 79
56 82
56 85
56 91
56 92
56 97
56 98
56 110
56 139
56 162
56 184
56 190
56 216
56 250
56 252
56 263
56 288
56 289
56 295
56 321
56 322
56 327
56 354
56 369
56 396
56 397
56 399
56 475
56 526
56 633
57 61
57 65
57 67
57 68
57 80
57 83
57 93
57 100
57 112
57 119
57 161
57 238
57 282
57 294
57 314
57 329
57 359
57 380
57 388
57 394
57 529
57 536
57 537
57 538
57 577
57 609
57 644
57 648
57 683
57 776
57 777
57 778
57 891
58 81
58 90
58 95
58 96
58 106
58 114
58 125
58 128
58 129
58 131
58 153
58 154
58 161
58 166
58 170
58 176
58 177
58 186
58 190
58 207
58 208
58 209
58 230
58 234
58 240
58 247
58 250
58 265
58 266
58 267
58 268
58 282
58 306
58 321
58 325
58 344
58 345
58 346
58 358
58 377
58 387
58 388
58 392
58 407
58 430
58 437
58 468
58 551
58 585
58 617
58 640
58 641
58 723
58 773
58 818
58 825
58 858
59 63
59 68
59 69
59 70
59 74
59 99
59 103
59 125
59 128
59 131
59 134
59 137
59 138
59 145
59 146
59 158
59 172
59 193
59 199
59 258
59 264
59 273
59 328
59 341
59 361
59 383
59 402
59 421
59 438
59 439
59 482
59 483
59 515
59 666
59 729
59 809
60 65
60 88
60 99
60 108
60 127
60 132
60 143
60 144
60 149
60 164
60 165
60 173
60 174
60 181
60 194
60 215
60 236
60 237
60 251
60 269
60 290
60 291
60 293
60 307
60 376
60 386
60 395
60 400
60 558
60 570
60 605
61 63
61 64
61 65
61 66
61 67
61 69
61 72
61 73
61 74
61 82
61 92
61 97
61 109
61 122
61 123
61 141
61 157
61 160
61 163
61 182
61 191
61 216
61 248
61 252
61 272
61 291
61 296
61 298
61 312
61 318
61 362
61 374
61 422
61 469
61 557
61 673
61 702
62 80
62 94
62 102
62 120
62 153
62 163
62 167
62 188
62 196
62 198
62 210
62 211
62 238
62 239
62 303
62 312
62 315
62 318
62 378
62 411
62 434
62 441
62 460
62 467
62 472
62 510
62 511
62 514
62 537
62 538
62 577
62 580
62 586
62 587
62 588
62 589
62 590
62 609
62 612
62 629
62 644
62 648
62 669
62 670
62 671
62 688
62 690
62 698
62 718
62 749
62 752
62 795
62 819
62 820
62 828
62 891
62 926
62 927
62 942
63 64
63 65
63 66
63 70
63 72
63 73
63 74
63 82
63 85
63 91
63 92
63 97
63 104
63 105
63 110
63 111
63 115
63 139
63 162
63 184
63 190
63 216
63 252
63 263
63 288
63 289
63 321
63 322
63 327
63 354
63 369
63 399
63 475
64 65
64 66
64 72
64 73
64 74
64 82
64 91
64 92
64 97
64 110
64 124
64 139
64 162
64 184
64 190
64 216
64 252
64 263
64 288
64 289
64 295
64 321
64 322
64 327
64 337
64 354
64 369
64 396
64 399
64 444
64 445
64 475
65 66
65 67
65 72
65 74
65 77
65 82
65 97
65 139
65 141
65 162
65 163
65 191
65 205
65 248
65 272
65 290
65 291
65 296
65 297
65 298
65 318
65 323
65 357
65 362
65 399
65 424
65 446
65 469
65 478
65 668
66 67
66 69
66 72
66 74
66 82
66 93
66 97
66 110
66 112
66 163
66 191
66 203
66 216
66 227
66 248
66 252
66 272
66 275
66 276
66 291
66 298
66 308
66 318
66 324
66 362
66 469
66 518
66 519
66 520
66 522
66 553
67 69
67 72
67 73
67 75
67 79
67 85
67 97
67 103
67 104
67 105
67 110
67 111
67 115
67 124
67 136
67 137
67 145
67 161
67 174
67 183
67 222
67 238
67 250
67 259
67 261
67 290
67 308
67 324
67 338
67 339
67 359
67 362
67 399
67 405
67 424
67 446
67 448
67 452
67 474
67 494
67 628
67 676
67 840
68 69
68 75
68 79
68 83
68 100
68 103
68 108
68 119
68 131
68 137
68 145
68 159
68 213
68 251
68 286
68 288
68 298
68 393
68 444
68 445
68 526
68 552
68 695
68 696
68 814
68 910
68 911
68 912
68 999
69 70
69 72
69 76
69 97
69 103
69 106
69 127
69 137
69 143
69 144
69 145
69 149
69 174
69 185
69 194
69 195
69 206
69 232
69 236
69 261
69 323
69 338
69 339
69 357
69 422
69 474
69 485
69 555
69 571
69 737
69 909
69 967
70 74
70 99
70 103
70 125
70 128
70 131
70 134
70 137
70 138
70 145
70 146
70 158
70 172
70 193
70 199
70 258
70 264
70 273
70 328
70 341
70 361
70 383
70 402
70 421
70 438
70 439
70 482
70 483
70 515
70 666
70 729
70 809
71 107
71 117
71 170
71 175
71 204
71 221
71 229
71 231
71 233
71 253
71 254
71 257
71 261
71 262
71 277
71 284
71 300
71 301
71 329
71 335
71 338
71 339
71 364
71 380
71 389
71 408
71 499
71 536
71 575
71 601
71 604
71 657
71 710
71 711
71 742
71 748
71 794
71 827
71 844
71 855
71 856
71 857
71 866
71 867
72 74
72 77
72 82
72 85
72 89
72 97
72 106
72 139
72 155
72 163
72 191
72 248
72 250
72 272
72 290
72 291
72 298
72 318
72 323
72 357
72 362
72 424
72 446
72 469
72 557
72 640
72 641
72 914
72 946
73 74
73 82
73 88
73 89
73 92
73 139
73 149
73 150
73 161
73 162
73 205
73 213
73 222
73 230
73 238
73 281
73 343
73 359
73 373
73 422
73 439
73 452
73 453
73 556
73 597
73 636
73 699
73 738
73 816
74 82
74 91
74 92
74 97
74 139
74 162
74 184
74 190
74 216
74 252
74 263
74 289
74 293
74 308
74 321
74 322
74 324
74 327
74 354
74 369
74 399
74 475
74 700
74 771
75 79
75 83
75 84
75 98
75 99
75 101
75 126
75 137
75 144
75 149
75 165
75 172
75 173
75 192
75 199
75 220
75 224
75 264
75 269
75 334
75 336
75 356
75 443
75 450
75 516
75 552
75 664
75 732
75 759
75 766
76 95
76 96
76 103
76 109
76 110
76 114
76 122
76 123
76 127
76 139
76 145
76 157
76 160
76 166
76 178
76 179
76 182
76 186
76 200
76 201
76 209
76 217
76 218
76 219
76 221
76 231
76 251
76 253
76 254
76 262
76 266
76 292
76 309
76 323
76 357
76 385
76 642
76 674
76 684
76 685
76 708
76 734
76 737
76 802
76 901
76 902
77 83
77 84
77 87
77 88
77 101
77 118
77 124
77 135
77 144
77 148
77 169
77 171
77 176
77 183
77 212
77 214
77 228
77 235
77 245
77 251
77 269
77 326
77 357
77 484
77 531
77 786
77 787
77 845
77 973
78 83
78 84
78 87
78 99
78 106
78 128
78 152
78 161
78 181
78 183
78 222
78 224
78 289
78 290
78 310
78 323
78 357
78 377
78 405
78 430
78 521
78 530
78 647
78 672
78 686
78 687
78 694
78 813
78 835
78 851
79 83
79 84
79 98
79 99
79 101
79 126
79 144
79 149
79 155
79 165
79 172
79 173
79 192
79 199
79 220
79 224
79 269
79 305
79 336
79 450
79 516
79 517
79 552
79 732
79 759
80 93
80 94
80 102
80 113
80 118
80 120
80 130
80 133
80 135
80 142
80 148
80 153
80 159
80 168
80 180
80 187
80 188
80 189
80 198
80 210
80 211
80 225
80 226
80 229
80 241
80 242
80 243
80 244
80 247
80 280
80 283
80 315
80 347
80 348
80 381
80 382
80 390
80 392
80 403
80 472
80 473
80 581
80 602
80 662
80 663
80 775
80 892
80 922
80 934
81 90
81 95
81 96
81 106
81 109
81 114
81 116
81 121
81 122
81 123
81 125
81 128
81 129
81 131
81 147
81 151
81 154
81 157
81 160
81 166
81 170
81 176
81 177
81 182
81 186
81 190
81 207
81 208
81 217
81 218
81 219
81 230
81 234
81 295
81 321
81 325
81 345
81 358
81 370
81 371
81 385
81 387
81 396
81 437
81 456
81 468
81 551
81 585
81 593
81 617
82 91
82 92
82 97
82 110
82 139
82 162
82 184
82 190
82 216
82 252
82 263
82 288
82 289
82 321
82 322
82 327
82 354
82 369
82 399
82 475
82 880
83 87
83 89
83 98
83 100
83 104
83 105
83 111
83 115
83 119
83 124
83 137
83 159
83 259
83 286
83 298
83 337
83 393
83 485
83 552
83 636
83 640
83 641
83 695
83 696
84 88
84 98
84 104
84 105
84 110
84 111
84 115
84 127
84 155
84 183
84 246
84 250
84 251
84 275
84 282
84 288
84 290
84 297
84 299
84 307
84 323
84 325
84 327
84 357
84 388
84 424
84 446
84 458
84 459
84 835
84 973
85 88
85 91
85 95
85 99
85 106
85 126
85 140
85 154
85 156
85 172
85 173
85 174
85 199
85 215
85 216
85 234
85 238
85 259
85 271
85 292
85 299
85 319
85 328
85 342
85 360
85 374
85 375
85 383
85 394
85 404
85 451
85 558
85 723
85 812
86 95
86 116
86 119
86 121
86 126
86 139
86 154
86 158
86 184
86 190
86 192
86 199
86 229
86 249
86 263
86 307
86 310
86 342
86 370
86 371
86 375
86 398
86 404
86 420
86 429
86 449
86 453
86 486
86 491
86 523
86 524
86 525
86 545
86 585
86 638
86 787
86 804
87 91
87 136
87 177
87 222
87 240
87 249
87 251
87 256
87 265
87 276
87 310
87 344
87 345
87 385
87 387
87 437
87 444
87 445
87 526
87 536
87 544
87 673
87 682
87 711
87 748
87 824
87 893
87 976
88 92
88 109
88 122
88 123
88 155
88 157
88 160
88 182
88 183
88 217
88 218
88 219
88 269
88 288
88 297
88 326
88 395
88 444
88 445
88 605
88 621
88 673
88 674
88 763
88 767
88 786
89 95
89 100
89 136
89 138
89 143
89 144
89 149
89 164
89 189
89 236
89 258
89 274
89 286
89 304
89 368
89 394
89 423
89 440
89 517
89 554
89 636
89 697
89 770
89 876
90 95
90 96
90 106
90 114
90 128
90 129
90 153
90 154
90 161
90 166
90 170
90 176
90 177
90 186
90 207
90 208
90 209
90 222
90 223
90 234
90 256
90 265
90 266
90 282
90 344
90 345
90 346
90 377
90 382
90 387
90 388
90 405
90 407
90 430
90 473
90 494
90 496
90 601
90 602
90 617
90 682
90 692
90 693
90 702
90 728
90 825
90 858
91 116
91 121
91 127
91 136
91 139
91 144
91 147
91 149
91 151
91 153
91 189
91 236
91 249
91 250
91 273
91 484
91 635
91 809
91 972
92 139
92 149
92 150
92 161
92 162
92 213
92 230
92 281
92 343
92 373
92 439
92 452
92 453
92 556
92 636
92 699
92 816
93 112
93 124
93 169
93 223
93 256
93 299
93 323
93 357
93 379
93 380
93 385
93 398
93 405
93 494
93 526
93 529
93 647
93 667
93 683
93 714
93 724
93 756
93 761
93 785
93 829
93 860
93 894
93 908
93 910
93 911
93 912
93 952
93 953
94 102
94 104
94 105
94 111
94 113
94 115
94 120
94 127
94 133
94 178
94 179
94 192
94 200
94 201
94 225
94 226
94 239
94 265
94 280
94 286
94 312
94 326
94 349
94 363
94 397
94 464
94 465
94 466
94 501
94 502
94 503
94 512
94 514
94 540
94 541
94 542
94 579
94 671
94 758
95 103
95 106
95 109
95 114
95 122
95 123
95 128
95 154
95 157
95 160
95 166
95 170
95 176
95 177
95 182
95 207
95 208
95 217
95 218
95 219
95 234
95 250
95 265
95 344
95 345
95 370
95 371
95 387
95 443
95 479
95 600
95 617
95 639
95 697
96 129
96 166
96 186
96 197
96 221
96 231
96 240
96 247
96 253
96 254
96 255
96 262
96 267
96 268
96 303
96 306
96 309
96 313
96 315
96 316
96 317
96 330
96 331
96 346
96 365
96 366
96 381
96 390
96 391
96 392
96 407
96 433
96 509
96 543
96 546
96 576
96 652
96 653
96 658
96 659
96 660
96 661
96 783
96 784
96 787
96 789
96 822
96 823
96 888
96 924
96 925
97 163
97 191
97 248
97 251
97 261
97 272
97 291
97 292
97 298
97 318
97 338
97 339
97 362
97 469
97 557
98 99
98 101
98 126
98 144
98 149
98 150
98 155
98 165
98 172
98 173
98 183
98 192
98 199
98 220
98 224
98 269
98 442
98 450
98 516
98 517
98 552
98 732
98 759
99 109
99 122
99 123
99 125
99 131
99 137
99 143
99 146
99 157
99 158
99 160
99 164
99 174
99 398
99 400
99 405
99 449
99 492
99 523
99 524
99 525
99 665
100 109
100 119
100 122
100 123
100 137
100 155
100 157
100 159
100 160
100 182
100 217
100 218
100 219
100 286
100 298
100 337
100 393
100 552
100 591
100 640
100 641
100 695
100 696
100 840
100 946
101 109
101 122
101 123
101 126
101 143
101 157
101 160
101 164
101 174
101 182
101 185
101 192
101 194
101 195
101 206
101 217
101 218
101 219
101 232
101 288
101 398
101 442
101 449
101 453
101 454
101 455
101 476
101 486
101 491
101 516
101 523
101 524
101 525
101 558
101 599
101 769
101 818
101 877
102 113
102 118
102 120
102 130
102 133
102 135
102 142
102 148
102 153
102 159
102 168
102 180
102 187
102 188
102 189
102 198
102 210
102 211
102 225
102 226
102 229
102 241
102 242
102 243
102 244
102 247
102 280
102 283
102 315
102 347
102 348
102 382
102 403
102 472
102 473
102 581
102 602
102 663
102 690
102 775
102 980
103 128
103 137
103 143
103 144
103 145
103 149
103 164
103 174
103 236
103 259
103 261
103 288
103 308
103 338
103 339
103 422
103 474
103 479
103 737
104 105
104 111
104 115
104 119
104 167
104 197
104 229
104 240
104 258
104 265
104 267
104 268
104 287
104 294
104 328
104 340
104 346
104 373
104 382
104 390
104 420
104 433
104 452
104 475
104 484
104 509
104 521
104 580
104 596
104 780
104 806
104 846
104 874
104 887
104 890
104 927
104 935
105 111
105 115
105 119
105 153
105 167
105 197
105 229
105 240
105 258
105 265
105 267
105 268
105 287
105 294
105 312
105 328
105 340
105 346
105 373
105 382
105 390
105 420
105 433
105 452
105 475
105 484
105 509
105 521
105 580
105 596
105 780
105 806
105 846
105 874
105 887
105 890
106 108
106 110
106 114
106 124
106 129
106 141
106 154
106 163
106 170
106 176
106 177
106 185
106 190
106 195
106 206
106 207
106 208
106 222
106 232
106 256
106 282
106 310
106 388
106 405
106 496
106 556
106 676
106 779
106 849
107 117
107 170
107 175
107 204
107 229
107 233
107 257
107 277
107 284
107 300
107 301
107 329
107 335
107 364
107 380
107 389
107 408
107 499
107 536
107 575
107 657
107 710
107 711
107 742
107 748
107 794
107 844
107 857
107 866
107 867
108 127
108 143
108 144
108 145
108 164
108 169
108 180
108 190
108 205
108 213
108 374
108 422
108 474
108 551
108 558
108 568
108 597
108 638
108 697
108 735
109 122
109 123
109 125
109 126
109 128
109 136
109 144
109 154
109 157
109 158
109 160
109 174
109 182
109 217
109 218
109 219
109 234
109 274
109 297
109 334
109 443
109 454
109 455
109 737
110 139
110 150
110 166
110 184
110 238
110 263
110 289
110 307
110 322
110 335
110 354
110 359
110 369
110 373
110 454
110 483
110 491
110 496
110 684
110 685
110 708
111 115
111 119
111 167
111 197
111 229
111 240
111 258
111 265
111 267
111 268
111 294
111 328
111 340
111 346
111 373
111 382
111 390
111 420
111 433
111 452
111 475
111 484
111 509
111 521
111 536
111 580
111 596
111 780
111 806
111 846
111 874
111 887
111 890
112 169
112 223
112 256
112 299
112 312
112 379
112 380
112 385
112 398
112 405
112 494
112 526
112 529
112 647
112 667
112 683
112 714
112 715
112 716
112 717
112 724
112 756
112 761
112 785
112 829
112 860
112 894
112 908
112 952
112 953
113 118
113 120
113 130
113 133
113 135
113 142
113 148
113 153
113 159
113 168
113 180
113 187
113 188
113 189
113 198
113 210
113 211
113 225
113 226
113 229
113 241
113 242
113 243
113 244
113 280
113 283
113 312
113 347
113 348
113 382
113 403
113 472
113 473
113 581
113 601
113 602
113 663
113 775
113 888
113 925
114 116
114 121
114 127
114 128
114 154
114 166
114 170
114 176
114 177
114 192
114 207
114 208
114 222
114 229
114 234
114 256
114 260
114 285
114 313
114 328
114 376
114 419
114 420
114 496
114 522
114 545
114 573
114 600
114 638
114 639
114 682
114 707
114 739
114 740
114 773
114 779
115 119
115 167
115 197
115 229
115 240
115 258
115 265
115 267
115 268
115 294
115 328
115 340
115 346
115 373
115 382
115 390
115 420
115 433
115 452
115 475
115 484
115 509
115 521
115 580
115 596
115 780
115 806
115 846
115 874
115 887
115 890
116 121
116 128
116 138
116 147
116 151
116 154
116 162
116 176
116 177
116 183
116 189
116 207
116 208
116 274
116 292
116 326
116 328
116 545
116 573
116 774
117 118
117 135
117 142
117 148
117 167
117 168
117 171
117 212
117 214
117 233
117 235
117 245
117 257
117 277
117 278
117 279
117 284
117 300
117 301
117 364
117 367
117 432
117 463
117 504
117 505
117 506
117 507
117 508
117 606
117 607
117 608
117 749
117 795
118 120
118 130
118 133
118 135
118 142
118 148
118 159
118 168
118 171
118 184
118 187
118 212
118 214
118 225
118 226
118 235
118 245
118 261
118 263
118 278
118 279
118 280
118 302
118 320
118 332
118 333
118 338
118 339
118 431
119 137
119 159
119 220
119 237
119 286
119 298
119 308
119 324
119 393
119 485
119 552
119 695
119 696
119 916
119 989
120 130
120 133
120 135
120 142
120 148
120 153
120 159
120 168
120 180
120 187
120 188
120 189
120 198
120 210
120 211
120 225
120 226
120 229
120 241
120 242
120 243
120 244
120 280
120 283
120 347
120 348
120 382
120 403
120 472
120 473
120 581
120 602
120 663
120 775
121 128
121 138
121 147
121 151
121 154
121 162
121 176
121 177
121 183
121 189
121 207
121 208
121 274
121 292
121 326
121 328
121 545
121 573
121 774
122 123
122 125
122 126
122 128
122 136
122 144
122 154
122 157
122 158
122 160
122 182
122 217
122 218
122 219
122 234
122 274
122 297
122 334
122 443
122 454
122 455
123 125
123 126
123 128
123 136
123 144
123 154
123 157
123 158
123 160
123 182
123 217
123 218
123 219
123 234
123 274
123 297
123 334
123 443
123 454
123 455
124 127
124 141
124 167
124 169
124 216
124 223
124 238
124 282
124 296
124 340
124 359
124 496
124 586
124 588
124 589
124 590
124 644
124 701
124 724
124 755
124 894
125 131
125 137
125 157
125 158
125 160
125 182
125 183
125 217
125 218
125 219
125 230
125 358
125 437
125 468
125 516
125 613
125 614
125 615
125 616
125 762
125 770
126 143
126 157
126 160
126 164
126 174
126 182
126 183
126 185
126 192
126 194
126 195
126 206
126 217
126 218
126 219
126 232
126 398
126 442
126 449
126 453
126 454
126 455
126 476
126 491
126 523
126 524
126 525
126 558
126 599
126 769
127 138
127 165
127 166
127 191
127 239
127 255
127 290
127 299
127 313
127 394
127 403
127 480
127 579
127 586
127 644
127 679
127 680
127 701
127 820
127 841
128 137
128 139
128 147
128 151
128 154
128 157
128 160
128 166
128 170
128 176
128 182
128 205
128 217
128 218
128 219
128 234
128 288
128 345
128 387
128 405
128 478
128 494
128 617
128 873
129 180
129 186
129 190
129 197
129 222
129 255
129 256
129 303
129 313
129 346
129 381
129 411
129 467
129 481
129 496
129 510
129 511
129 518
129 519
129 520
129 561
129 562
129 563
129 564
129 565
129 566
129 567
129 676
129 835
129 842
129 849
130 133
130 135
130 142
130 148
130 159
130 168
130 171
130 187
130 212
130 214
130 225
130 226
130 235
130 239
130 245
130 278
130 279
130 280
130 302
130 320
130 332
130 333
130 363
130 378
130 460
130 712
130 713
131 137
131 143
131 158
131 164
131 230
131 259
131 273
131 341
131 358
131 402
131 437
131 468
131 598
131 613
131 614
131 615
131 616
131 762
131 764
131 766
132 156
132 181
132 194
132 202
132 205
132 215
132 227
132 246
132 248
132 271
132 272
132 287
132 291
132 298
132 406
132 427
132 428
132 451
132 461
132 462
132 470
132 471
132 527
132 570
132 574
132 618
132 619
132 620
132 731
133 135
133 142
133 148
133 153
133 159
133 168
133 180
133 187
133 188
133 189
133 198
133 210
133 211
133 225
133 226
133 229
133 241
133 242
133 243
133 244
133 280
133 283
133 347
133 348
133 382
133 403
133 472
133 473
133 581
133 602
133 663
133 775
134 146
134 152
134 193
134 251
134 264
134 308
134 324
134 342
134 343
134 360
134 361
134 374
134 375
134 401
134 404
134 406
134 421
134 429
134 457
134 488
134 493
134 495
134 515
135 142
135 148
135 159
135 168
135 171
135 172
135 187
135 212
135 214
135 225
135 226
135 235
135 245
135 278
135 279
135 280
135 302
135 320
135 332
135 333
135 431
136 144
136 149
136 155
136 157
136 160
136 173
136 182
136 217
136 218
136 219
136 236
136 293
136 311
136 442
136 476
136 572
136 635
136 914
136 915
136 971
137 145
137 146
137 158
137 273
137 308
137 324
137 334
137 341
137 402
137 438
137 443
137 492
138 147
138 151
138 155
138 178
138 179
138 189
138 200
138 201
138 259
138 426
138 597
138 665
138 666
138 809
138 874
139 248
139 446
139 462
139 517
139 645
139 681
139 848
139 884
139 885
140 155
140 221
140 231
140 253
140 254
140 262
140 310
140 323
140 357
140 397
140 398
140 449
140 481
140 518
140 519
140 520
140 523
140 524
140 525
140 561
140 562
140 563
140 564
140 565
140 566
140 567
140 569
140 621
140 656
140 667
140 723
140 968
141 142
141 189
141 191
141 221
141 223
141 231
141 253
141 254
141 262
141 265
141 282
141 296
141 309
141 312
141 318
141 344
141 372
141 382
141 388
141 473
141 531
141 698
141 701
141 847
141 883
142 148
142 159
142 168
142 171
142 187
142 212
142 214
142 225
142 226
142 235
142 245
142 278
142 279
142 280
142 296
142 302
142 320
142 332
142 333
142 431
143 144
143 145
143 146
143 149
143 158
143 164
143 213
143 236
143 356
143 383
143 422
143 438
143 440
143 558
143 876
144 145
144 149
144 164
144 213
144 236
144 249
144 288
144 484
144 635
145 149
145 174
145 185
145 194
145 195
145 206
145 213
145 232
145 236
145 422
145 474
145 553
145 737
146 158
146 164
146 193
146 264
146 273
146 274
146 341
146 342
146 343
146 360
146 361
146 393
146 402
146 404
146 429
146 457
146 492
146 493
146 665
146 666
146 943
147 151
147 154
147 155
147 162
147 183
147 189
147 274
147 292
147 326
147 328
147 545
147 573
147 774
148 159
148 168
148 171
148 172
148 187
148 212
148 214
148 225
148 226
148 228
148 235
148 245
148 278
148 279
148 280
148 302
148 320
148 332
148 333
148 431
149 155
149 164
149 236
149 249
149 362
149 484
149 487
149 594
149 595
149 635
150 185
150 193
150 194
150 195
150 206
150 232
150 246
150 259
150 293
150 308
150 324
150 359
150 443
150 487
150 572
150 594
150 595
150 672
150 732
151 154
151 162
151 183
151 189
151 274
151 292
151 326
151 328
151 545
151 573
151 774
152 181
152 193
152 205
152 216
152 221
152 224
152 231
152 252
152 253
152 254
152 262
152 264
152 282
152 388
152 401
152 478
152 879
153 166
153 191
153 196
153 198
153 240
153 255
153 294
153 303
153 314
153 331
153 346
153 347
153 363
153 411
153 460
153 514
153 580
153 654
153 690
153 719
153 757
153 802
154 157
154 160
154 166
154 170
154 176
154 177
154 182
154 207
154 208
154 217
154 218
154 219
154 234
154 345
154 385
154 387
154 617
155 169
155 206
155 234
155 236
155 259
155 274
155 292
155 304
155 311
155 461
155 481
155 683
155 776
155 777
156 181
156 184
156 202
156 209
156 215
156 240
156 247
156 260
156 267
156 271
156 285
156 290
156 293
156 306
156 326
156 340
156 372
156 427
156 451
156 527
156 570
156 600
156 639
156 684
156 736
156 767
157 158
157 160
157 182
157 217
157 218
157 219
157 234
157 274
157 297
157 334
157 454
157 455
158 160
158 164
158 174
158 182
158 217
158 218
158 219
158 400
158 492
158 818
158 840
159 168
159 171
159 212
159 214
159 225
159 226
159 235
159 245
159 278
159 279
159 280
159 302
160 182
160 217
160 218
160 219
160 234
160 274
160 297
160 334
160 454
160 455
161 190
161 203
161 238
161 256
161 314
161 319
161 321
161 359
161 370
161 371
161 377
161 430
161 477
161 585
161 597
161 621
161 656
161 702
161 778
162 205
162 248
162 272
162 291
162 399
162 428
162 461
162 462
162 574
162 597
163 191
163 205
163 290
163 318
163 424
163 446
163 469
163 496
164 205
164 213
164 236
164 288
164 383
164 438
164 440
164 558
164 876
165 175
165 192
165 199
165 204
165 386
165 450
165 487
165 488
165 489
165 594
165 595
165 763
165 767
165 814
166 170
166 176
166 177
166 178
166 179
166 186
166 200
166 201
166 207
166 208
166 209
166 234
166 266
166 282
166 388
166 674
166 802
166 901
166 902
166 991
167 196
167 202
167 257
167 271
167 282
167 300
167 310
167 312
167 326
167 364
167 388
167 441
167 514
167 531
167 571
167 587
167 588
167 589
167 590
167 629
167 646
167 669
167 670
167 819
168 171
168 187
168 212
168 214
168 225
168 226
168 235
168 245
168 278
168 279
168 280
168 302
168 320
168 332
168 333
168 431
169 178
169 179
169 200
169 201
169 287
169 312
169 398
169 449
169 513
169 523
169 524
169 525
169 569
169 582
169 583
169 584
169 622
169 623
169 624
170 176
170 177
170 207
170 208
170 234
170 250
170 265
170 344
170 345
170 385
170 387
170 398
170 449
170 523
170 524
170 525
170 617
171 172
171 187
171 212
171 214
171 221
171 231
171 235
171 245
171 253
171 254
171 262
171 278
171 279
171 302
171 309
171 320
171 332
171 333
171 431
172 212
172 214
172 235
172 475
172 556
172 628
172 666
173 216
173 222
173 246
173 252
173 256
173 272
173 293
173 456
173 675
173 731
173 768
174 400
174 453
174 454
174 455
174 491
174 591
174 597
174 599
174 694
174 769
175 204
175 228
175 270
175 355
175 380
175 384
175 385
175 386
175 489
175 600
175 639
175 743
175 744
175 745
175 746
175 747
175 788
175 814
175 878
175 920
176 177
176 192
176 207
176 208
176 234
176 313
176 328
176 376
176 420
176 496
176 522
176 545
176 573
176 600
176 639
176 707
176 739
176 740
176 773
176 779
177 207
177 208
177 223
177 234
177 260
177 285
177 328
177 376
177 419
177 496
177 522
177 545
177 573
177 600
177 639
177 707
177 739
177 740
177 779
178 179
178 197
178 200
178 201
178 225
178 226
178 267
178 326
178 346
178 367
178 387
178 434
178 441
178 537
178 577
178 609
178 648
178 671
178 690
178 807
178 811
178 895
178 904
178 905
178 995
179 197
179 200
179 201
179 225
179 226
179 267
179 326
179 346
179 367
179 387
179 434
179 441
179 537
179 577
179 601
179 609
179 648
179 671
179 690
179 807
179 811
179 895
179 904
179 905
180 192
180 213
180 225
180 226
180 229
180 260
180 280
180 285
180 346
180 347
180 411
180 419
180 602
180 638
180 654
180 719
180 751
180 830
180 831
180 950
180 981
181 202
181 215
181 216
181 252
181 271
181 290
181 293
181 340
181 372
181 401
181 427
181 451
181 527
181 570
182 217
182 218
182 219
182 234
182 274
182 297
182 454
182 455
183 192
183 199
183 205
183 220
183 290
183 293
183 323
183 334
183 357
183 478
183 921
184 202
184 222
184 255
184 256
184 263
184 271
184 294
184 311
184 323
184 397
184 486
184 489
184 682
184 723
184 776
184 785
185 194
185 195
185 203
185 206
185 220
185 232
185 237
185 305
185 374
185 376
185 438
185 444
185 445
185 553
185 643
186 197
186 240
186 247
186 255
186 267
186 268
186 303
186 306
186 313
186 315
186 331
186 346
186 365
186 366
186 381
186 391
186 392
186 543
186 546
186 576
186 658
186 659
186 660
186 661
186 783
186 784
186 787
186 924
187 212
187 214
187 225
187 226
187 235
187 245
187 278
187 279
187 280
187 302
187 320
187 332
187 333
188 198
188 210
188 211
188 241
188 242
188 243
188 244
188 350
188 351
188 352
188 353
188 412
188 413
188 414
188 415
188 416
188 417
188 418
188 547
188 548
188 549
188 550
188 602
189 225
189 226
189 280
189 296
189 312
189 422
189 557
189 695
189 696
189 770
190 213
190 222
190 321
190 551
190 556
190 585
190 947
191 296
191 318
191 469
191 557
191 579
191 640
191 641
192 229
192 249
192 420
192 450
192 479
192 521
192 638
192 698
192 755
192 764
192 948
193 264
193 342
193 343
193 360
193 361
193 375
193 401
193 404
193 406
193 421
193 429
193 457
193 487
193 488
193 493
193 495
193 515
193 594
193 595
194 195
194 203
194 206
194 220
194 232
194 237
194 288
194 305
194 374
194 376
194 438
194 444
194 445
194 553
195 203
195 206
195 220
195 232
195 237
195 305
195 374
195 376
195 438
195 444
195 445
195 553
196 238
196 239
196 303
196 315
196 318
196 378
196 411
196 434
196 441
196 460
196 467
196 510
196 511
196 587
196 588
196 589
196 590
196 612
196 629
196 722
196 749
196 752
196 754
196 795
196 832
196 833
196 834
196 926
197 201
197 240
197 247
197 255
197 267
197 268
197 303
197 306
197 313
197 315
197 331
197 346
197 365
197 366
197 381
197 391
197 392
197 407
197 543
197 546
197 580
197 658
197 659
197 660
197 661
197 924
198 210
198 211
198 241
198 242
198 243
198 244
198 350
198 351
198 352
198 353
198 412
198 413
198 414
198 415
198 416
198 417
198 418
198 547
198 548
198 549
198 550
199 251
199 292
199 442
199 450
199 476
199 521
199 529
199 642
199 643
199 668
199 672
200 201
200 225
200 226
200 267
200 326
200 346
200 367
200 387
200 434
200 441
200 537
200 577
200 609
200 648
200 671
200 690
200 807
200 811
200 891
200 895
200 904
200 905
201 225
201 226
201 267
201 326
201 346
201 367
201 387
201 434
201 441
201 537
201 577
201 609
201 648
201 671
201 690
201 807
201 811
201 895
201 904
201 905
202 209
202 215
202 216
202 252
202 271
202 340
202 372
202 427
202 451
202 527
202 531
202 646
202 684
202 685
202 708
202 723
202 851
202 877
202 938
203 205
203 206
203 227
203 232
203 287
203 377
203 425
203 430
203 477
203 522
203 621
203 656
203 673
203 731
204 228
204 270
204 355
204 380
204 384
204 385
204 386
204 486
204 489
204 600
204 639
204 814
204 878
204 920
205 256
205 287
205 290
205 304
205 375
205 383
205 478
205 731
206 220
206 223
206 232
206 237
206 305
206 374
206 376
206 438
206 553
206 571
207 208
207 234
207 260
207 285
207 328
207 376
207 419
207 496
207 522
207 545
207 573
207 600
207 639
207 707
207 739
207 740
207 779
208 234
208 260
208 285
208 328
208 376
208 419
208 496
208 522
208 545
208 573
208 600
208 639
208 707
208 739
208 740
208 779
209 247
209 261
209 266
209 271
209 295
209 306
209 326
209 338
209 339
209 372
209 396
209 513
209 582
209 583
209 584
209 593
209 622
209 623
209 624
209 645
209 646
210 211
210 241
210 242
210 243
210 244
210 350
210 351
210 352
210 353
210 412
210 413
210 414
210 415
210 416
210 417
210 418
210 547
210 548
210 549
210 550
211 241
211 242
211 243
211 244
211 350
211 351
211 352
211 353
211 412
211 413
211 414
211 415
211 416
211 417
211 418
211 547
211 548
211 549
211 550
212 214
212 228
212 235
212 245
212 278
212 279
212 302
212 320
212 332
212 333
212 431
213 385
213 474
213 551
213 558
213 638
213 697
213 770
213 913
214 235
214 245
214 278
214 279
214 302
214 320
214 332
214 333
214 431
215 271
215 290
215 293
215 340
215 372
215 427
215 451
215 527
215 570
215 741
215 767
216 252
216 258
216 281
216 335
216 559
216 599
217 218
217 219
217 234
217 274
217 297
217 454
217 455
218 219
218 234
218 274
218 297
218 454
218 455
219 234
219 297
219 454
219 455
220 232
220 237
220 307
220 447
220 479
220 677
220 678
220 763
221 231
221 253
221 254
221 262
221 268
221 275
221 276
221 299
221 309
221 373
221 539
221 634
221 700
221 730
221 771
221 781
221 810
221 854
222 238
222 256
222 288
222 313
222 321
222 359
222 397
222 676
222 682
222 835
222 841
223 233
223 265
223 296
223 319
223 379
223 494
223 539
223 603
223 683
223 701
223 714
223 724
223 860
223 908
224 269
224 281
224 336
224 395
224 401
224 422
224 474
224 480
224 487
224 560
224 598
224 631
224 632
225 226
225 280
225 283
225 347
225 348
225 601
225 663
225 807
226 280
226 283
226 347
226 348
226 601
226 663
226 807
227 248
227 250
227 272
227 287
227 291
227 425
227 428
227 461
227 462
227 477
227 522
227 574
228 270
228 355
228 384
228 389
228 486
228 532
228 533
228 534
228 535
228 709
228 741
228 765
228 937
228 951
229 260
229 285
229 323
229 345
229 357
229 387
229 419
229 600
229 638
229 639
229 758
229 782
230 248
230 272
230 291
230 358
230 428
230 437
230 461
230 462
230 468
230 574
230 613
230 614
230 615
230 616
231 253
231 254
231 262
231 268
231 275
231 276
231 299
231 309
231 340
231 373
231 539
231 634
231 700
231 730
231 781
231 810
231 854
232 237
232 305
232 374
232 376
232 438
232 553
233 257
233 277
233 284
233 300
233 301
233 364
233 367
233 432
233 463
233 504
233 505
233 506
233 507
233 508
233 606
233 607
233 608
234 345
234 387
234 617
235 245
235 278
235 279
235 302
235 320
235 332
235 333
235 431
236 249
236 479
236 484
236 635
237 249
237 307
237 308
237 324
237 447
237 479
238 239
238 325
238 359
238 363
238 399
238 405
238 452
238 494
238 676
238 842
239 255
239 312
239 363
239 377
239 378
239 514
239 538
239 579
239 712
239 713
239 859
240 247
240 261
240 267
240 268
240 275
240 276
240 306
240 315
240 337
240 338
240 339
240 389
240 392
240 575
240 576
240 804
240 868
241 242
241 243
241 244
241 350
241 351
241 352
241 353
241 412
241 413
241 414
241 415
241 416
241 417
241 418
241 547
241 548
241 549
241 550
242 243
242 244
242 350
242 351
242 352
242 353
242 412
242 413
242 414
242 415
242 416
242 417
242 418
242 547
242 548
242 549
242 550
243 244
243 350
243 351
243 352
243 353
243 412
243 413
243 414
243 415
243 416
243 417
243 418
243 547
243 548
243 549
243 550
244 350
244 351
244 352
244 353
244 412
244 413
244 414
244 415
244 416
244 417
244 418
244 547
244 548
244 549
244 550
245 278
245 279
245 302
245 320
245 332
245 333
245 431
246 258
246 304
246 307
246 362
246 440
246 461
246 605
247 266
247 267
247 268
247 306
247 315
247 337
247 389
247 392
247 575
247 576
247 804
247 836
247 868
247 889
248 272
248 291
248 325
248 428
248 461
248 462
248 574
249 486
249 635
249 699
249 782
249 972
250 256
250 287
250 357
250 397
250 425
250 477
250 817
251 295
251 668
251 914
252 258
252 281
252 335
252 559
252 599
253 254
253 262
253 268
253 275
253 276
253 299
253 309
253 373
253 539
253 634
253 700
253 730
253 771
253 781
253 810
253 854
254 262
254 268
254 275
254 276
254 299
254 309
254 373
254 539
254 634
254 700
254 730
254 771
254 781
254 810
254 854
255 263
255 313
255 331
255 363
255 390
255 407
255 433
255 509
255 543
255 579
255 652
255 653
255 714
255 802
255 896
255 923
255 931
255 960
255 986
256 313
256 377
256 430
256 478
256 676
256 682
256 714
256 723
256 841
256 923
257 277
257 284
257 300
257 301
257 364
257 367
257 432
257 463
257 504
257 505
257 506
257 507
257 508
257 606
257 607
257 608
258 286
258 304
258 356
258 423
258 440
258 517
258 526
258 554
258 571
258 636
259 305
259 443
259 448
259 556
259 875
260 285
260 408
260 419
260 435
260 436
260 498
260 499
260 610
260 638
260 649
260 650
260 651
260 720
260 721
260 753
260 758
260 782
260 799
260 800
260 852
261 266
261 338
261 339
261 447
261 491
261 603
262 268
262 275
262 276
262 299
262 309
262 373
262 539
262 634
262 700
262 730
262 781
262 810
262 854
263 294
263 311
263 323
263 397
263 486
263 489
263 723
263 785
264 335
264 342
264 343
264 360
264 361
264 375
264 401
264 404
264 406
264 429
264 457
264 488
264 493
264 495
264 559
265 310
265 344
265 345
265 591
265 698
265 824
265 929
266 275
266 276
266 295
266 306
266 338
266 339
266 396
266 513
266 582
266 583
266 584
266 593
266 622
266 623
266 624
266 645
267 268
267 275
267 276
267 306
267 315
267 389
267 392
267 575
267 576
267 804
267 836
267 868
267 889
267 934
268 275
268 276
268 306
268 309
268 315
268 337
268 392
268 575
268 576
268 700
268 771
268 868
268 889
269 395
269 605
269 786
270 355
270 384
270 389
270 486
270 532
270 533
270 534
270 535
270 709
270 741
270 765
270 937
270 951
271 310
271 372
271 427
271 451
271 527
271 530
271 531
271 646
271 767
271 813
272 291
272 325
272 428
272 461
272 462
272 574
273 274
273 308
273 324
273 341
273 402
273 422
273 492
273 592
273 843
274 341
274 402
274 492
274 843
274 943
275 276
275 309
275 373
275 392
275 844
276 309
276 373
276 392
276 844
277 284
277 300
277 301
277 364
277 367
277 432
277 463
277 504
277 505
277 506
277 507
277 508
277 606
277 607
277 608
277 790
277 791
278 279
278 302
278 320
278 332
278 333
278 431
279 302
279 320
279 332
279 333
279 431
280 283
280 347
280 348
280 601
280 663
281 422
281 474
281 480
281 487
281 677
281 678
282 295
282 296
282 310
282 340
282 388
282 430
282 496
282 531
282 603
282 646
282 757
282 819
282 928
282 939
283 349
283 380
283 464
283 465
283 466
283 500
283 501
283 502
283 503
283 512
283 540
283 541
283 542
283 932
284 300
284 301
284 364
284 367
284 432
284 463
284 504
284 505
284 506
284 507
284 508
284 606
284 607
284 608
285 408
285 419
285 435
285 436
285 498
285 499
285 610
285 649
285 650
285 651
285 720
285 721
285 753
285 758
285 782
285 799
285 800
285 852
286 304
286 356
286 423
286 440
286 517
286 554
287 425
287 477
287 478
287 522
288 307
289 322
289 335
289 354
289 369
289 456
290 424
290 446
291 325
291 428
291 461
291 462
291 574
291 731
292 307
292 319
292 356
292 490
292 642
292 699
293 294
293 488
293 633
293 767
293 909
294 348
294 569
294 640
294 641
294 815
294 817
295 372
295 396
295 430
295 593
295 803
296 318
296 382
296 388
296 473
296 701
296 847
297 664
298 879
299 310
299 326
299 529
299 530
299 531
299 646
299 840
299 879
300 301
300 364
300 367
300 432
300 504
300 505
300 506
300 507
300 508
300 606
300 607
300 608
301 364
301 367
301 432
301 463
301 504
301 505
301 506
301 507
301 508
301 606
301 607
301 608
302 320
302 332
302 333
303 331
303 346
303 365
303 366
303 381
303 390
303 391
303 433
303 509
303 543
303 546
303 652
303 653
303 658
303 659
303 660
303 661
304 356
304 423
304 440
304 478
304 517
304 554
304 594
304 595
305 448
305 703
305 704
305 705
305 706
305 845
306 315
306 389
306 392
306 575
306 576
306 804
306 836
306 868
306 889
307 327
307 458
307 459
307 526
308 324
308 592
308 628
308 732
308 873
308 878
309 373
309 539
309 634
309 700
309 730
309 771
309 781
309 810
309 854
309 954
310 344
310 388
310 405
310 530
310 536
310 694
310 813
311 456
311 481
311 518
311 519
311 520
311 561
311 562
311 563
311 564
311 565
311 566
311 567
311 765
311 933
312 315
312 318
312 378
312 392
312 466
312 538
313 346
313 407
313 576
313 682
313 773
313 783
313 784
313 789
313 822
313 823
313 924
314 377
314 544
315 381
315 392
315 411
315 467
315 511
315 654
315 802
316 317
316 329
316 330
316 409
316 410
316 432
316 463
316 578
316 611
316 688
316 702
316 711
316 715
316 716
316 717
316 718
316 750
316 796
316 862
316 863
317 329
317 330
317 409
317 410
317 432
317 463
317 578
317 611
317 688
317 702
317 711
317 715
317 716
317 717
317 718
317 750
317 796
317 862
317 863
318 469
318 557
319 370
319 371
319 377
319 430
319 481
319 518
319 519
319 520
319 561
319 562
319 563
319 564
319 565
319 566
319 567
319 642
319 643
320 332
320 333
321 551
321 585
322 335
322 354
322 369
322 370
322 371
323 357
323 394
323 433
323 724
323 845
324 592
324 628
324 732
324 873
325 428
325 461
325 462
325 488
325 574
326 425
326 531
326 785
326 787
327 376
327 458
327 459
327 645
327 681
328 442
328 476
328 545
328 573
329 330
329 536
329 711
329 801
330 409
330 410
330 432
330 463
330 578
330 611
330 688
330 702
330 711
330 715
330 716
330 717
330 718
330 750
330 862
330 863
331 365
331 366
331 381
331 390
331 391
331 407
331 433
331 509
331 543
331 652
331 653
331 825
331 858
331 896
331 910
331 911
331 912
331 931
332 333
334 356
334 398
334 449
334 523
334 524
334 525
334 665
335 354
335 369
335 406
335 559
335 575
335 733
335 742
336 560
336 598
336 631
336 632
336 633
336 677
336 678
337 392
337 528
337 568
337 596
337 675
338 339
338 447
338 491
338 603
339 447
339 491
339 603
340 372
340 388
340 427
340 839
341 402
341 492
341 665
341 843
342 343
342 360
342 361
342 375
342 404
342 406
342 429
342 442
342 457
342 476
342 493
342 495
343 360
343 361
343 375
343 404
343 406
343 429
343 457
343 488
343 493
343 495
344 345
344 591
344 698
344 824
345 385
345 387
345 569
345 617
345 638
345 846
346 381
346 411
346 467
346 510
346 511
347 411
347 434
347 467
347 510
347 511
347 612
347 654
348 349
348 407
348 464
348 465
348 466
348 501
348 502
348 503
349 464
349 465
349 466
349 500
349 501
349 502
349 503
349 512
349 540
349 541
349 542
349 743
349 744
349 745
349 746
349 747
349 788
350 351
350 352
350 353
350 412
350 413
350 414
350 415
350 416
350 417
350 418
350 547
350 548
350 549
350 550
351 352
351 353
351 412
351 413
351 414
351 415
351 416
351 417
351 418
351 547
351 548
351 549
351 550
352 353
352 412
352 413
352 414
352 415
352 416
352 417
352 418
352 547
352 548
352 549
352 550
353 412
353 413
353 414
353 415
353 416
353 417
353 418
353 547
353 548
353 549
353 550
354 369
355 384
355 389
355 532
355 533
355 534
355 535
355 709
355 741
355 765
355 937
356 423
356 440
356 483
356 517
356 552
356 554
356 970
357 394
357 433
357 845
358 437
358 468
358 613
358 614
358 615
358 616
359 377
359 399
359 452
359 597
359 676
360 361
360 375
360 404
360 406
360 429
360 457
360 488
360 493
360 495
361 375
361 394
361 404
361 406
361 429
361 457
361 493
361 495
362 374
362 572
362 918
363 377
363 378
363 460
363 514
363 538
363 712
363 713
363 859
364 367
364 504
364 505
364 506
364 507
364 508
365 366
365 381
365 390
365 391
365 433
365 436
365 509
365 543
365 546
365 652
365 653
365 658
365 659
365 660
365 661
365 722
365 754
366 381
366 390
366 391
366 433
366 436
366 509
366 543
366 546
366 652
366 653
366 658
366 659
366 660
366 661
366 722
366 754
367 504
367 505
367 506
367 507
367 508
368 394
368 694
368 765
368 811
368 916
370 371
370 447
370 456
370 695
370 696
370 781
371 447
371 456
371 695
371 696
371 781
372 396
372 427
372 451
372 527
372 593
373 700
373 771
373 949
374 439
374 572
374 738
375 404
375 406
375 429
375 457
375 493
375 495
375 572
376 458
376 459
376 707
376 739
376 740
377 430
377 477
377 778
378 460
378 514
378 538
378 712
378 713
378 859
379 380
379 385
379 667
379 714
379 756
379 761
379 829
379 894
380 385
380 500
380 932
381 391
381 543
381 546
381 658
381 659
381 660
381 661
382 403
382 472
382 473
382 869
382 870
382 871
383 592
383 813
384 486
384 532
384 533
384 534
384 535
384 741
384 765
384 937
385 387
386 450
386 488
386 489
386 526
387 617
387 638
388 430
388 496
388 531
388 603
388 646
388 757
389 489
389 709
389 787
389 836
389 886
390 391
390 433
390 435
390 509
390 652
390 653
391 433
391 436
391 509
391 543
391 546
391 652
391 653
391 658
391 659
391 660
391 661
392 576
392 868
393 442
393 476
393 492
393 666
394 591
395 605
395 786
395 994
396 593
396 803
397 529
397 568
397 569
398 449
398 486
398 523
398 524
398 525
398 643
398 672
399 597
400 677
400 678
400 818
402 492
402 843
403 472
403 473
403 579
403 749
403 795
403 869
403 870
403 871
404 406
404 429
404 457
404 493
404 495
405 452
405 494
405 930
406 429
406 457
406 493
406 495
406 559
407 543
407 743
407 744
407 745
407 746
407 747
407 788
407 825
407 858
408 497
408 498
408 499
408 604
408 610
408 649
408 650
408 651
408 790
408 791
408 792
408 793
409 410
409 432
409 463
409 578
409 611
409 688
409 702
409 715
409 716
409 717
409 718
409 750
409 862
409 863
410 432
410 463
410 578
410 611
410 688
410 702
410 715
410 716
410 717
410 718
410 750
410 862
410 863
411 434
411 467
411 510
411 511
411 612
411 654
411 719
411 751
412 413
412 414
412 415
412 416
412 417
412 418
413 414
413 415
413 416
413 417
413 418
414 415
414 416
414 417
414 418
415 416
415 417
415 418
416 417
416 418
417 418
419 435
419 436
419 720
419 721
419 753
419 758
419 782
419 799
419 800
419 852
420 521
420 698
420 755
420 764
420 948
421 515
421 625
421 626
421 627
422 479
422 555
423 440
423 517
423 526
423 554
424 446
425 477
425 522
425 569
425 673
426 429
426 443
426 516
426 554
427 451
427 527
427 741
427 813
428 461
428 462
428 574
429 457
429 493
429 495
430 778
431 689
432 463
432 606
432 607
432 608
433 435
433 509
433 652
433 653
434 467
434 510
434 511
434 612
434 654
434 719
434 751
435 436
435 509
435 652
435 653
435 720
435 721
435 722
435 753
435 754
435 799
435 800
435 864
435 935
436 546
436 720
436 721
436 722
436 753
436 754
436 758
436 799
436 800
436 864
436 935
437 468
437 613
437 614
437 615
437 616
439 555
439 595
439 729
439 762
440 517
440 554
440 636
441 587
441 588
441 589
441 590
441 629
441 669
441 670
442 476
442 516
442 969
443 482
443 553
443 625
443 626
443 627
444 445
444 553
445 553
447 664
448 875
449 486
449 523
449 524
449 525
449 643
449 672
450 479
450 489
451 527
453 454
453 455
453 491
453 599
453 769
454 455
454 491
454 599
454 769
455 491
455 599
455 769
456 680
456 841
457 493
457 495
457 592
458 459
458 645
458 681
459 645
459 681
460 514
460 538
460 602
460 859
461 462
461 574
462 570
462 574
463 606
463 607
463 608
464 465
464 466
464 500
464 501
464 502
464 503
464 512
464 540
464 541
464 542
465 466
465 500
465 501
465 502
465 503
465 512
465 540
465 541
465 542
466 500
466 501
466 502
466 503
466 512
466 540
466 541
466 542
467 510
467 511
467 612
467 654
467 719
467 751
468 613
468 614
468 615
468 616
470 471
470 618
470 619
470 620
470 655
471 618
471 619
471 620
471 655
472 473
472 869
472 870
472 871
473 869
473 870
473 871
475 949
476 516
476 969
477 522
478 731
480 733
480 763
480 837
480 838
481 518
481 519
481 520
481 561
481 562
481 563
481 564
481 565
481 566
481 567
482 483
482 766
482 809
483 553
483 766
483 809
484 635
485 488
485 490
487 555
487 594
487 595
487 821
487 919
489 709
490 734
490 881
490 882
490 936
490 982
491 599
491 769
492 943
493 495
494 686
494 687
494 930
496 779
497 498
497 499
497 532
497 533
497 534
497 535
497 610
497 649
497 650
497 651
498 499
498 604
498 610
498 649
498 650
498 651
498 790
498 791
498 792
498 793
499 604
499 610
499 649
499 650
499 651
499 792
499 793
500 501
500 502
500 503
500 512
500 540
500 541
500 542
500 932
501 502
501 503
501 512
501 540
501 541
501 542
502 503
502 512
502 540
502 541
502 542
503 512
503 540
503 541
503 542
504 505
504 506
504 507
504 508
505 506
505 507
505 508
506 507
506 508
507 508
509 652
509 653
510 511
510 612
510 654
510 719
510 751
511 612
511 654
511 719
511 751
512 540
512 541
512 542
512 722
513 582
513 583
513 584
513 622
513 623
513 624
513 691
513 725
513 726
513 727
514 521
514 688
516 809
517 554
518 519
518 520
518 561
518 562
518 563
518 564
518 565
518 566
518 567
519 520
519 561
519 562
519 563
519 564
519 565
519 566
519 567
520 561
520 562
520 563
520 564
520 565
520 566
520 567
521 635
521 643
521 672
521 861
523 524
523 525
523 643
523 672
524 525
524 643
524 672
525 643
525 672
526 530
528 596
528 640
528 641
528 675
529 672
530 531
530 646
530 684
530 685
530 813
530 851
531 571
531 646
531 780
531 879
532 533
532 534
532 535
533 534
533 535
534 535
536 544
536 711
537 538
537 577
537 609
537 648
537 808
537 861
538 577
538 609
538 648
539 708
539 796
540 541
540 542
541 542
543 825
543 858
543 896
543 931
544 768
544 780
544 796
544 840
544 895
545 573
546 658
546 659
546 660
546 661
546 722
546 754
547 548
547 549
547 550
548 549
548 550
549 550
551 585
555 594
555 595
555 729
555 762
555 913
556 947
559 575
559 733
559 742
560 598
560 631
560 632
560 633
561 562
561 563
561 564
561 565
561 566
561 567
562 563
562 564
562 565
562 566
562 567
563 564
563 565
563 566
563 567
564 565
564 566
564 567
565 566
565 567
566 567
568 630
568 735
569 817
570 736
571 599
571 646
571 768
572 637
575 742
576 783
576 784
576 789
576 822
576 823
577 609
577 648
577 861
578 611
578 662
578 750
578 797
579 644
579 701
579 820
579 826
580 789
580 811
580 860
580 916
582 583
582 584
582 622
582 623
582 624
582 691
582 725
582 726
582 727
583 584
583 622
583 623
583 624
583 691
583 725
583 726
583 727
584 622
584 623
584 624
584 691
584 725
584 726
584 727
586 756
586 805
586 808
586 955
587 588
587 589
587 590
587 629
587 669
587 670
587 928
588 589
588 590
588 629
588 669
588 670
589 590
589 629
589 669
589 670
590 629
590 669
590 670
591 694
591 824
591 929
593 803
594 595
594 821
594 913
594 919
595 821
595 913
595 919
596 675
598 631
598 632
598 633
599 769
600 639
600 921
601 830
601 831
601 888
603 621
603 656
604 610
604 649
604 650
604 651
604 855
604 856
605 786
606 607
606 608
607 608
609 648
609 861
610 649
610 650
610 651
610 792
610 793
611 662
611 750
611 797
612 719
612 751
613 614
613 615
613 616
614 615
614 616
615 616
618 619
618 620
618 655
619 620
619 655
620 655
621 656
621 865
622 623
622 624
622 691
622 725
622 726
622 727
623 624
623 691
623 725
623 726
623 727
624 691
624 725
624 726
624 727
625 626
625 627
625 664
625 759
625 760
626 627
626 664
626 759
626 760
627 664
627 759
627 760
629 669
629 670
630 672
630 735
631 632
631 633
632 633
634 730
634 765
634 810
634 954
636 770
637 733
637 837
637 838
638 697
640 641
642 699
643 672
644 842
645 681
645 848
645 884
645 885
646 780
647 686
647 687
649 650
649 651
649 792
649 793
650 651
650 792
650 793
651 792
651 793
652 653
654 719
654 751
656 865
657 866
657 867
658 659
658 660
658 661
659 660
659 661
660 661
662 797
664 759
665 666
669 670
674 786
674 936
676 682
676 849
677 678
679 850
681 848
681 884
681 885
682 849
683 776
683 777
684 685
684 708
684 851
684 853
685 708
685 851
685 853
686 687
688 718
688 750
689 692
689 693
689 728
689 764
689 798
689 839
690 698
690 980
691 725
691 726
691 727
692 693
692 728
692 764
692 798
692 826
693 728
693 764
693 798
693 826
695 696
698 824
700 771
703 704
703 705
703 706
704 705
704 706
705 706
707 739
707 740
708 853
708 877
709 787
709 886
712 713
714 923
715 716
715 717
716 717
718 750
719 751
720 721
720 753
720 758
720 799
720 800
721 753
721 758
721 799
721 800
722 752
722 754
722 897
723 767
723 938
723 985
725 726
725 727
726 727
728 764
728 798
728 826
729 762
730 954
733 837
733 838
734 881
734 882
736 983
736 984
737 840
738 821
739 740
743 744
743 745
743 746
743 747
743 788
744 745
744 746
744 747
744 788
745 746
745 747
745 788
746 747
746 788
747 788
748 888
748 925
749 795
749 872
752 754
752 832
752 833
752 834
753 864
753 935
754 897
755 861
755 948
756 805
757 830
757 831
758 998
760 898
760 899
760 900
761 906
761 907
776 777
782 785
783 784
783 789
783 822
783 823
784 789
784 822
784 823
787 992
789 822
789 823
790 791
790 893
790 959
790 978
791 893
791 959
791 978
792 793
794 857
795 872
798 826
799 864
800 864
801 961
802 901
802 902
805 894
806 828
806 829
806 940
806 941
807 905
808 955
808 996
811 916
822 823
825 858
828 829
828 940
828 941
829 940
829 941
830 831
830 965
830 988
831 965
831 988
832 833
832 834
832 966
833 834
833 966
834 966
837 838
842 979
847 883
848 884
848 885
848 949
850 880
855 856
862 863
864 896
866 867
869 870
869 871
870 871
872 962
872 963
872 964
878 920
879 921
881 882
884 885
888 925
889 890
892 977
896 931
897 956
897 957
897 958
898 899
898 900
899 900
901 902
906 907
906 944
906 945
907 944
907 945
909 967
910 911
910 912
911 912
918 975
928 977
929 930
936 982
938 985
939 961
939 987
940 941
944 945
952 953
956 957
956 958
957 958
960 986
961 987
962 963
962 964
963 964
965 997
983 984
