0 2
0 3
0 4
0 6
0 8
0 9
0 10
0 11
0 13
0 14
0 16
0 18
0 23
0 24
0 25
0 26
0 27
0 30
0 32
0 42
0 45
0 47
0 49
0 52
0 57
0 59
0 65
0 69
0 76
0 77
0 82
0 83
0 85
0 90
0 98
0 99
0 100
0 103
0 105
0 107
0 112
0 117
0 118
0 133
0 144
0 145
0 147
0 151
0 157
0 170
0 173
0 175
0 181
0 184
0 191
0 194
0 198
0 205
0 231
0 235
0 236
0 239
0 240
0 242
0 249
0 254
0 255
0 258
0 262
0 263
0 270
0 271
0 281
0 303
0 327
0 345
0 360
0 362
0 370
0 393
0 394
0 401
0 403
0 412
0 452
0 453
0 465
0 495
0 497
0 500
0 524
0 534
0 536
0 537
0 546
0 564
0 568
0 585
0 612
0 644
0 655
1 4
1 5
1 8
1 10
1 11
1 12
1 14
1 15
1 23
1 25
1 28
1 29
1 34
1 42
1 45
1 50
1 51
1 56
1 59
1 62
1 64
1 66
1 67
1 69
1 70
1 72
1 73
1 75
1 80
1 93
1 97
1 110
1 111
1 112
1 113
1 114
1 132
1 138
1 152
1 154
1 167
1 176
1 180
1 183
1 185
1 189
1 190
1 192
1 196
1 202
1 225
1 229
1 251
1 261
1 267
1 270
1 277
1 279
1 287
1 288
1 295
1 296
1 299
1 314
1 323
1 335
1 336
1 341
1 364
1 372
1 373
1 380
1 381
1 392
1 399
1 401
1 427
1 428
1 429
1 435
1 437
1 445
1 474
1 475
1 487
1 516
1 531
1 535
1 558
1 565
1 623
1 667
1 741
1 876
2 3
2 4
2 5
2 6
2 8
2 9
2 10
2 11
2 13
2 14
2 15
2 16
2 17
2 18
2 21
2 22
2 23
2 24
2 25
2 26
2 28
2 30
2 31
2 32
2 42
2 43
2 45
2 46
2 47
2 49
2 52
2 54
2 57
2 59
2 62
2 64
2 71
2 76
2 77
2 83
2 85
2 86
2 92
2 98
2 99
2 100
2 103
2 118
2 123
2 133
2 137
2 144
2 147
2 154
2 159
2 160
2 168
2 169
2 172
2 173
2 175
2 179
2 181
2 185
2 212
2 221
2 231
2 248
2 262
2 271
2 273
2 286
2 287
2 292
2 296
2 315
2 327
2 332
2 339
2 344
2 361
2 376
2 405
2 412
2 416
2 417
2 447
2 453
2 461
2 501
2 527
2 568
2 585
2 586
2 655
2 764
3 4
3 5
3 6
3 8
3 9
3 10
3 11
3 13
3 14
3 16
3 18
3 22
3 23
3 25
3 26
3 30
3 32
3 36
3 42
3 47
3 52
3 56
3 64
3 65
3 69
3 76
3 77
3 82
3 83
3 85
3 98
3 103
3 105
3 115
3 117
3 118
3 133
3 139
3 141
3 145
3 147
3 157
3 168
3 169
3 172
3 173
3 179
3 181
3 184
3 185
3 191
3 199
3 208
3 211
3 212
3 222
3 226
3 231
3 235
3 236
3 240
3 242
3 255
3 258
3 262
3 270
3 271
3 273
3 287
3 293
3 325
3 339
3 344
3 354
3 360
3 367
3 376
3 377
3 383
3 393
3 394
3 412
3 416
3 417
3 418
3 422
3 423
3 424
3 428
3 453
3 501
3 506
3 527
3 546
3 585
3 586
3 671
3 799
3 851
4 5
4 6
4 7
4 8
4 9
4 10
4 11
4 13
4 16
4 18
4 22
4 24
4 25
4 26
4 30
4 31
4 32
4 35
4 38
4 39
4 40
4 42
4 43
4 45
4 46
4 47
4 52
4 54
4 56
4 62
4 64
4 76
4 77
4 82
4 83
4 85
4 91
4 92
4 95
4 99
4 103
4 104
4 105
4 115
4 118
4 124
4 133
4 144
4 147
4 154
4 160
4 163
4 164
4 168
4 169
4 172
4 179
4 181
4 185
4 191
4 208
4 212
4 231
4 239
4 244
4 248
4 257
4 262
4 263
4 271
4 273
4 286
4 287
4 296
4 327
4 332
4 338
4 339
4 344
4 367
4 370
4 376
4 403
4 405
4 412
4 416
4 417
4 422
4 423
4 424
4 447
4 453
4 501
4 524
4 527
4 585
4 586
5 7
5 8
5 9
5 12
5 13
5 16
5 20
5 22
5 28
5 30
5 32
5 33
5 34
5 35
5 37
5 38
5 42
5 47
5 48
5 49
5 50
5 51
5 57
5 58
5 61
5 64
5 66
5 68
5 73
5 74
5 78
5 84
5 87
5 88
5 89
5 91
5 93
5 96
5 100
5 102
5 104
5 109
5 111
5 112
5 122
5 125
5 127
5 131
5 133
5 138
5 142
5 143
5 148
5 150
5 152
5 153
5 155
5 178
5 179
5 180
5 181
5 190
5 192
5 202
5 207
5 231
5 232
5 245
5 266
5 267
5 279
5 282
5 290
5 306
5 309
5 313
5 333
5 341
5 344
5 359
5 362
5 363
5 364
5 365
5 376
5 390
5 391
5 397
5 412
5 443
5 449
5 450
5 483
5 504
5 514
5 520
5 521
5 538
5 544
5 554
5 559
5 575
5 600
5 622
5 631
5 650
5 684
5 739
5 804
5 852
6 8
6 9
6 10
6 11
6 13
6 14
6 16
6 18
6 23
6 25
6 26
6 27
6 30
6 32
6 36
6 45
6 49
6 52
6 57
6 59
6 65
6 69
6 76
6 77
6 82
6 83
6 85
6 90
6 98
6 100
6 105
6 107
6 117
6 118
6 141
6 144
6 147
6 151
6 157
6 170
6 173
6 175
6 191
6 194
6 205
6 235
6 236
6 239
6 240
6 249
6 254
6 262
6 263
6 271
6 281
6 303
6 315
6 360
6 362
6 370
6 393
6 394
6 403
6 452
6 453
6 465
6 495
6 497
6 500
6 524
6 534
6 536
6 537
6 546
6 564
6 568
6 585
6 612
6 644
6 655
7 12
7 16
7 20
7 21
7 30
7 36
7 44
7 47
7 48
7 50
7 55
7 63
7 66
7 72
7 75
7 80
7 98
7 106
7 107
7 114
7 120
7 128
7 129
7 131
7 138
7 155
7 163
7 174
7 186
7 196
7 205
7 213
7 218
7 221
7 233
7 234
7 237
7 238
7 260
7 342
7 387
7 450
7 494
7 619
7 951
8 9
8 10
8 11
8 13
8 14
8 16
8 17
8 18
8 22
8 23
8 24
8 25
8 26
8 30
8 31
8 32
8 42
8 43
8 45
8 47
8 52
8 54
8 59
8 64
8 71
8 72
8 76
8 85
8 86
8 92
8 93
8 98
8 99
8 100
8 103
8 118
8 123
8 133
8 168
8 175
8 179
8 181
8 184
8 211
8 221
8 231
8 239
8 251
8 261
8 292
8 327
8 330
8 339
8 344
8 361
8 376
8 380
8 412
8 415
8 546
9 13
9 16
9 18
9 19
9 21
9 22
9 24
9 25
9 26
9 30
9 32
9 42
9 47
9 52
9 63
9 64
9 65
9 76
9 77
9 83
9 85
9 98
9 103
9 105
9 108
9 115
9 123
9 133
9 141
9 144
9 147
9 159
9 168
9 170
9 179
9 181
9 208
9 212
9 231
9 239
9 262
9 263
9 281
9 344
9 367
9 370
9 373
9 376
9 403
9 412
9 422
9 423
9 424
9 452
9 453
9 461
9 501
9 524
9 546
9 551
9 578
9 585
9 586
9 648
9 718
9 764
9 776
9 785
9 937
10 11
10 13
10 14
10 18
10 23
10 26
10 30
10 45
10 49
10 59
10 67
10 69
10 71
10 72
10 83
10 85
10 92
10 93
10 100
10 103
10 117
10 118
10 147
10 157
10 175
10 221
10 235
10 236
10 240
10 248
10 249
10 251
10 254
10 292
10 299
10 361
10 380
10 393
10 394
10 415
10 487
10 500
10 550
10 564
10 677
11 13
11 14
11 18
11 23
11 30
11 45
11 46
11 49
11 59
11 67
11 69
11 71
11 72
11 86
11 92
11 93
11 108
11 117
11 118
11 135
11 137
11 157
11 159
11 175
11 235
11 236
11 240
11 248
11 249
11 251
11 254
11 270
11 292
11 361
11 380
11 393
11 394
11 415
11 500
11 546
11 550
11 564
11 584
11 677
12 15
12 21
12 37
12 40
12 44
12 50
12 51
12 53
12 65
12 66
12 67
12 70
12 72
12 75
12 93
12 95
12 97
12 100
12 101
12 104
12 111
12 124
12 126
12 138
12 139
12 140
12 152
12 155
12 161
12 176
12 186
12 189
12 192
12 196
12 204
12 220
12 225
12 247
12 256
12 267
12 274
12 276
12 279
12 281
12 284
12 288
12 289
12 292
12 294
12 307
12 322
12 334
12 335
12 336
12 364
12 372
12 373
12 381
12 384
12 387
12 392
12 399
12 413
12 428
12 435
12 437
12 441
12 474
12 475
12 508
12 516
12 616
12 624
12 646
12 672
12 673
12 699
12 702
12 774
12 814
12 882
13 16
13 17
13 22
13 23
13 24
13 26
13 30
13 31
13 32
13 42
13 43
13 45
13 47
13 52
13 54
13 56
13 57
13 64
13 65
13 76
13 85
13 86
13 92
13 99
13 100
13 103
13 116
13 118
13 133
13 145
13 159
13 173
13 179
13 181
13 184
13 191
13 199
13 203
13 211
13 231
13 242
13 258
13 270
13 293
13 315
13 331
13 339
13 344
13 376
13 377
13 410
13 412
13 418
13 566
13 568
13 638
13 655
13 709
14 18
14 23
14 30
14 42
14 45
14 49
14 52
14 59
14 63
14 67
14 69
14 71
14 72
14 82
14 93
14 100
14 113
14 117
14 118
14 134
14 136
14 157
14 175
14 176
14 186
14 221
14 235
14 236
14 240
14 248
14 249
14 251
14 254
14 292
14 361
14 380
14 385
14 393
14 394
14 415
14 480
14 500
14 564
15 19
15 21
15 24
15 28
15 31
15 32
15 34
15 39
15 43
15 46
15 52
15 53
15 54
15 59
15 62
15 93
15 101
15 110
15 112
15 116
15 129
15 130
15 146
15 154
15 175
15 185
15 186
15 195
15 239
15 262
15 293
15 294
15 296
15 332
15 447
15 468
15 485
15 591
15 611
15 618
15 660
15 698
15 769
16 18
16 22
16 25
16 26
16 30
16 32
16 36
16 42
16 47
16 52
16 64
16 76
16 77
16 83
16 85
16 105
16 111
16 115
16 118
16 133
16 144
16 145
16 147
16 168
16 172
16 179
16 181
16 185
16 191
16 208
16 226
16 231
16 239
16 258
16 262
16 263
16 270
16 271
16 273
16 281
16 287
16 339
16 344
16 354
16 367
16 370
16 376
16 383
16 403
16 412
16 416
16 417
16 422
16 423
16 424
16 452
16 453
16 501
16 559
16 585
16 586
16 671
17 24
17 28
17 43
17 54
17 60
17 121
17 136
17 137
17 145
17 201
17 223
17 230
17 239
17 241
17 242
17 252
17 255
17 324
17 343
17 389
17 432
17 503
17 505
17 506
17 579
17 580
17 598
17 653
17 673
17 686
17 701
17 710
17 803
17 830
18 21
18 23
18 26
18 27
18 32
18 52
18 55
18 57
18 59
18 77
18 83
18 85
18 90
18 100
18 105
18 107
18 115
18 123
18 133
18 144
18 147
18 151
18 168
18 173
18 194
18 202
18 205
18 208
18 209
18 239
18 254
18 263
18 281
18 295
18 320
18 367
18 370
18 403
18 422
18 423
18 424
18 452
18 461
18 471
18 495
18 500
18 524
18 534
18 644
19 21
19 24
19 28
19 34
19 55
19 62
19 63
19 80
19 101
19 102
19 108
19 116
19 129
19 151
19 195
19 250
19 293
19 299
19 311
19 378
19 442
19 531
19 543
19 565
19 570
19 572
19 591
19 618
19 685
19 692
19 859
19 893
19 894
20 22
20 33
20 35
20 37
20 38
20 47
20 48
20 49
20 50
20 57
20 58
20 61
20 67
20 68
20 73
20 74
20 78
20 87
20 89
20 96
20 100
20 109
20 115
20 122
20 125
20 127
20 131
20 142
20 143
20 148
20 150
20 166
20 178
20 190
20 202
20 220
20 232
20 290
20 308
20 309
20 313
20 333
20 335
20 359
20 363
20 390
20 391
20 397
20 408
20 413
20 444
20 450
20 538
20 544
20 551
20 554
20 575
20 580
20 600
20 622
20 650
20 657
20 698
20 739
20 788
20 804
20 817
21 24
21 27
21 28
21 31
21 44
21 48
21 55
21 88
21 90
21 98
21 101
21 107
21 128
21 186
21 192
21 194
21 195
21 202
21 205
21 209
21 227
21 233
21 237
21 247
21 250
21 275
21 294
21 307
21 322
21 348
21 371
21 416
21 570
21 581
21 616
21 702
21 774
21 814
22 30
22 32
22 33
22 35
22 37
22 38
22 42
22 47
22 48
22 49
22 50
22 57
22 58
22 61
22 64
22 73
22 74
22 75
22 78
22 87
22 89
22 96
22 109
22 122
22 125
22 127
22 131
22 133
22 142
22 143
22 148
22 179
22 181
22 185
22 190
22 231
22 287
22 306
22 309
22 313
22 333
22 339
22 344
22 359
22 376
22 390
22 391
22 514
22 521
22 898
23 30
23 32
23 45
23 47
23 49
23 56
23 59
23 67
23 69
23 71
23 72
23 93
23 100
23 117
23 118
23 157
23 175
23 181
23 199
23 221
23 235
23 236
23 240
23 248
23 249
23 251
23 254
23 258
23 292
23 361
23 377
23 380
23 393
23 394
23 401
23 415
23 418
23 500
23 564
23 677
24 28
24 31
24 43
24 54
24 62
24 80
24 86
24 92
24 99
24 101
24 104
24 106
24 116
24 118
24 129
24 137
24 159
24 212
24 286
24 339
24 364
24 447
24 465
24 479
24 589
24 618
24 761
24 764
25 26
25 27
25 30
25 32
25 34
25 42
25 45
25 47
25 52
25 64
25 69
25 77
25 82
25 83
25 85
25 94
25 105
25 107
25 110
25 118
25 120
25 132
25 147
25 155
25 158
25 167
25 169
25 172
25 183
25 191
25 212
25 262
25 271
25 273
25 327
25 353
25 361
25 367
25 416
25 417
25 419
25 427
25 453
25 501
25 513
25 527
25 572
25 585
25 586
25 590
26 30
26 32
26 47
26 52
26 63
26 77
26 82
26 83
26 85
26 103
26 105
26 115
26 118
26 123
26 133
26 144
26 147
26 168
26 191
26 208
26 239
26 248
26 262
26 263
26 271
26 281
26 303
26 345
26 367
26 370
26 403
26 422
26 423
26 424
26 452
26 453
26 461
26 497
26 501
26 524
26 551
26 585
26 586
26 718
27 28
27 42
27 44
27 48
27 55
27 68
27 76
27 77
27 82
27 90
27 97
27 98
27 105
27 106
27 107
27 112
27 128
27 141
27 151
27 155
27 170
27 173
27 191
27 194
27 202
27 205
27 209
27 254
27 270
27 271
27 305
27 362
27 465
27 494
27 495
27 513
27 534
27 536
27 537
27 711
28 31
28 44
28 45
28 46
28 50
28 54
28 55
28 71
28 80
28 90
28 107
28 110
28 111
28 114
28 130
28 146
28 154
28 165
28 180
28 194
28 195
28 213
28 254
28 296
28 332
28 341
28 442
28 447
28 468
28 485
28 496
28 692
28 698
28 825
28 859
29 48
29 51
29 60
29 64
29 70
29 72
29 73
29 75
29 84
29 93
29 102
29 113
29 153
29 174
29 177
29 184
29 190
29 229
29 247
29 273
29 379
29 383
29 431
29 445
29 485
29 512
29 531
29 566
29 571
29 591
29 654
29 656
29 717
29 732
29 775
29 776
29 777
29 866
29 903
29 968
30 32
30 42
30 45
30 47
30 49
30 52
30 56
30 59
30 64
30 65
30 71
30 76
30 77
30 82
30 105
30 118
30 133
30 145
30 169
30 172
30 175
30 179
30 181
30 185
30 191
30 199
30 226
30 231
30 242
30 249
30 258
30 270
30 271
30 273
30 287
30 339
30 344
30 354
30 376
30 377
30 383
30 412
30 416
30 417
30 418
30 500
30 527
30 564
30 671
30 677
31 43
31 46
31 54
31 62
31 80
31 88
31 92
31 99
31 101
31 116
31 118
31 129
31 154
31 160
31 234
31 257
31 260
31 296
31 307
31 315
31 396
31 402
31 405
31 410
31 447
31 728
32 34
32 42
32 47
32 52
32 56
32 64
32 68
32 76
32 77
32 83
32 85
32 105
32 112
32 133
32 144
32 145
32 147
32 179
32 181
32 191
32 199
32 226
32 231
32 239
32 258
32 262
32 263
32 270
32 271
32 281
32 344
32 370
32 376
32 377
32 384
32 401
32 403
32 412
32 418
32 452
32 453
32 501
32 585
32 586
32 681
33 34
33 35
33 37
33 38
33 47
33 48
33 49
33 50
33 57
33 58
33 61
33 66
33 68
33 73
33 74
33 78
33 84
33 87
33 88
33 89
33 96
33 100
33 102
33 109
33 112
33 122
33 125
33 127
33 131
33 142
33 143
33 148
33 150
33 153
33 178
33 190
33 202
33 207
33 210
33 232
33 245
33 266
33 282
33 290
33 309
33 313
33 333
33 359
33 363
33 365
33 390
33 391
33 397
33 443
33 449
33 450
33 483
33 504
33 512
33 520
33 538
33 544
33 554
33 575
33 600
33 622
33 631
33 650
33 684
33 739
33 804
34 42
34 52
34 64
34 67
34 69
34 70
34 84
34 88
34 102
34 110
34 112
34 117
34 132
34 136
34 146
34 153
34 167
34 186
34 195
34 207
34 245
34 266
34 282
34 304
34 365
34 384
34 398
34 427
34 443
34 449
34 483
34 501
34 504
34 520
34 535
34 590
34 631
34 684
34 812
34 906
35 37
35 38
35 40
35 46
35 48
35 49
35 50
35 53
35 57
35 58
35 61
35 73
35 74
35 78
35 87
35 89
35 95
35 96
35 100
35 109
35 122
35 124
35 125
35 126
35 127
35 131
35 139
35 142
35 143
35 148
35 160
35 190
35 214
35 306
35 309
35 313
35 333
35 359
35 382
35 390
35 391
35 464
35 467
35 470
35 514
35 521
36 111
36 193
36 255
36 302
36 317
36 346
36 466
36 988
37 48
37 49
37 50
37 51
37 57
37 58
37 61
37 66
37 67
37 70
37 72
37 73
37 74
37 78
37 85
37 87
37 89
37 96
37 109
37 122
37 125
37 127
37 131
37 142
37 143
37 148
37 166
37 185
37 189
37 190
37 220
37 256
37 281
37 284
37 289
37 292
37 295
37 309
37 334
37 359
37 380
37 381
37 384
37 387
37 390
37 391
37 413
37 441
37 508
37 509
37 510
37 522
37 553
37 604
37 646
37 868
38 40
38 41
38 46
38 49
38 50
38 53
38 57
38 58
38 61
38 73
38 74
38 78
38 87
38 89
38 95
38 96
38 100
38 109
38 122
38 124
38 125
38 126
38 127
38 131
38 139
38 142
38 143
38 148
38 160
38 163
38 164
38 178
38 214
38 290
38 306
38 313
38 333
38 341
38 362
38 363
38 382
38 412
38 464
38 467
38 470
38 514
38 521
38 600
38 613
38 643
39 40
39 41
39 45
39 46
39 47
39 53
39 56
39 71
39 91
39 103
39 108
39 110
39 149
39 160
39 164
39 170
39 180
39 187
39 198
39 262
39 268
39 293
39 329
39 332
39 351
39 448
39 717
39 769
39 850
40 41
40 46
40 53
40 65
40 87
40 92
40 95
40 100
40 124
40 126
40 139
40 160
40 164
40 204
40 214
40 244
40 274
40 382
40 464
40 467
40 470
40 613
40 643
41 63
41 81
41 104
41 115
41 123
41 150
41 160
41 162
41 163
41 164
41 192
41 193
41 216
41 224
41 227
41 243
41 252
41 257
41 265
41 275
41 314
41 345
41 366
41 409
41 417
41 452
41 458
41 463
41 478
41 482
41 490
41 511
41 540
41 596
41 619
41 691
41 995
42 47
42 52
42 64
42 69
42 76
42 81
42 85
42 107
42 110
42 112
42 132
42 133
42 167
42 176
42 179
42 181
42 185
42 231
42 287
42 297
42 339
42 344
42 376
42 412
42 427
42 590
43 62
43 108
43 116
43 129
43 149
43 195
43 264
43 286
43 307
43 331
43 351
43 448
43 566
43 635
43 638
43 871
44 48
44 50
44 54
44 55
44 66
44 70
44 71
44 82
44 90
44 106
44 107
44 120
44 128
44 151
44 155
44 173
44 194
44 202
44 205
44 209
44 213
44 237
44 295
44 305
44 406
44 475
44 494
44 510
44 624
45 48
45 49
45 59
45 62
45 63
45 71
45 103
45 175
45 180
45 203
45 211
45 249
45 250
45 292
45 327
45 361
45 415
45 447
45 564
45 963
45 983
46 56
46 62
46 86
46 91
46 92
46 95
46 124
46 136
46 137
46 149
46 154
46 159
46 160
46 164
46 216
46 218
46 244
46 257
46 332
46 338
46 405
46 611
47 49
47 52
47 56
47 57
47 58
47 61
47 64
47 65
47 74
47 76
47 77
47 78
47 89
47 96
47 103
47 105
47 122
47 127
47 131
47 133
47 142
47 145
47 148
47 169
47 178
47 179
47 181
47 199
47 226
47 231
47 242
47 258
47 262
47 270
47 271
47 290
47 344
47 376
47 377
47 379
47 412
47 418
47 527
48 49
48 50
48 55
48 56
48 57
48 58
48 61
48 64
48 66
48 71
48 73
48 74
48 78
48 87
48 89
48 90
48 96
48 106
48 107
48 109
48 122
48 125
48 127
48 131
48 142
48 143
48 148
48 155
48 190
48 205
48 237
48 309
48 359
48 390
48 391
48 445
48 456
48 494
49 50
49 57
49 58
49 59
49 61
49 67
49 68
49 69
49 73
49 74
49 78
49 87
49 89
49 96
49 100
49 109
49 118
49 122
49 125
49 127
49 131
49 142
49 143
49 148
49 150
49 178
49 190
49 232
49 248
49 249
49 290
49 309
49 313
49 333
49 359
49 363
49 390
49 391
49 397
49 450
49 500
49 538
49 544
49 554
49 564
49 575
49 600
49 622
49 650
49 739
49 804
50 54
50 55
50 56
50 57
50 58
50 61
50 71
50 73
50 74
50 78
50 87
50 89
50 93
50 96
50 109
50 111
50 122
50 125
50 127
50 131
50 138
50 142
50 143
50 148
50 152
50 155
50 180
50 190
50 192
50 213
50 267
50 279
50 309
50 341
50 359
50 362
50 364
50 390
50 391
50 412
51 52
51 59
51 66
51 67
51 70
51 71
51 72
51 73
51 74
51 75
51 99
51 152
51 177
51 183
51 189
51 190
51 220
51 229
51 251
51 256
51 284
51 289
51 292
51 314
51 334
51 361
51 381
51 387
51 413
51 430
51 441
51 508
51 531
51 646
51 784
52 60
52 67
52 70
52 76
52 82
52 83
52 85
52 112
52 117
52 133
52 136
52 146
52 147
52 157
52 169
52 176
52 186
52 231
52 263
52 281
52 294
52 412
52 480
52 481
52 605
53 59
53 65
53 71
53 95
53 100
53 103
53 108
53 124
53 126
53 139
53 141
53 149
53 170
53 184
53 204
53 212
53 214
53 261
53 268
53 274
53 293
53 447
53 457
53 464
53 469
54 55
54 62
54 80
54 86
54 92
54 99
54 104
54 116
54 118
54 130
54 154
54 273
54 275
54 286
54 293
54 296
54 315
54 332
54 364
54 396
54 402
54 410
54 447
54 465
54 485
54 793
55 63
55 66
55 71
55 80
55 82
55 90
55 106
55 107
55 120
55 128
55 151
55 155
55 194
55 202
55 205
55 209
55 213
55 237
55 295
55 305
55 334
55 494
55 510
55 543
55 572
56 58
56 91
56 104
56 149
56 161
56 164
56 181
56 195
56 199
56 207
56 214
56 258
56 268
56 315
56 322
56 332
56 343
56 377
56 418
56 589
56 662
56 750
57 58
57 61
57 68
57 73
57 74
57 78
57 87
57 89
57 96
57 100
57 109
57 122
57 125
57 127
57 131
57 142
57 143
57 148
57 150
57 173
57 178
57 190
57 202
57 232
57 290
57 309
57 313
57 315
57 333
57 359
57 363
57 390
57 391
57 397
57 402
57 450
57 538
57 544
57 554
57 568
57 575
57 600
57 622
57 644
57 650
57 655
57 739
57 804
58 61
58 68
58 73
58 74
58 78
58 87
58 89
58 96
58 109
58 122
58 125
58 127
58 131
58 142
58 143
58 148
58 150
58 178
58 190
58 202
58 214
58 232
58 290
58 309
58 313
58 333
58 359
58 363
58 390
58 391
58 397
58 450
58 538
58 544
58 554
58 575
58 600
58 622
58 650
58 739
59 66
59 67
59 69
59 71
59 72
59 93
59 103
59 118
59 248
59 249
59 251
59 254
59 292
59 380
59 415
59 500
59 564
60 68
60 111
60 113
60 134
60 161
60 174
60 228
60 230
60 282
60 294
60 314
60 324
60 340
60 358
60 370
60 403
60 431
60 482
60 484
60 492
60 560
60 579
60 598
60 710
60 786
60 789
60 790
60 803
60 897
60 915
61 68
61 73
61 74
61 78
61 87
61 89
61 96
61 97
61 109
61 122
61 125
61 127
61 131
61 142
61 143
61 148
61 150
61 178
61 190
61 202
61 232
61 290
61 298
61 309
61 313
61 333
61 359
61 363
61 373
61 375
61 390
61 391
61 397
61 408
61 450
61 538
61 544
61 554
61 573
61 575
61 600
61 622
61 650
61 699
61 739
62 80
62 101
62 108
62 116
62 129
62 154
62 160
62 264
62 296
62 332
62 402
62 405
62 447
62 618
63 71
63 80
63 104
63 123
63 144
63 162
63 163
63 212
63 216
63 252
63 345
63 366
63 461
63 463
63 511
63 543
63 551
63 583
63 619
63 718
63 751
64 67
64 69
64 110
64 112
64 132
64 133
64 153
64 165
64 167
64 179
64 181
64 186
64 231
64 248
64 259
64 344
64 354
64 376
64 379
64 383
64 395
64 427
64 445
64 535
64 671
64 732
65 69
65 76
65 95
65 98
65 100
65 124
65 126
65 139
65 141
65 145
65 173
65 181
65 204
65 211
65 212
65 231
65 242
65 255
65 258
65 274
65 325
65 360
65 506
65 546
65 612
65 851
66 70
66 72
66 75
66 90
66 93
66 106
66 107
66 153
66 155
66 202
66 207
66 224
66 237
66 246
66 251
66 256
66 291
66 311
66 381
66 400
66 624
66 676
67 69
67 70
67 74
67 110
67 112
67 118
67 131
67 176
67 178
67 189
67 220
67 248
67 256
67 284
67 289
67 290
67 292
67 326
67 334
67 381
67 387
67 413
67 441
67 480
67 508
67 515
67 522
67 646
68 74
68 78
68 89
68 96
68 122
68 125
68 127
68 131
68 142
68 148
68 150
68 178
68 193
68 199
68 232
68 286
68 290
68 301
68 328
68 350
68 358
68 371
68 401
68 440
68 526
68 560
68 574
68 681
68 770
68 786
68 848
69 76
69 110
69 117
69 118
69 132
69 141
69 157
69 167
69 235
69 236
69 240
69 248
69 304
69 393
69 394
69 427
69 459
69 460
69 558
69 590
70 72
70 73
70 75
70 114
70 117
70 161
70 166
70 176
70 190
70 220
70 256
70 271
70 276
70 284
70 292
70 322
70 360
70 381
70 384
70 441
70 481
70 555
70 672
70 882
71 100
71 103
71 114
71 115
71 149
71 165
71 213
71 221
71 251
71 265
71 268
71 292
71 395
71 415
71 454
71 461
71 518
71 559
71 578
72 73
72 75
72 93
72 97
72 113
72 138
72 152
72 176
72 183
72 185
72 189
72 190
72 196
72 225
72 251
72 272
72 277
72 288
72 316
72 335
72 336
72 372
72 373
72 380
72 381
72 392
72 399
72 428
72 435
72 437
72 474
72 475
72 516
72 558
72 741
73 74
73 75
73 78
73 87
73 89
73 93
73 96
73 100
73 109
73 122
73 125
73 127
73 131
73 142
73 143
73 148
73 178
73 190
73 290
73 309
73 313
73 316
73 333
73 359
73 363
73 390
73 391
73 397
73 450
73 538
73 544
73 554
73 575
73 600
73 622
73 650
73 739
73 804
74 78
74 87
74 89
74 96
74 100
74 108
74 109
74 122
74 125
74 127
74 131
74 142
74 143
74 148
74 150
74 166
74 178
74 190
74 202
74 210
74 232
74 290
74 309
74 313
74 333
74 359
74 363
74 380
74 390
74 391
74 397
74 450
74 538
74 544
74 554
74 575
74 600
74 622
74 650
74 714
74 740
74 758
74 792
74 804
74 805
74 818
74 838
74 839
75 93
75 97
75 103
75 117
75 132
75 138
75 151
75 152
75 176
75 179
75 189
75 190
75 196
75 225
75 229
75 286
75 287
75 288
75 299
75 311
75 323
75 335
75 336
75 372
75 373
75 392
75 399
75 427
75 428
75 435
75 437
75 474
75 475
75 487
75 516
75 565
75 819
75 898
76 98
76 133
76 139
76 141
76 145
76 181
76 191
76 198
76 211
76 212
76 231
76 255
76 258
76 270
76 325
76 338
76 412
76 506
76 851
77 83
77 85
77 90
77 105
77 107
77 115
77 133
77 144
77 147
77 151
77 168
77 173
77 191
77 194
77 205
77 208
77 239
77 262
77 271
77 367
77 370
77 403
77 422
77 423
77 424
77 453
77 495
77 501
77 513
77 534
77 585
77 586
78 87
78 89
78 96
78 100
78 109
78 122
78 125
78 127
78 131
78 142
78 143
78 148
78 150
78 178
78 190
78 202
78 232
78 238
78 290
78 306
78 309
78 313
78 333
78 341
78 359
78 362
78 363
78 390
78 391
78 397
78 412
78 450
78 514
78 521
78 538
78 544
78 554
78 575
78 600
78 622
78 650
78 739
78 804
79 95
79 198
79 253
79 256
79 280
79 302
79 316
79 439
79 748
80 88
80 134
80 154
80 157
80 188
80 233
80 247
80 260
80 276
80 283
80 296
80 297
80 310
80 319
80 342
80 398
80 426
80 499
80 515
80 528
80 543
80 572
81 106
81 115
81 121
81 123
81 130
81 140
81 169
81 188
81 200
81 201
81 219
81 220
81 227
81 230
81 238
81 265
81 275
81 283
81 297
81 303
81 314
81 353
81 358
81 415
81 417
81 452
81 478
81 481
81 482
81 490
81 494
81 502
81 596
81 691
81 950
82 83
82 90
82 106
82 107
82 120
82 128
82 136
82 145
82 146
82 147
82 151
82 176
82 183
82 186
82 191
82 271
82 295
82 305
82 311
82 349
82 361
82 384
82 389
82 480
82 481
82 503
82 768
82 816
83 85
83 103
83 105
83 115
83 118
83 133
83 147
83 168
83 191
83 208
83 248
83 262
83 263
83 271
83 281
83 303
83 345
83 367
83 422
83 423
83 424
83 452
83 453
83 501
83 524
83 585
83 586
84 88
84 102
84 112
84 120
84 140
84 153
84 161
84 207
84 210
84 219
84 245
84 266
84 282
84 365
84 406
84 443
84 449
84 483
84 504
84 512
84 520
84 631
84 684
85 103
85 118
85 123
85 144
85 147
85 168
85 248
85 262
85 263
85 281
85 303
85 345
85 430
85 453
85 461
85 501
85 548
85 585
85 586
86 92
86 137
86 159
86 172
86 227
86 252
86 320
86 321
86 396
86 404
86 417
86 478
86 479
86 530
86 797
87 89
87 95
87 96
87 100
87 109
87 122
87 124
87 125
87 127
87 131
87 142
87 143
87 148
87 178
87 190
87 202
87 290
87 309
87 359
87 382
87 390
87 391
87 397
87 450
87 470
87 538
87 554
87 575
87 613
87 622
87 643
87 650
87 739
87 804
88 98
88 101
88 102
88 112
88 129
88 153
88 186
88 207
88 233
88 245
88 247
88 260
88 264
88 266
88 276
88 278
88 282
88 294
88 310
88 342
88 348
88 365
88 383
88 426
88 443
88 445
88 449
88 483
88 499
88 504
88 515
88 520
88 528
88 542
88 631
88 684
88 865
89 96
89 100
89 109
89 122
89 125
89 127
89 131
89 142
89 143
89 148
89 150
89 178
89 190
89 202
89 232
89 290
89 309
89 313
89 333
89 359
89 363
89 390
89 391
89 397
89 450
89 538
89 544
89 554
89 575
89 600
89 622
89 650
89 739
89 804
90 97
90 101
90 105
90 106
90 107
90 128
90 151
90 173
90 194
90 202
90 205
90 209
90 213
90 305
90 495
90 510
90 534
90 581
91 94
91 106
91 114
91 119
91 146
91 155
91 156
91 164
91 197
91 241
91 300
91 332
91 374
91 476
91 562
91 693
91 842
91 875
92 99
92 118
92 137
92 159
92 160
92 216
92 218
92 244
92 257
92 307
92 339
92 405
92 479
93 111
93 113
93 138
93 152
93 192
93 202
93 251
93 261
93 267
93 270
93 279
93 295
93 314
93 372
93 380
93 558
93 623
93 667
93 741
93 914
94 106
94 114
94 158
94 169
94 172
94 178
94 215
94 249
94 272
94 277
94 280
94 327
94 329
94 374
94 378
94 388
94 445
94 448
94 504
94 562
94 572
94 693
94 773
94 875
95 100
95 124
95 126
95 139
95 160
95 204
95 214
95 274
95 382
95 464
95 467
95 470
95 583
95 613
95 643
95 767
96 109
96 122
96 125
96 127
96 131
96 142
96 143
96 148
96 150
96 178
96 190
96 202
96 232
96 290
96 306
96 309
96 313
96 333
96 341
96 359
96 362
96 363
96 390
96 391
96 397
96 412
96 450
96 514
96 521
96 538
96 544
96 554
96 575
96 600
96 622
96 650
96 739
97 138
97 152
97 166
97 176
97 189
97 196
97 205
97 209
97 225
97 243
97 288
97 298
97 335
97 336
97 350
97 363
97 372
97 373
97 375
97 392
97 399
97 428
97 435
97 437
97 472
97 474
97 475
97 516
97 738
98 129
98 170
98 234
98 254
98 264
98 278
98 348
98 362
98 465
98 497
98 536
98 537
98 542
98 546
99 109
99 118
99 143
99 339
99 375
99 610
99 808
99 863
100 124
100 126
100 127
100 131
100 139
100 173
100 204
100 221
100 274
100 292
100 315
100 382
100 402
100 470
100 568
100 613
100 644
100 655
101 116
101 128
101 129
101 186
101 233
101 247
101 294
101 310
101 581
101 618
102 112
102 153
102 207
102 210
102 245
102 266
102 282
102 365
102 400
102 430
102 443
102 445
102 449
102 483
102 504
102 520
102 597
102 631
102 683
102 684
103 108
103 118
103 138
103 147
103 149
103 176
103 248
103 268
103 288
103 373
103 399
103 428
103 451
103 480
104 111
104 123
104 138
104 161
104 162
104 163
104 164
104 195
104 207
104 214
104 216
104 224
104 322
104 324
104 345
104 364
104 366
104 463
104 511
105 107
105 115
105 133
105 144
105 151
105 168
105 173
105 194
105 205
105 208
105 239
105 271
105 367
105 370
105 403
105 422
105 423
105 424
105 458
105 495
105 534
106 107
106 119
106 128
106 155
106 165
106 172
106 183
106 205
106 220
106 237
106 305
106 336
106 374
106 378
106 387
106 411
106 419
106 494
106 533
106 562
106 652
106 693
106 708
106 787
106 875
107 112
107 120
107 128
107 151
107 155
107 173
107 191
107 194
107 202
107 205
107 209
107 237
107 271
107 295
107 305
107 495
107 513
107 534
108 116
108 149
108 166
108 210
108 264
108 331
108 363
108 373
108 543
108 591
108 648
108 714
108 740
108 758
108 792
108 805
108 818
108 838
108 839
109 122
109 125
109 127
109 131
109 142
109 143
109 148
109 190
109 306
109 309
109 313
109 316
109 333
109 359
109 390
109 391
109 450
109 514
109 521
109 528
109 720
109 736
109 808
110 112
110 132
110 144
110 167
110 206
110 225
110 329
110 351
110 427
110 507
110 535
110 630
110 649
111 113
111 138
111 152
111 180
111 192
111 267
111 279
111 341
111 364
111 384
111 431
111 541
111 883
112 153
112 207
112 245
112 266
112 282
112 365
112 384
112 443
112 445
112 449
112 483
112 504
112 520
112 535
112 592
112 631
112 684
113 134
113 142
113 152
113 253
113 321
113 352
113 372
113 384
113 408
113 480
113 510
114 115
114 119
114 146
114 165
114 178
114 197
114 237
114 265
114 381
114 454
114 496
114 518
114 570
114 578
114 592
114 664
114 815
115 123
115 133
115 157
115 168
115 208
115 213
115 220
115 227
115 265
115 308
115 367
115 408
115 417
115 422
115 423
115 424
115 444
115 452
115 478
115 482
115 490
115 518
115 551
115 570
115 578
115 596
115 657
115 691
115 699
115 788
115 793
115 815
115 847
115 892
115 899
115 928
116 129
116 195
116 315
116 331
116 343
116 396
116 402
116 566
116 618
116 635
116 638
116 871
117 151
117 157
117 235
117 236
117 240
117 304
117 311
117 393
117 394
117 459
117 460
118 147
118 212
118 248
118 339
118 546
119 146
119 156
119 183
119 197
119 229
119 241
119 300
119 361
119 374
119 387
119 411
119 476
119 766
119 841
119 842
119 872
120 128
120 151
120 153
120 165
120 238
120 266
120 295
120 305
120 353
120 425
120 543
120 624
120 649
120 722
120 800
120 883
121 182
121 200
121 201
121 232
121 238
121 275
121 278
121 358
121 386
121 434
121 489
121 637
122 125
122 127
122 131
122 142
122 143
122 148
122 150
122 178
122 190
122 202
122 232
122 290
122 309
122 313
122 333
122 359
122 363
122 390
122 391
122 397
122 450
122 538
122 544
122 554
122 575
122 600
122 622
122 650
122 739
123 144
123 162
123 163
123 168
123 192
123 216
123 224
123 227
123 257
123 265
123 314
123 345
123 366
123 417
123 452
123 458
123 461
123 463
123 478
123 482
123 490
123 511
123 540
123 596
123 691
124 126
124 139
124 160
124 204
124 214
124 274
124 382
124 464
124 467
124 470
124 613
124 643
125 127
125 131
125 142
125 143
125 148
125 150
125 166
125 178
125 190
125 202
125 232
125 289
125 290
125 309
125 313
125 333
125 334
125 359
125 363
125 380
125 390
125 391
125 397
125 538
125 544
125 554
125 575
125 600
125 622
125 650
125 739
125 804
126 139
126 204
126 214
126 274
126 382
126 464
126 467
127 131
127 142
127 143
127 148
127 150
127 178
127 190
127 202
127 232
127 290
127 309
127 313
127 333
127 359
127 363
127 390
127 391
127 397
127 450
127 538
127 544
127 554
127 575
127 600
127 622
127 650
127 739
127 804
128 182
128 194
128 205
128 209
128 237
128 305
128 348
128 425
128 457
128 581
128 791
129 234
129 264
129 278
129 291
129 342
129 348
129 396
129 499
129 542
129 618
129 728
130 146
130 149
130 196
130 277
130 472
130 485
130 545
130 574
130 681
130 731
130 854
131 142
131 143
131 148
131 150
131 178
131 190
131 202
131 232
131 290
131 309
131 313
131 333
131 359
131 363
131 390
131 391
131 397
131 538
131 544
131 554
131 600
131 622
131 650
131 739
131 804
132 167
132 172
132 229
132 286
132 289
132 299
132 323
132 387
132 427
132 432
132 487
132 565
132 590
132 783
132 819
133 168
133 179
133 181
133 185
133 208
133 231
133 269
133 287
133 344
133 367
133 376
133 412
133 422
133 423
133 424
134 140
134 161
134 169
134 172
134 174
134 188
134 219
134 221
134 227
134 253
134 275
134 283
134 297
134 303
134 321
134 352
134 368
134 379
134 408
134 455
134 481
134 533
134 573
134 596
134 653
134 754
134 855
135 150
135 168
135 228
135 312
135 498
135 615
136 145
136 146
136 176
136 183
136 186
136 206
136 208
136 221
136 305
136 311
136 324
136 349
136 361
136 384
136 389
136 480
136 503
136 579
136 598
136 710
136 768
136 816
137 159
137 227
137 252
137 320
137 321
137 404
137 417
137 478
137 479
137 530
137 797
138 152
138 155
138 176
138 189
138 192
138 196
138 225
138 267
138 279
138 281
138 288
138 335
138 336
138 364
138 372
138 373
138 392
138 399
138 428
138 429
138 435
138 437
138 474
138 475
138 516
138 526
138 985
139 171
139 204
139 214
139 274
139 463
139 464
140 161
140 169
140 172
140 188
140 219
140 227
140 238
140 252
140 260
140 275
140 276
140 283
140 297
140 303
140 342
140 385
140 406
140 408
140 437
140 573
140 593
140 596
140 713
140 752
141 154
141 170
141 211
141 212
141 231
141 242
141 255
141 270
141 325
141 330
141 338
141 506
141 612
141 851
142 143
142 148
142 150
142 178
142 190
142 232
142 290
142 309
142 313
142 333
142 359
142 363
142 390
142 391
142 397
142 538
142 544
142 554
142 575
142 600
142 622
142 650
143 148
143 190
143 306
143 309
143 313
143 333
143 359
143 375
143 390
143 391
143 514
143 521
143 808
144 167
144 168
144 196
144 199
144 206
144 239
144 258
144 269
144 276
144 354
144 370
144 377
144 403
144 436
144 440
144 461
144 507
144 548
144 549
144 551
144 663
144 682
144 718
145 181
145 191
145 208
145 221
145 242
145 258
145 270
145 324
145 389
145 503
145 579
145 598
145 710
145 768
146 176
146 197
146 264
146 277
146 311
146 322
146 442
146 535
146 545
146 574
146 605
146 731
146 825
147 191
147 219
147 248
147 262
147 263
147 271
147 281
147 303
147 345
147 452
147 453
147 501
147 524
147 585
147 586
147 592
148 150
148 178
148 190
148 202
148 232
148 290
148 309
148 313
148 333
148 359
148 363
148 390
148 391
148 397
148 538
148 544
148 554
148 575
148 600
148 622
148 650
149 264
149 268
149 277
149 351
149 448
149 472
149 648
150 178
150 193
150 232
150 275
150 290
150 298
150 409
150 426
150 499
150 532
150 576
150 661
150 759
150 857
151 173
151 194
151 205
151 295
151 305
151 311
151 495
151 534
152 176
152 180
152 189
152 196
152 225
152 279
152 288
152 295
152 314
152 335
152 336
152 341
152 364
152 372
152 373
152 392
152 399
152 401
152 428
152 435
152 437
152 474
152 475
152 516
152 558
152 623
152 667
152 741
152 876
153 207
153 210
153 245
153 266
153 282
153 365
153 377
153 385
153 443
153 449
153 483
153 504
153 512
153 520
153 631
153 684
154 160
154 180
154 211
154 296
154 332
154 405
154 447
154 618
155 177
155 180
155 191
155 237
155 332
155 411
155 494
155 555
155 562
156 197
156 241
156 300
156 317
156 346
156 374
156 446
157 235
157 236
157 240
157 304
157 393
157 394
157 459
157 460
157 482
157 593
158 169
158 172
158 249
158 253
158 280
158 312
158 471
158 569
158 588
158 617
158 630
159 227
159 252
159 286
159 320
159 321
159 396
159 417
159 478
159 479
159 530
159 797
160 164
160 244
160 257
160 338
160 405
161 166
161 174
161 195
161 207
161 214
161 219
161 294
161 322
161 360
161 385
161 399
161 406
161 457
161 475
161 482
161 555
161 573
161 593
162 163
162 192
162 216
162 224
162 257
162 263
162 345
162 366
162 458
162 461
162 463
162 511
162 642
163 164
163 203
163 216
163 242
163 252
163 255
163 345
163 366
163 433
163 463
163 511
163 540
163 619
163 751
163 827
164 203
164 332
164 583
165 167
165 183
165 199
165 251
165 269
165 277
165 361
165 401
165 411
165 481
165 496
165 533
165 559
165 605
165 708
165 722
165 783
165 800
166 221
166 289
166 298
166 334
166 360
166 380
166 413
166 522
166 553
166 555
166 556
166 582
166 724
166 738
166 742
166 868
166 909
167 168
167 196
167 199
167 230
167 258
167 269
167 277
167 335
167 350
167 354
167 377
167 418
167 427
167 436
167 440
167 533
167 548
167 549
167 590
167 605
167 663
167 682
167 695
167 731
167 829
167 853
167 895
168 196
168 199
168 208
168 228
168 258
168 269
168 354
168 367
168 377
168 422
168 423
168 424
168 436
168 440
168 461
168 548
168 549
168 663
168 682
169 172
169 188
169 219
169 252
169 271
169 297
169 303
169 327
169 408
169 419
169 527
169 752
170 184
170 203
170 212
170 254
170 293
170 362
170 465
170 469
170 536
170 537
171 204
171 647
171 766
172 188
172 219
172 273
172 283
172 297
172 303
172 378
172 408
172 416
172 417
173 194
173 205
173 315
173 402
173 486
173 495
173 534
173 568
173 644
173 655
174 215
174 280
174 482
174 563
175 248
175 378
175 488
175 503
175 611
175 664
176 183
176 189
176 196
176 225
176 288
176 335
176 336
176 361
176 372
176 373
176 392
176 399
176 428
176 435
176 437
176 474
176 475
176 480
176 516
176 673
177 180
177 184
177 203
177 222
177 229
177 299
177 332
177 442
177 469
177 479
177 487
177 531
177 565
177 571
177 591
177 775
177 776
177 777
177 784
177 866
178 202
178 232
178 290
178 313
178 333
178 363
178 397
178 544
178 554
178 575
178 600
178 622
178 650
178 714
179 181
179 185
179 231
179 287
179 344
179 347
179 376
179 419
179 523
179 668
179 898
180 198
180 279
180 332
180 341
180 364
180 576
181 191
181 199
181 231
181 242
181 258
181 270
181 344
181 376
181 377
181 418
181 550
182 217
182 238
182 246
182 278
182 285
182 358
182 414
182 425
182 434
183 277
183 336
183 361
183 387
183 559
184 203
184 211
184 239
184 261
184 330
184 469
184 479
184 571
184 709
184 767
184 775
184 776
184 777
184 866
185 287
185 339
185 344
185 419
186 233
186 247
186 294
186 660
187 420
187 462
187 477
187 577
188 219
188 233
188 260
188 276
188 281
188 297
188 303
188 319
188 342
188 398
188 406
188 408
189 196
189 220
189 225
189 256
189 268
189 284
189 288
189 289
189 292
189 334
189 335
189 336
189 363
189 372
189 373
189 392
189 399
189 413
189 428
189 435
189 437
189 441
189 474
189 475
189 508
189 516
189 646
189 671
190 309
190 359
190 390
190 391
190 538
191 258
191 270
191 271
191 513
192 195
192 216
192 224
192 257
192 267
192 279
192 366
192 371
192 458
192 570
193 226
193 232
193 275
193 317
193 346
193 409
193 466
194 205
194 209
194 295
194 495
194 534
194 884
194 980
195 207
195 214
195 322
195 371
195 570
195 692
195 859
196 199
196 225
196 258
196 269
196 288
196 335
196 336
196 354
196 372
196 373
196 377
196 392
196 399
196 411
196 428
196 435
196 436
196 437
196 440
196 474
196 475
196 516
196 548
196 549
196 663
196 682
196 745
197 241
197 249
197 300
197 374
198 253
198 280
198 327
198 402
198 517
198 541
198 654
198 687
198 763
198 933
199 258
199 269
199 277
199 354
199 371
199 377
199 395
199 401
199 418
199 436
199 440
199 444
199 476
199 480
199 508
199 526
199 533
199 548
199 549
199 556
199 574
199 605
199 621
199 663
199 682
199 700
199 725
199 746
199 762
199 766
199 798
199 841
199 872
200 225
200 238
200 275
200 358
200 629
201 223
201 226
201 238
201 327
201 355
201 358
201 386
201 488
201 690
202 209
202 213
202 510
203 242
203 255
203 261
203 433
203 540
203 709
204 274
204 407
204 561
204 625
204 626
204 627
204 680
205 209
205 237
205 305
205 495
205 534
206 468
206 486
206 493
206 505
206 507
206 526
206 674
206 706
206 844
206 867
206 890
207 214
207 245
207 266
207 282
207 322
207 365
207 443
207 449
207 483
207 504
207 520
207 631
207 684
208 221
208 367
208 389
208 422
208 423
208 424
208 503
208 579
208 598
208 710
209 878
210 363
210 365
210 453
210 547
210 714
210 740
210 758
210 792
210 805
210 818
210 838
210 839
211 212
211 231
211 239
211 261
211 330
212 231
212 330
212 447
212 473
212 612
213 251
213 442
213 490
213 510
213 699
213 726
213 806
213 810
213 899
214 322
214 464
215 356
215 369
215 438
215 454
215 472
215 518
215 541
215 563
215 570
215 578
215 765
215 781
216 218
216 224
216 257
216 267
216 345
216 366
216 405
216 458
216 463
216 511
216 659
217 246
217 285
217 414
218 257
218 405
218 715
219 230
219 265
219 303
219 353
219 385
219 406
219 408
219 481
219 502
219 518
219 713
219 785
219 950
220 256
220 284
220 289
220 292
220 308
220 334
220 335
220 381
220 408
220 413
220 441
220 444
220 494
220 508
220 551
220 580
220 646
220 657
220 698
220 817
221 292
221 349
221 389
221 481
221 503
221 533
221 579
221 582
221 724
221 742
221 754
221 759
221 855
222 250
222 616
222 640
222 648
222 767
222 799
222 943
223 226
223 301
223 386
223 388
223 473
223 665
223 686
223 701
223 730
223 945
223 952
224 257
224 314
224 366
224 433
224 458
224 540
225 288
225 335
225 336
225 372
225 373
225 392
225 399
225 428
225 435
225 437
225 474
225 475
225 516
225 974
226 232
226 270
226 355
226 388
226 473
226 587
226 629
226 749
226 929
227 265
227 275
227 283
227 320
227 321
227 350
227 417
227 444
227 452
227 478
227 482
227 490
227 530
227 596
227 691
227 797
228 301
228 312
228 324
228 340
228 492
228 498
228 507
228 552
228 569
228 598
228 674
228 789
228 790
228 803
228 864
228 897
228 921
228 934
228 935
229 299
229 325
229 349
229 429
229 487
229 531
229 565
229 566
229 632
229 641
229 717
229 784
230 241
230 335
230 353
230 484
230 502
230 560
230 695
230 830
230 950
230 973
231 344
231 376
231 412
232 290
232 386
233 247
233 248
233 260
233 276
233 294
233 310
233 319
233 342
233 398
233 426
233 499
233 515
233 528
234 396
234 603
235 236
235 240
235 304
235 393
235 394
235 459
235 460
236 240
236 304
236 393
236 394
236 459
236 460
237 305
237 311
237 389
237 592
238 275
238 340
238 342
238 358
239 261
239 293
239 330
239 370
239 403
239 481
240 304
240 393
240 394
240 459
240 460
241 300
241 374
241 418
241 551
241 766
241 830
242 255
242 258
242 268
242 325
242 433
242 506
242 540
242 584
243 356
243 438
243 471
243 472
243 539
243 825
243 949
244 357
245 266
245 282
245 283
245 425
245 443
245 449
245 483
245 504
245 505
245 520
245 633
245 705
245 837
246 285
246 291
246 318
246 414
246 676
247 260
247 276
247 283
247 294
247 307
247 310
247 319
247 322
247 342
247 348
247 383
247 426
247 445
247 499
247 512
247 515
247 528
247 597
247 616
247 656
247 702
247 707
247 774
247 778
247 802
247 814
248 259
248 420
248 477
248 719
249 299
249 564
249 601
250 272
250 772
251 380
251 395
251 401
251 592
251 611
251 726
251 773
251 852
252 303
252 321
252 337
252 493
252 713
252 752
252 918
253 256
253 280
253 321
253 352
253 353
253 387
253 411
253 562
253 652
253 748
254 362
254 442
254 465
254 500
254 536
254 537
255 268
255 325
255 433
255 506
255 540
255 584
255 851
256 280
256 284
256 289
256 292
256 295
256 334
256 381
256 387
256 413
256 441
256 508
256 646
257 366
257 405
257 458
258 269
258 270
258 354
258 377
258 418
258 436
258 440
258 548
258 549
258 663
258 682
259 330
259 395
259 420
259 462
259 541
259 723
259 836
259 923
260 276
260 303
260 310
260 319
260 342
260 398
260 426
260 499
260 515
260 528
261 270
261 330
261 697
262 293
262 395
262 507
262 585
263 281
263 524
263 642
264 278
264 348
264 351
264 448
264 542
264 865
265 314
265 387
265 417
265 444
265 452
265 454
265 478
265 482
265 490
265 491
265 518
265 596
265 691
265 785
266 282
266 365
266 443
266 449
266 483
266 504
266 520
266 624
266 631
266 684
267 279
267 369
267 659
268 325
269 277
269 301
269 354
269 377
269 397
269 436
269 440
269 450
269 510
269 533
269 548
269 549
269 587
269 595
269 605
269 616
269 663
269 682
269 694
269 695
269 829
269 853
269 895
270 546
271 307
271 322
271 380
271 381
271 513
271 527
272 432
272 435
272 690
272 910
273 343
273 410
273 416
273 417
273 530
274 474
274 639
275 283
275 358
275 409
275 465
275 596
275 793
276 303
276 310
276 342
276 426
276 437
276 499
276 507
276 515
276 528
277 472
277 545
277 605
277 731
278 348
278 431
278 434
278 489
278 542
278 637
278 760
278 889
279 341
279 364
280 329
280 378
280 448
280 748
281 303
281 373
281 380
281 384
281 452
281 453
281 509
282 365
282 443
282 449
282 483
282 504
282 520
282 631
283 297
283 319
283 445
283 484
283 485
283 512
283 535
283 596
283 597
283 707
283 778
283 802
283 837
284 289
284 292
284 334
284 381
284 387
284 413
284 441
284 508
284 634
284 646
284 670
285 318
285 414
285 492
286 296
286 343
286 374
286 717
286 761
286 873
286 874
287 344
287 419
287 898
288 335
288 336
288 351
288 372
288 373
288 392
288 399
288 428
288 435
288 437
288 474
288 475
288 516
289 292
289 334
289 413
289 441
289 508
289 522
289 556
289 646
289 738
289 909
290 313
290 333
290 363
290 397
290 522
290 544
290 554
290 575
290 600
290 622
290 650
291 294
291 389
291 400
291 457
291 513
291 676
292 334
292 381
292 413
292 415
292 441
292 508
292 646
292 796
293 410
293 469
293 769
294 307
294 348
295 305
295 558
295 741
295 914
296 332
296 447
297 303
297 319
297 418
297 455
297 484
297 485
297 535
297 567
297 694
297 770
297 837
297 907
298 380
298 413
298 472
298 576
298 661
298 738
298 763
299 323
299 442
299 487
299 565
299 591
299 819
299 893
300 476
300 547
300 595
300 842
301 416
301 432
301 480
301 498
301 510
301 525
301 533
301 604
301 610
301 620
301 629
301 675
301 679
301 694
301 729
301 746
301 747
301 766
301 770
301 791
301 798
301 809
301 810
301 811
301 849
301 904
301 905
302 439
302 645
303 408
303 453
303 713
303 752
304 459
304 460
305 311
306 313
306 333
306 514
306 521
307 322
307 616
307 702
307 774
307 814
308 335
308 408
308 444
308 551
308 580
308 657
308 698
308 788
308 817
309 341
309 359
309 375
309 390
309 391
309 412
310 342
310 426
310 484
310 499
310 515
310 528
310 946
310 947
312 471
312 498
312 552
312 569
312 588
312 617
312 630
312 674
312 864
312 921
313 333
313 363
313 514
313 521
313 600
314 403
314 496
314 540
314 623
314 667
314 676
315 343
315 396
315 402
315 568
315 589
315 644
315 654
315 655
315 662
315 750
316 450
316 528
316 704
316 712
316 720
316 735
316 736
316 755
316 831
316 832
316 833
316 834
316 835
317 346
317 446
317 466
318 414
318 556
318 651
318 757
319 342
319 395
319 398
319 445
319 592
319 597
319 707
319 778
319 802
319 837
320 321
320 326
320 352
320 417
320 478
320 519
320 524
320 530
320 695
320 797
321 352
321 404
321 417
321 478
321 509
321 530
321 721
321 797
322 381
322 616
322 702
322 774
322 814
323 565
323 916
324 340
324 389
324 492
324 503
324 579
324 856
325 506
325 632
325 711
325 851
326 352
326 404
326 418
326 480
326 515
326 532
326 620
326 675
326 721
326 813
326 944
327 419
327 527
327 541
327 572
328 420
328 462
328 473
328 477
328 577
328 602
328 678
329 351
329 355
329 356
329 378
329 448
329 717
329 787
329 850
330 369
330 915
331 493
331 566
331 635
331 638
331 871
332 662
333 363
333 514
333 521
333 600
334 413
334 441
334 508
334 522
334 556
334 646
334 738
335 336
335 372
335 373
335 392
335 399
335 408
335 428
335 435
335 437
335 444
335 474
335 475
335 516
335 580
335 698
336 372
336 373
336 387
336 392
336 399
336 411
336 419
336 428
336 435
336 437
336 474
336 475
336 516
336 574
336 708
336 787
337 612
337 869
338 455
338 936
339 344
339 576
340 375
340 386
340 410
340 492
340 760
341 362
341 364
341 412
342 398
342 426
342 499
342 515
342 528
342 699
343 530
343 589
343 662
343 750
343 761
343 809
344 376
345 366
345 410
345 433
345 463
345 511
345 619
346 434
346 446
346 466
347 523
347 668
347 737
347 860
347 861
347 879
348 457
348 542
348 581
348 865
349 444
349 599
349 677
349 706
349 816
350 363
350 368
350 418
350 727
350 830
350 891
350 971
351 448
351 717
351 850
352 379
352 404
352 418
352 515
352 532
352 721
352 813
352 944
353 438
353 502
353 549
353 628
353 672
353 695
353 817
353 877
353 950
353 973
354 376
354 377
354 383
354 436
354 440
354 548
354 549
354 552
354 615
354 663
354 671
354 682
354 948
355 356
355 388
355 476
355 547
355 601
355 745
355 749
355 843
356 541
356 697
356 787
357 666
358 560
358 756
358 786
359 390
359 391
359 680
359 696
360 555
360 801
362 412
362 465
362 536
362 537
363 432
363 478
363 600
363 671
363 700
363 714
363 740
363 758
363 762
363 792
363 805
363 818
363 838
363 839
363 888
363 901
363 971
365 395
365 443
365 449
365 483
365 512
365 592
366 458
366 463
366 511
367 369
367 422
367 423
367 424
368 379
368 440
368 450
368 455
368 456
368 653
368 732
368 798
368 891
369 454
369 518
369 529
369 539
369 716
370 403
370 458
371 385
371 395
371 570
371 621
372 373
372 392
372 399
372 401
372 428
372 435
372 437
372 474
372 475
372 516
372 558
372 741
372 876
373 392
373 399
373 428
373 435
373 437
373 474
373 475
373 516
373 699
374 562
374 693
374 717
374 875
374 982
375 614
375 629
375 754
375 863
376 383
376 671
376 961
377 418
377 436
377 440
377 548
377 549
377 559
377 663
377 682
377 692
378 448
378 685
379 445
379 450
379 455
379 653
379 732
380 480
380 510
381 441
382 470
382 613
383 409
383 499
383 512
383 654
383 656
383 671
384 408
384 487
384 509
384 672
384 693
384 882
385 573
385 593
385 713
385 887
386 730
386 760
387 411
387 562
387 652
388 730
388 749
389 503
389 579
389 598
389 710
389 768
390 391
392 399
392 428
392 431
392 435
392 437
392 474
392 475
392 516
393 394
395 592
395 621
396 402
397 450
397 476
397 538
397 544
397 587
397 595
398 812
398 906
399 428
399 429
399 435
399 437
399 474
399 475
399 516
400 910
401 558
401 681
401 876
402 568
402 644
402 654
403 458
404 418
404 509
406 624
406 680
407 561
407 625
407 626
407 627
408 444
408 508
408 551
408 580
408 657
408 698
408 715
408 762
408 788
408 817
409 744
409 824
409 857
410 531
411 419
411 533
411 562
411 652
411 708
411 745
411 787
413 441
413 508
413 646
413 664
414 634
415 796
416 417
416 610
416 679
416 729
416 747
416 809
416 811
416 849
417 452
417 478
417 482
417 490
417 530
417 596
417 691
417 797
418 907
419 527
419 573
419 708
419 787
420 462
420 477
420 517
420 577
420 602
420 678
420 723
420 836
421 468
421 606
421 607
421 608
421 609
422 423
422 424
423 424
425 649
425 997
426 499
426 515
426 528
426 946
426 947
427 590
428 435
428 437
428 474
428 475
428 516
429 435
429 437
429 526
429 680
429 985
430 488
431 639
431 745
431 760
431 883
431 889
431 969
432 478
432 486
432 523
432 529
432 533
432 670
432 688
432 689
432 690
432 700
432 706
432 737
432 746
432 762
432 766
432 783
432 798
432 867
432 879
432 888
432 901
432 905
433 540
433 619
434 489
434 598
434 637
434 942
434 959
434 960
435 437
435 474
435 475
435 516
436 440
436 502
436 548
436 549
436 663
436 682
437 474
437 475
437 516
437 680
438 541
438 628
438 672
438 765
438 781
438 830
440 548
440 549
440 663
440 682
440 848
441 491
441 508
441 556
441 646
441 652
441 733
441 984
442 565
442 591
442 893
443 449
443 483
443 504
443 520
443 631
444 476
444 480
444 482
444 508
444 533
444 551
444 556
444 580
444 657
444 661
444 698
444 700
444 705
444 725
444 746
444 754
444 759
444 762
444 788
444 798
444 817
444 841
444 900
444 917
445 504
445 512
445 597
445 707
445 732
445 773
445 778
445 802
447 469
448 717
448 850
449 483
449 504
449 520
449 631
450 528
450 538
450 575
450 720
450 732
450 736
451 499
451 659
451 743
452 478
452 482
452 490
452 596
452 691
453 501
453 586
454 518
454 570
454 578
454 664
454 807
454 880
454 881
455 456
455 653
455 710
455 754
455 855
455 936
456 754
456 855
457 475
457 520
457 581
459 460
461 512
462 477
462 517
462 577
462 602
462 678
463 511
463 751
465 536
465 537
465 793
468 606
468 607
468 608
468 609
468 844
468 890
469 479
469 670
470 613
470 643
471 569
471 588
471 617
471 630
471 825
472 628
472 681
472 763
473 629
473 929
474 475
474 516
475 516
476 480
476 508
476 533
476 547
476 595
476 601
476 708
476 725
476 745
476 783
476 841
476 842
476 843
476 845
476 902
477 517
477 577
477 602
477 678
478 482
478 490
478 530
478 596
478 691
478 700
478 762
478 775
478 797
478 840
478 888
478 901
478 919
479 688
479 878
480 508
480 515
480 533
480 556
480 629
480 679
480 700
480 725
480 746
480 754
480 762
480 798
480 841
480 900
480 917
481 533
481 559
481 754
481 855
482 490
482 580
482 596
482 691
482 699
483 504
483 520
483 631
484 491
484 560
485 535
485 837
485 903
485 968
486 493
486 505
486 674
486 706
486 737
486 867
487 565
487 693
487 819
488 730
489 603
489 637
490 596
490 691
490 699
490 726
490 810
490 899
491 508
491 560
491 594
491 749
491 984
492 561
492 753
492 782
493 703
493 706
495 534
497 612
498 507
498 552
498 557
498 569
498 674
498 694
498 864
498 921
498 934
498 935
498 964
499 515
499 528
501 586
502 549
502 557
502 695
502 877
502 950
502 973
503 579
503 598
503 710
503 768
504 520
504 773
505 526
505 653
505 706
505 867
506 851
508 533
508 646
508 652
508 661
508 725
508 759
508 762
508 841
508 984
509 617
510 694
512 656
512 778
513 581
514 521
515 528
515 532
515 721
517 577
517 602
517 678
517 687
517 763
517 933
518 570
518 578
518 664
518 785
518 815
518 880
518 881
522 556
522 734
522 738
522 909
523 668
524 695
524 718
524 829
525 552
525 558
525 567
525 604
525 651
525 694
525 770
525 813
526 574
526 714
526 985
528 720
528 736
528 946
528 947
529 539
529 614
529 688
529 716
529 794
529 795
530 797
530 847
531 784
531 894
532 661
532 721
533 556
533 695
533 700
533 708
533 725
533 746
533 754
533 762
533 766
533 798
533 829
533 841
533 853
533 855
533 872
533 895
533 900
533 905
533 917
535 633
535 722
536 537
538 575
538 739
539 614
539 688
539 716
539 794
539 795
541 765
541 781
541 923
542 580
542 621
542 884
543 572
543 674
543 982
544 575
545 731
545 854
547 595
547 601
547 745
547 843
548 549
548 663
548 682
549 663
549 682
549 877
550 584
550 671
551 657
551 718
552 569
552 615
552 658
552 674
552 864
552 921
552 948
553 593
553 796
553 868
554 622
555 703
556 594
556 652
556 680
556 700
556 733
556 738
556 746
556 762
556 764
556 798
556 909
556 920
556 987
557 669
557 695
557 941
557 964
558 604
558 651
558 876
558 904
559 651
559 722
560 786
561 624
561 625
561 626
561 627
562 652
562 693
562 708
562 875
564 673
565 591
565 819
565 893
566 638
566 717
566 769
567 694
567 770
567 907
568 644
568 655
569 588
569 617
569 630
569 674
569 864
569 921
570 578
570 815
571 636
571 775
571 776
571 777
571 866
571 870
573 593
573 699
574 756
575 650
576 630
576 661
577 602
577 678
578 664
578 815
578 880
578 881
579 598
579 710
579 803
580 698
580 788
580 817
580 990
582 724
582 742
582 972
584 671
587 595
588 617
588 630
589 662
589 703
589 750
591 893
592 633
592 852
593 932
594 652
594 733
594 920
594 987
596 691
597 707
597 778
597 802
598 710
598 789
598 790
598 803
598 942
598 959
598 960
599 908
599 974
600 679
601 685
601 745
601 843
602 678
602 989
604 620
604 675
604 770
604 904
604 938
604 976
606 607
606 608
606 609
607 608
607 609
608 609
610 679
610 729
610 747
610 809
610 811
610 849
611 726
611 773
614 688
614 716
614 794
614 795
615 948
616 648
616 702
616 774
616 814
617 630
617 896
619 751
619 827
619 995
620 651
620 658
620 675
623 667
624 649
624 924
625 626
625 627
626 627
628 672
629 679
629 807
629 929
632 807
633 705
633 722
635 636
635 638
635 871
636 870
639 656
640 767
640 799
640 943
641 922
649 924
649 997
651 675
652 708
652 733
652 920
652 987
653 848
656 843
657 687
658 675
659 966
659 967
661 759
661 762
662 750
663 682
664 880
664 881
665 686
665 952
667 765
669 743
669 941
669 981
670 737
672 882
674 700
674 706
674 725
674 820
674 864
674 867
674 885
674 921
674 926
674 927
674 934
674 982
674 998
679 729
679 747
679 809
679 811
679 849
680 696
683 856
686 701
687 763
687 930
687 933
688 716
688 794
688 795
688 878
689 771
689 828
689 862
692 859
693 875
694 729
694 747
694 770
694 791
695 718
695 829
695 853
695 895
695 973
696 772
696 962
699 899
700 725
700 746
700 762
700 775
700 798
700 820
700 840
700 885
700 888
700 901
700 919
700 926
700 927
701 945
702 774
702 814
704 712
704 735
704 755
704 831
704 832
704 833
704 834
704 835
704 846
704 912
704 913
705 722
706 737
706 867
707 778
707 802
708 783
708 787
708 845
708 902
710 803
711 879
712 735
712 755
712 831
712 832
712 833
712 834
712 835
713 752
714 740
714 758
714 792
714 805
714 818
714 838
714 839
716 794
716 795
717 850
718 829
719 905
720 736
721 944
723 836
724 742
724 972
725 746
725 754
725 820
725 841
725 885
725 900
725 917
725 926
725 927
725 992
726 773
726 810
727 780
727 821
727 822
727 823
729 747
729 791
729 809
729 811
729 849
731 853
733 920
735 755
735 831
735 832
735 833
735 834
735 835
735 912
735 913
737 867
737 879
740 758
740 792
740 805
740 818
740 838
740 839
740 931
741 914
742 759
743 981
744 824
744 857
745 775
745 843
745 969
745 986
746 754
746 762
746 766
746 798
746 841
746 872
746 900
746 905
746 917
747 791
747 809
747 811
747 849
751 827
753 757
753 782
753 965
754 855
754 900
754 917
755 779
755 806
755 831
755 832
755 833
755 834
755 835
755 939
757 782
757 991
758 792
758 805
758 818
758 838
758 839
759 762
760 889
761 873
761 874
762 798
762 888
762 901
763 886
763 930
764 800
766 798
766 841
766 872
766 905
767 799
771 828
771 862
774 814
775 776
775 777
775 840
775 866
775 888
775 919
775 986
776 777
776 866
776 937
777 866
778 802
779 806
779 820
779 858
779 885
779 922
779 939
779 940
779 955
779 994
780 821
780 822
780 823
780 826
780 868
782 965
783 845
783 902
785 793
787 845
787 902
788 817
788 847
788 892
789 790
790 803
790 897
790 915
792 805
792 818
792 838
792 839
793 928
794 795
798 905
801 816
803 897
805 818
805 838
805 839
806 858
809 811
809 849
811 849
812 906
813 858
818 838
818 839
820 885
820 911
820 926
820 927
820 939
820 955
820 956
820 957
820 958
821 822
821 823
822 823
826 868
828 862
829 853
829 895
831 832
831 833
831 834
831 835
832 833
832 834
832 835
833 834
833 835
834 835
838 839
840 887
840 888
840 919
840 925
840 938
840 953
840 954
840 975
841 872
844 890
845 902
847 892
848 872
853 895
855 886
855 901
858 940
860 861
864 921
864 935
873 874
877 999
880 881
884 980
885 926
885 927
885 939
885 955
886 901
886 930
887 925
887 953
887 954
888 901
888 919
900 917
900 992
903 968
904 938
904 976
911 956
911 957
911 958
911 977
911 978
911 979
912 913
919 932
919 996
922 994
925 938
925 953
925 954
925 975
926 927
932 996
938 975
939 955
942 959
942 960
946 947
951 970
951 993
953 954
956 957
956 958
957 958
959 960
963 983
966 967
970 993
977 978
977 979
978 979
