0 114
0 129
0 134
0 145
0 152
0 186
0 201
0 208
0 247
0 248
0 287
0 347
0 399
0 408
0 411
0 464
0 466
0 483
0 498
0 502
0 504
0 514
0 559
0 563
0 602
0 606
0 637
0 639
0 675
0 686
0 710
0 715
0 719
0 729
0 741
0 747
0 754
0 781
0 782
0 795
0 830
0 839
0 857
0 867
0 905
0 943
1 28
1 53
1 82
1 83
1 85
1 109
1 112
1 113
1 127
1 315
1 317
1 326
1 476
1 501
1 510
1 570
1 593
1 632
1 703
1 716
1 739
1 818
1 833
1 928
2 3
2 39
2 63
2 136
2 220
2 242
2 249
2 276
2 280
2 316
2 479
2 522
2 537
2 640
2 655
2 657
2 722
2 909
2 915
2 948
2 969
3 8
3 108
3 120
3 162
3 239
3 269
3 312
3 332
3 336
3 363
3 395
3 396
3 457
3 512
3 661
3 673
3 863
3 864
3 929
3 996
4 74
4 89
4 192
4 252
4 277
4 285
4 337
4 461
4 493
4 547
4 589
4 692
4 708
4 709
4 738
4 764
4 812
4 831
4 930
5 19
5 26
5 51
5 67
5 71
5 75
5 77
5 168
5 184
5 193
5 199
5 227
5 271
5 438
5 526
5 624
5 658
5 731
5 937
6 80
6 96
6 132
6 169
6 203
6 565
6 575
6 577
6 634
6 642
6 674
6 690
6 736
6 793
6 880
6 939
6 945
7 40
7 103
7 167
7 244
7 281
7 309
7 351
7 368
7 508
7 579
7 600
7 744
7 749
7 829
7 847
7 883
7 993
8 43
8 84
8 150
8 151
8 159
8 334
8 388
8 420
8 638
8 785
9 30
9 46
9 94
9 138
9 158
9 273
9 392
9 538
9 558
9 576
9 755
9 792
9 921
10 55
10 172
10 235
10 268
10 270
10 360
10 636
10 761
10 911
10 916
10 961
10 998
11 27
11 35
11 47
11 48
11 66
11 98
11 104
11 153
11 259
11 267
11 292
11 299
11 454
11 701
12 170
12 174
12 323
12 397
12 403
12 453
12 488
12 594
12 663
12 796
12 798
12 885
12 968
12 987
13 69
13 191
13 204
13 503
13 515
13 557
13 635
13 652
13 827
13 952
14 95
14 118
14 190
14 314
14 343
14 350
14 524
14 543
14 569
14 711
14 734
14 820
14 843
15 39
15 207
15 295
15 298
15 387
15 427
15 541
15 556
15 578
15 874
15 875
15 925
15 989
16 118
16 124
16 278
16 307
16 495
16 531
16 585
16 713
16 750
16 802
16 856
16 927
16 990
17 52
17 62
17 346
17 353
17 567
17 581
17 613
17 618
17 726
17 771
17 931
17 950
17 997
18 55
18 102
18 187
18 257
18 305
18 341
18 357
18 592
18 662
18 762
18 919
18 976
19 35
19 394
19 404
19 418
19 494
19 553
19 691
19 725
20 41
20 147
20 178
20 349
20 425
20 434
20 519
20 562
20 584
20 629
20 850
21 55
21 110
21 203
21 458
21 470
21 492
21 665
21 721
21 804
21 892
21 936
22 62
22 264
22 354
22 507
22 517
22 580
22 587
22 851
22 855
22 926
22 970
23 202
23 215
23 375
23 383
23 432
23 449
23 620
23 660
23 693
23 763
23 983
24 79
24 290
24 611
25 66
25 154
25 156
25 175
25 603
25 683
25 766
25 888
25 899
25 912
26 181
26 274
26 737
26 805
26 887
27 59
27 128
27 568
27 645
27 807
27 816
27 891
27 951
27 957
28 146
28 163
28 300
28 448
28 487
28 790
28 811
28 860
28 965
29 97
29 122
29 342
29 480
29 544
29 588
30 75
30 180
30 184
30 780
30 810
30 870
30 877
30 914
30 973
31 38
31 70
31 91
31 255
31 426
31 554
31 621
31 659
31 922
32 71
32 141
32 153
32 161
32 263
32 622
32 644
32 767
32 935
33 74
33 88
33 272
33 380
33 497
33 516
33 545
33 653
33 947
34 42
34 221
34 265
34 288
34 402
34 625
34 799
34 923
34 954
35 90
35 123
35 205
35 238
35 271
35 647
36 68
36 261
36 384
36 463
36 700
36 740
36 746
36 889
37 144
37 230
37 471
37 528
37 902
38 215
38 356
38 571
38 572
38 748
38 849
38 920
39 58
39 124
39 211
39 232
39 278
39 826
40 340
40 574
40 733
40 779
40 814
40 841
40 953
41 372
41 398
41 414
41 482
41 641
41 858
41 960
42 109
42 473
42 573
42 628
42 676
42 824
42 967
43 861
43 865
44 304
44 339
44 419
44 582
44 751
44 809
44 886
45 597
45 615
45 654
45 753
45 769
45 835
45 894
46 121
46 651
46 679
47 119
47 133
47 505
47 626
47 627
47 643
48 435
48 446
48 614
48 743
48 772
48 949
49 70
49 358
49 465
49 477
49 506
49 918
49 988
50 74
50 481
50 500
50 732
50 924
50 978
50 991
51 704
51 745
51 756
52 371
52 442
52 586
52 607
52 808
53 61
53 253
53 421
53 668
53 819
54 145
54 294
54 444
54 474
54 523
54 784
55 328
55 560
55 845
56 76
56 86
56 205
56 293
56 698
56 848
57 66
57 231
57 234
57 282
57 650
57 689
58 64
58 254
58 361
58 389
58 895
59 253
59 345
59 456
59 757
59 904
60 141
60 219
60 254
60 422
60 881
60 906
61 228
61 469
61 520
61 633
61 917
62 73
62 74
62 355
62 940
63 429
63 472
63 714
63 800
63 942
64 702
64 813
64 879
64 884
64 980
65 68
65 381
65 386
65 439
65 872
65 985
66 178
66 196
66 313
67 410
67 415
68 137
68 155
68 529
70 385
70 666
70 776
71 209
71 688
71 788
72 313
72 509
72 596
72 789
72 815
73 264
73 490
73 599
73 728
74 107
75 191
75 837
75 852
76 433
77 330
77 379
77 400
77 468
78 106
78 308
78 727
78 797
78 910
79 267
79 437
79 794
79 956
80 93
80 197
80 416
80 962
81 270
81 527
81 534
81 550
81 964
82 213
82 362
82 450
82 467
83 333
83 431
83 617
83 979
84 423
84 862
84 982
85 140
85 631
85 694
85 992
86 348
87 230
87 263
87 401
87 630
88 117
88 440
88 443
89 412
89 564
89 712
90 139
90 366
90 649
91 250
91 619
91 705
92 179
92 279
92 364
92 758
93 374
93 409
93 765
94 539
94 760
95 566
95 682
95 759
96 548
96 697
96 699
97 142
97 149
97 176
98 266
98 275
98 286
99 185
99 258
99 373
99 832
100 238
100 834
101 107
101 109
101 179
101 335
102 212
102 214
102 846
103 214
103 369
103 853
104 189
104 283
104 806
105 245
105 256
105 869
105 893
106 130
106 441
106 896
107 828
107 908
108 120
108 162
108 269
109 455
110 365
110 535
110 941
111 195
111 331
111 370
111 486
112 817
112 878
112 955
113 141
113 306
113 462
114 451
114 933
114 963
115 183
115 311
115 958
115 971
116 298
116 318
116 591
116 903
117 121
117 536
117 994
118 677
118 999
119 188
119 390
120 239
123 149
123 561
124 216
125 190
125 491
125 669
126 233
126 485
127 681
127 696
128 143
128 223
129 452
129 678
130 131
130 612
131 237
131 540
132 180
132 718
133 302
133 583
134 511
134 601
135 246
135 525
135 667
136 183
136 773
137 752
137 774
138 377
139 213
139 801
140 717
140 803
142 783
143 233
143 262
144 499
144 730
145 478
146 646
146 656
147 521
147 610
148 160
148 173
148 376
149 329
151 393
151 868
152 670
152 882
153 291
154 460
154 842
155 720
155 890
156 532
156 898
157 242
157 742
157 901
159 240
160 225
160 301
161 162
161 382
163 775
163 907
164 172
165 299
165 932
165 938
166 210
166 292
166 944
167 216
167 946
168 518
168 823
169 304
169 623
170 391
170 695
171 177
171 241
171 310
173 459
173 974
174 966
174 975
175 321
175 407
176 352
177 324
177 428
178 821
181 314
182 243
182 424
185 186
187 447
188 189
192 475
194 344
194 496
195 319
196 533
197 546
198 311
198 549
199 367
200 225
200 489
201 555
202 430
204 235
206 207
206 413
208 406
209 605
210 327
211 608
212 616
217 218
217 226
218 244
219 552
220 609
221 436
222 247
222 289
223 224
224 229
226 265
227 680
228 324
231 405
232 551
234 236
236 723
237 724
241 735
243 260
245 291
246 604
248 768
249 770
250 777
251 322
251 778
252 595
255 378
257 320
258 822
259 260
261 825
266 648
272 325
273 836
275 838
276 840
277 844
279 854
280 859
281 542
282 297
283 284
284 791
285 871
286 873
287 876
288 289
290 359
293 897
294 900
295 913
296 297
296 417
300 338
301 513
303 317
303 934
305 445
306 530
307 664
308 959
309 866
310 598
312 972
315 977
316 981
318 590
319 984
320 986
321 484
322 323
325 995
326 687
671 672
684 685
706 707
786 787
