0 11
0 17
0 30
0 31
0 35
0 36
0 43
0 55
0 61
0 64
0 65
0 67
0 72
0 82
0 84
0 88
0 94
0 102
0 105
0 117
0 118
0 120
0 128
0 129
0 130
0 132
0 137
0 139
0 142
0 144
0 145
0 149
0 161
0 168
0 180
0 192
0 196
0 198
0 203
0 210
0 215
0 217
0 219
0 221
0 223
0 226
0 227
0 228
0 235
0 247
0 250
0 251
0 272
0 281
0 290
0 294
0 300
0 313
0 333
0 341
0 351
0 352
0 361
0 366
0 371
0 374
0 376
0 382
0 386
0 390
0 392
0 398
0 406
0 409
0 410
0 424
0 432
0 442
0 490
0 492
0 496
0 616
0 639
0 676
0 702
0 743
0 874
0 912
0 926
1 8
1 17
1 21
1 35
1 40
1 47
1 53
1 55
1 63
1 76
1 78
1 80
1 82
1 108
1 113
1 141
1 142
1 145
1 152
1 154
1 167
1 179
1 187
1 188
1 191
1 193
1 199
1 243
1 248
1 250
1 269
1 291
1 312
1 321
1 351
1 366
1 371
1 377
1 397
1 403
1 404
1 405
1 417
1 427
1 434
1 444
1 471
1 480
1 528
1 577
1 578
1 612
1 695
1 730
1 737
1 796
1 905
1 948
1 966
1 989
2 17
2 21
2 31
2 35
2 36
2 53
2 61
2 63
2 64
2 65
2 67
2 70
2 78
2 82
2 84
2 88
2 89
2 102
2 115
2 116
2 120
2 128
2 129
2 132
2 137
2 144
2 149
2 154
2 164
2 171
2 172
2 198
2 199
2 203
2 205
2 206
2 211
2 226
2 232
2 233
2 235
2 239
2 245
2 252
2 272
2 283
2 285
2 290
2 306
2 333
2 352
2 366
2 385
2 388
2 390
2 409
2 410
2 442
2 466
2 531
2 559
2 607
2 635
2 658
2 700
2 768
2 983
3 17
3 18
3 31
3 35
3 36
3 41
3 43
3 48
3 53
3 61
3 63
3 65
3 67
3 84
3 98
3 105
3 113
3 116
3 117
3 132
3 139
3 142
3 149
3 150
3 152
3 172
3 173
3 192
3 205
3 218
3 229
3 232
3 239
3 249
3 252
3 255
3 270
3 276
3 283
3 285
3 296
3 306
3 334
3 356
3 361
3 384
3 388
3 459
3 487
3 491
3 493
3 495
3 496
3 512
3 657
3 679
3 682
3 715
3 941
3 980
4 31
4 34
4 35
4 36
4 40
4 46
4 48
4 53
4 55
4 64
4 67
4 82
4 84
4 98
4 118
4 120
4 129
4 131
4 132
4 142
4 145
4 149
4 153
4 154
4 161
4 192
4 198
4 199
4 206
4 211
4 221
4 227
4 231
4 235
4 239
4 280
4 281
4 313
4 321
4 329
4 345
4 351
4 360
4 363
4 377
4 382
4 387
4 390
4 398
4 428
4 466
4 492
4 531
4 615
4 639
4 666
4 672
4 822
4 867
4 881
5 17
5 21
5 30
5 40
5 48
5 49
5 60
5 63
5 64
5 67
5 68
5 77
5 94
5 114
5 115
5 118
5 135
5 139
5 142
5 145
5 152
5 157
5 158
5 161
5 166
5 167
5 168
5 180
5 188
5 191
5 193
5 220
5 223
5 241
5 248
5 250
5 256
5 260
5 270
5 282
5 309
5 339
5 342
5 347
5 411
5 421
5 516
5 519
5 566
5 602
5 616
5 645
5 686
5 705
5 872
5 954
6 17
6 31
6 34
6 35
6 36
6 48
6 53
6 64
6 65
6 67
6 82
6 102
6 105
6 113
6 116
6 117
6 129
6 132
6 139
6 149
6 158
6 161
6 173
6 187
6 191
6 196
6 221
6 232
6 235
6 241
6 252
6 276
6 281
6 286
6 290
6 294
6 317
6 324
6 326
6 344
6 365
6 455
6 528
6 541
6 547
6 566
6 606
6 657
6 736
6 763
6 889
6 917
6 939
6 991
7 12
7 17
7 35
7 40
7 45
7 48
7 52
7 63
7 67
7 68
7 80
7 95
7 105
7 107
7 111
7 113
7 114
7 119
7 128
7 133
7 139
7 173
7 205
7 223
7 231
7 233
7 254
7 261
7 270
7 316
7 320
7 344
7 361
7 419
7 461
7 489
7 561
7 569
7 579
7 610
7 774
7 784
7 859
7 924
7 930
8 17
8 21
8 27
8 63
8 76
8 98
8 114
8 123
8 130
8 145
8 152
8 207
8 238
8 246
8 249
8 253
8 267
8 271
8 274
8 277
8 297
8 309
8 317
8 338
8 342
8 346
8 355
8 375
8 465
8 483
8 488
8 497
8 519
8 553
8 637
8 644
8 652
8 662
8 676
8 677
8 690
8 706
8 750
8 805
8 928
8 982
9 17
9 31
9 35
9 36
9 43
9 53
9 64
9 65
9 67
9 78
9 80
9 105
9 106
9 115
9 117
9 119
9 120
9 133
9 153
9 164
9 166
9 168
9 171
9 180
9 191
9 206
9 208
9 212
9 226
9 229
9 233
9 241
9 254
9 267
9 273
9 299
9 333
9 348
9 352
9 382
9 385
9 414
9 421
9 464
9 584
9 602
9 878
9 895
10 17
10 31
10 34
10 36
10 53
10 65
10 67
10 75
10 80
10 84
10 88
10 105
10 114
10 119
10 120
10 128
10 129
10 131
10 144
10 149
10 161
10 164
10 166
10 168
10 171
10 180
10 206
10 207
10 212
10 220
10 226
10 227
10 228
10 229
10 241
10 273
10 313
10 333
10 352
10 363
10 382
10 388
10 458
11 62
11 98
11 123
11 145
11 207
11 237
11 238
11 246
11 249
11 253
11 267
11 271
11 277
11 297
11 309
11 318
11 319
11 338
11 342
11 346
11 367
11 375
11 378
11 379
11 438
11 455
11 459
11 465
11 483
11 488
11 497
11 516
11 624
11 644
11 662
11 677
11 944
12 17
12 23
12 31
12 35
12 36
12 43
12 48
12 61
12 64
12 72
12 77
12 82
12 94
12 116
12 117
12 130
12 137
12 139
12 141
12 191
12 193
12 202
12 210
12 235
12 252
12 254
12 260
12 273
12 299
12 346
12 374
12 385
12 404
12 421
12 453
12 492
12 548
12 565
12 595
12 624
13 17
13 31
13 35
13 36
13 40
13 48
13 53
13 65
13 67
13 82
13 84
13 88
13 89
13 102
13 105
13 111
13 115
13 116
13 128
13 129
13 137
13 142
13 143
13 144
13 149
13 196
13 198
13 203
13 206
13 210
13 219
13 239
13 245
13 247
13 285
13 310
13 376
13 387
13 446
13 493
14 17
14 40
14 48
14 63
14 67
14 68
14 75
14 80
14 105
14 107
14 113
14 114
14 119
14 121
14 128
14 142
14 143
14 173
14 188
14 205
14 223
14 228
14 231
14 233
14 250
14 254
14 270
14 274
14 320
14 344
14 349
14 361
14 363
14 379
14 464
14 489
14 561
14 574
14 831
15 17
15 31
15 35
15 36
15 53
15 61
15 64
15 65
15 67
15 80
15 84
15 89
15 102
15 105
15 111
15 116
15 117
15 129
15 132
15 144
15 149
15 161
15 173
15 210
15 219
15 229
15 235
15 270
15 281
15 326
15 346
15 350
15 351
15 411
15 434
15 442
15 637
15 672
15 678
16 35
16 50
16 67
16 79
16 80
16 94
16 107
16 139
16 143
16 167
16 188
16 196
16 205
16 216
16 218
16 322
16 337
16 372
16 412
16 430
16 431
16 477
16 480
16 612
16 627
16 636
16 655
16 934
16 973
16 992
17 20
17 21
17 22
17 24
17 32
17 33
17 44
17 55
17 57
17 62
17 90
17 120
17 138
17 164
17 214
17 268
17 395
17 427
17 520
17 554
17 590
17 591
17 833
17 978
18 27
18 73
18 112
18 114
18 143
18 167
18 196
18 255
18 290
18 294
18 417
18 433
18 462
18 468
18 530
18 536
18 537
18 547
18 560
18 632
18 635
18 640
18 658
18 671
18 749
18 753
18 767
18 885
18 913
18 914
19 31
19 35
19 67
19 81
19 111
19 115
19 118
19 124
19 137
19 151
19 161
19 212
19 232
19 340
19 349
19 366
19 407
19 495
19 534
19 564
19 588
19 604
20 31
20 35
20 36
20 43
20 48
20 51
20 53
20 65
20 84
20 88
20 89
20 102
20 113
20 117
20 144
20 161
20 172
20 173
20 187
20 191
20 216
20 241
20 252
20 280
20 290
20 294
20 312
20 345
20 449
20 507
20 569
21 75
21 80
21 106
21 143
21 158
21 168
21 180
21 188
21 220
21 225
21 248
21 277
21 278
21 282
21 296
21 307
21 312
21 387
21 429
21 523
21 620
21 693
21 952
21 959
22 31
22 35
22 36
22 48
22 53
22 64
22 65
22 70
22 84
22 89
22 102
22 115
22 116
22 120
22 137
22 144
22 145
22 192
22 198
22 203
22 206
22 226
22 241
22 267
22 272
22 319
22 363
22 388
22 634
23 27
23 41
23 55
23 69
23 109
23 133
23 138
23 158
23 172
23 190
23 194
23 263
23 264
23 323
23 357
23 359
23 402
23 469
23 473
23 514
23 617
23 732
23 760
23 791
23 809
23 875
24 40
24 44
24 48
24 63
24 64
24 67
24 105
24 111
24 118
24 119
24 124
24 130
24 132
24 135
24 153
24 192
24 199
24 223
24 280
24 283
24 286
24 345
24 369
24 377
24 392
24 475
24 595
24 606
25 31
25 35
25 36
25 53
25 72
25 84
25 88
25 116
25 137
25 142
25 145
25 149
25 164
25 171
25 198
25 210
25 215
25 221
25 245
25 247
25 386
25 424
25 496
25 540
25 721
25 923
26 31
26 36
26 55
26 117
26 217
26 221
26 298
26 311
26 400
26 505
26 520
26 599
26 648
26 673
26 686
26 789
26 871
26 887
27 94
27 107
27 114
27 135
27 143
27 152
27 172
27 196
27 216
27 218
27 246
27 250
27 310
27 329
27 337
27 449
27 459
27 477
27 487
27 509
27 517
27 544
27 667
27 839
28 31
28 41
28 54
28 132
28 146
28 182
28 322
28 384
28 425
28 521
28 551
28 614
28 713
28 910
28 987
29 64
29 208
29 218
29 262
29 269
29 323
29 331
29 344
29 413
29 420
29 538
29 539
29 574
29 651
29 707
29 731
29 785
29 942
29 958
29 970
30 41
30 54
30 113
30 123
30 138
30 171
30 201
30 282
30 437
30 508
30 683
30 688
30 778
30 882
30 986
31 32
31 33
31 45
31 57
31 90
31 104
31 126
31 261
31 284
32 35
32 36
32 81
32 82
32 111
32 120
32 124
32 131
32 144
32 215
32 219
32 249
32 295
32 300
32 480
32 491
32 495
32 604
32 740
33 35
33 36
33 48
33 53
33 65
33 78
33 84
33 89
33 102
33 115
33 150
33 172
33 192
33 215
33 219
33 233
33 243
33 256
33 299
33 329
33 428
34 77
34 98
34 182
34 240
34 436
34 451
34 503
34 583
34 621
34 680
34 841
34 850
34 863
34 868
34 900
34 927
35 45
35 57
35 104
35 126
35 181
35 474
36 57
36 66
36 90
36 104
36 126
36 261
36 284
36 568
37 97
37 111
37 124
37 143
37 202
37 216
37 232
37 317
37 318
37 324
37 376
37 412
37 477
37 486
37 593
38 180
38 201
38 237
38 339
38 467
38 470
38 611
38 968
39 49
39 57
39 83
39 88
39 237
39 286
39 373
39 543
39 780
39 781
39 851
39 880
39 929
39 964
40 81
40 147
40 311
40 441
40 552
40 659
40 663
40 811
40 817
41 47
41 49
41 103
41 113
41 130
41 135
41 141
41 193
41 217
41 257
41 296
41 401
41 501
41 563
41 587
42 63
42 98
42 114
42 152
42 167
42 216
42 243
42 334
42 455
42 525
42 564
42 567
42 578
42 627
42 640
42 806
42 953
43 63
43 148
43 279
43 284
43 355
43 386
43 425
43 456
43 618
43 756
43 757
43 766
43 955
43 972
44 65
44 67
44 84
44 97
44 102
44 115
44 120
44 137
44 144
44 145
44 150
44 196
44 198
44 215
44 219
44 272
44 283
44 969
45 63
45 75
45 82
45 113
45 129
45 239
45 246
45 319
45 320
45 360
45 380
45 427
45 468
45 530
45 628
46 63
46 81
46 111
46 124
46 143
46 157
46 201
46 274
46 337
46 338
46 360
46 372
46 463
46 633
46 646
46 915
47 174
47 183
47 190
47 254
47 354
47 457
47 546
47 725
47 862
47 869
48 57
48 66
48 99
48 298
48 511
49 69
49 147
49 237
49 239
49 247
49 264
49 311
49 335
49 478
49 567
49 622
49 783
50 101
50 279
50 482
50 589
50 660
50 807
50 835
50 896
51 160
51 170
51 237
51 396
51 487
51 541
51 560
51 613
51 733
51 745
51 892
51 961
52 121
52 134
52 136
52 275
52 396
52 589
52 629
52 674
52 697
52 716
52 819
52 826
53 66
53 90
53 104
53 126
54 87
54 94
54 111
54 118
54 124
54 139
54 152
54 173
54 182
54 191
54 246
54 277
54 337
54 430
54 483
55 57
55 64
55 79
55 94
55 126
55 220
55 353
55 411
55 746
55 782
56 74
56 468
56 533
56 575
56 584
56 632
56 741
56 793
56 798
56 824
56 891
56 962
56 984
57 63
57 64
57 65
57 78
57 81
57 82
57 123
57 204
57 367
57 370
58 110
58 236
58 271
58 581
58 661
58 712
58 722
58 810
58 842
59 94
59 107
59 117
59 118
59 139
59 141
59 166
59 243
59 282
59 326
59 412
59 430
59 434
59 666
60 148
60 451
60 653
60 696
60 734
60 856
60 937
61 334
61 391
61 458
61 503
61 623
61 638
61 747
61 999
62 107
62 111
62 182
62 205
62 233
62 319
62 372
62 403
62 431
62 633
62 634
62 636
63 66
63 121
63 234
64 104
64 151
64 332
65 104
65 418
65 474
66 70
66 75
66 78
66 82
66 128
66 203
66 208
66 243
66 245
66 385
66 417
68 98
68 127
68 156
68 242
68 291
68 362
68 454
68 472
68 703
69 77
69 103
69 109
69 130
69 135
69 141
69 193
69 217
69 257
69 529
69 563
69 587
69 607
70 259
70 308
70 376
70 472
70 549
70 552
70 621
70 848
71 75
71 151
71 164
71 165
71 171
71 439
71 446
71 818
71 879
71 933
71 947
71 977
72 88
72 111
72 112
72 271
72 440
72 586
72 786
72 870
73 98
73 107
73 114
73 152
73 216
73 218
73 243
73 256
73 277
73 310
73 329
73 615
73 631
74 133
74 204
74 230
74 287
74 364
74 452
74 473
74 535
74 742
75 131
75 222
75 232
75 510
75 550
75 591
75 711
76 174
76 183
76 354
76 457
76 494
76 655
76 729
77 147
77 183
77 274
77 470
77 801
77 803
78 104
78 138
78 147
78 166
78 224
78 395
78 797
79 113
79 127
79 172
79 263
79 462
79 511
79 903
80 866
80 932
80 993
81 258
81 481
81 769
81 847
82 104
82 126
83 96
83 98
83 394
83 499
83 555
83 680
83 704
83 739
83 748
83 832
83 897
84 104
85 349
85 375
85 466
85 613
85 727
86 109
86 127
86 156
86 207
86 558
86 570
86 580
86 843
86 907
86 960
86 998
87 91
87 131
87 175
87 222
87 472
87 536
87 625
87 771
88 110
88 470
88 642
88 823
88 886
89 287
89 305
89 435
89 772
90 120
90 164
90 166
90 168
90 180
90 212
90 229
90 710
91 101
91 116
91 197
91 263
91 381
91 546
91 597
91 890
92 295
92 331
92 373
92 435
92 573
92 592
92 601
92 611
92 846
92 853
92 854
93 222
93 236
93 244
93 513
93 654
93 675
93 967
94 123
94 437
95 207
95 315
95 362
95 380
95 665
95 694
95 744
95 834
95 852
96 177
96 181
96 194
96 195
96 328
96 508
96 709
96 764
96 849
96 975
97 99
97 163
97 174
97 292
97 484
98 119
98 175
98 289
99 101
99 165
99 244
99 428
100 133
100 204
100 213
100 271
100 354
100 364
100 452
100 681
100 719
101 356
101 502
101 988
102 217
102 418
103 359
103 592
103 685
103 943
104 118
104 901
105 701
106 242
106 554
107 175
108 227
108 228
108 229
108 303
108 356
108 420
108 426
108 626
108 691
109 310
109 415
109 593
109 625
109 765
109 963
110 184
110 193
110 317
110 381
110 650
112 256
112 311
112 450
112 603
112 751
114 261
115 268
115 284
116 195
117 284
118 475
118 605
119 358
121 275
121 609
121 979
122 209
122 485
122 555
122 641
122 664
122 858
122 925
122 957
123 155
124 127
124 258
124 370
124 974
125 137
125 259
125 393
125 436
125 460
125 609
125 687
126 208
126 249
126 299
127 255
127 448
127 754
127 795
128 224
129 160
130 194
130 469
131 177
131 493
132 378
133 134
133 526
134 204
134 222
134 230
134 354
134 681
135 194
135 514
135 628
136 202
136 301
136 399
136 500
136 579
136 630
138 200
138 215
138 220
138 369
140 167
140 340
140 341
140 432
140 445
141 194
141 454
143 838
146 168
146 330
146 387
146 827
147 289
147 350
147 353
147 776
148 159
148 453
148 581
148 679
148 717
150 213
150 369
150 512
150 535
151 223
151 347
151 548
151 678
153 391
153 486
153 788
154 656
154 994
155 245
155 266
155 275
155 537
155 571
155 580
155 906
156 269
156 436
156 590
157 398
157 598
157 684
157 724
157 861
157 940
158 162
158 182
158 231
158 562
159 279
159 777
160 320
160 481
160 533
162 169
162 202
162 213
162 416
162 845
162 864
162 922
163 242
163 350
163 479
163 529
163 718
164 521
165 234
165 429
165 462
165 814
165 916
167 302
167 899
169 304
169 485
169 684
169 911
170 723
170 738
170 876
170 981
170 985
170 995
171 585
174 315
174 431
175 381
176 269
176 413
176 720
176 904
176 938
177 362
177 558
177 570
177 618
178 238
178 314
178 603
178 908
179 208
179 213
181 248
181 282
181 313
181 378
181 800
183 257
183 373
183 577
184 262
184 362
184 399
184 576
184 649
185 242
185 255
185 266
185 479
185 660
185 821
186 199
186 200
186 211
186 405
186 422
186 506
186 524
187 426
187 447
188 268
189 391
189 491
189 761
189 792
189 828
189 951
190 335
190 416
190 449
190 799
190 997
193 194
194 374
195 201
195 272
195 324
195 588
197 262
197 479
197 507
197 649
199 594
200 494
200 619
200 949
201 289
201 909
202 291
202 525
203 224
204 572
207 336
208 758
209 230
209 262
209 279
209 461
209 873
210 285
211 240
211 594
212 280
212 345
213 369
214 298
214 416
214 708
214 945
218 759
220 322
222 643
224 401
224 409
225 298
225 599
225 825
225 884
226 258
227 240
227 557
228 451
228 638
230 433
231 248
231 503
234 565
234 586
236 820
236 888
236 918
238 269
238 295
240 303
242 340
244 300
247 726
251 476
251 965
253 971
255 256
257 408
258 407
259 381
259 527
259 572
260 359
260 394
260 675
261 380
262 383
264 343
264 504
264 596
265 418
265 482
265 510
265 598
266 996
268 308
273 568
273 608
275 668
275 950
276 571
276 921
278 292
278 301
278 643
280 698
281 336
283 408
285 556
286 389
288 446
288 648
288 661
288 685
288 752
289 659
289 990
291 692
291 935
292 307
293 402
293 404
293 444
293 515
293 682
294 389
295 302
295 349
296 419
296 620
297 403
300 557
301 307
301 573
302 326
304 534
304 770
304 860
305 545
306 526
308 920
308 976
309 383
314 335
315 323
315 714
316 321
316 377
316 453
318 324
318 486
321 787
322 330
325 489
325 545
327 515
327 522
327 553
328 415
330 331
332 527
332 812
334 410
335 438
336 844
339 423
339 894
340 450
341 356
341 401
343 413
347 501
348 877
353 394
353 642
357 476
357 610
358 463
360 669
364 542
365 543
365 728
365 840
368 400
368 423
368 518
368 883
372 437
373 898
374 469
380 419
383 576
383 804
384 829
386 670
392 445
393 478
393 699
395 669
397 405
397 444
399 689
406 498
406 650
407 582
408 790
414 460
414 813
420 463
422 619
425 448
426 671
429 808
433 435
440 762
440 919
441 931
441 956
443 544
445 622
447 522
447 647
454 585
456 626
456 816
457 668
458 902
460 755
464 946
467 484
471 815
474 600
475 836
476 490
478 482
488 605
490 497
494 506
498 865
500 513
505 830
509 532
517 532
518 837
523 893
524 857
538 794
539 673
540 802
542 665
549 614
550 559
575 653
596 735
597 663
617 855
623 645
629 667
647 779
652 775
654 773
674 936
