0 1
0 2
0 3
0 4
0 5
0 6
0 7
0 8
0 9
0 11
0 12
0 13
0 14
0 15
0 16
0 18
0 21
0 22
0 23
0 24
0 25
0 27
0 28
0 29
0 30
0 32
0 34
0 36
0 42
0 43
0 45
0 47
0 48
0 49
0 50
0 54
0 56
0 59
0 62
0 63
0 65
0 66
0 67
0 69
0 70
0 72
0 73
0 74
0 77
0 78
0 79
0 80
0 81
0 82
0 83
0 84
0 85
0 87
0 88
0 90
0 91
0 92
0 93
0 94
0 95
0 96
0 97
0 98
0 99
0 101
0 102
0 103
0 104
0 105
0 106
0 107
0 108
0 109
0 110
0 111
0 112
0 113
0 114
0 115
0 116
0 117
0 118
0 119
0 120
0 121
0 122
0 123
0 124
0 126
0 127
0 128
0 129
0 130
0 131
0 132
0 133
0 134
0 135
0 136
0 137
0 139
0 140
0 141
0 142
0 143
0 144
0 145
0 146
0 147
0 148
0 149
0 150
0 151
0 152
0 153
0 154
0 155
0 156
0 157
0 158
0 159
0 160
0 161
0 162
0 163
0 164
0 165
0 166
0 167
0 168
0 169
0 170
0 171
0 172
0 173
0 174
0 175
0 176
0 177
0 178
0 179
0 180
0 182
0 183
0 184
0 185
0 186
0 187
0 188
0 189
0 190
0 191
0 192
0 193
0 194
0 195
0 197
0 198
0 200
0 201
0 203
0 204
0 205
0 206
0 207
0 208
0 209
0 210
0 211
0 212
0 213
0 214
0 216
0 217
0 218
0 219
0 220
0 221
0 222
0 223
0 224
0 225
0 226
0 228
0 229
0 230
0 231
0 232
0 233
0 234
0 235
0 236
0 237
0 238
0 239
0 240
0 241
0 242
0 243
0 244
0 245
0 246
0 247
0 248
0 250
0 252
0 253
0 254
0 255
0 256
0 257
0 258
0 259
0 261
0 262
0 265
0 266
0 267
0 268
0 269
0 270
0 271
0 272
0 278
0 279
0 280
0 281
0 282
0 283
0 284
0 285
0 286
0 287
0 288
0 290
0 291
0 293
0 294
0 295
0 296
0 297
0 298
0 300
0 301
0 302
0 303
0 304
0 305
0 306
0 307
0 309
0 310
0 311
0 312
0 313
0 314
0 316
0 318
0 319
0 320
0 321
0 322
0 323
0 324
0 325
0 326
0 327
0 328
0 329
0 330
0 331
0 332
0 333
0 334
0 335
0 336
0 337
0 338
0 339
0 340
0 342
0 343
0 345
0 348
0 349
0 350
0 351
0 352
0 353
0 354
0 355
0 356
0 357
0 358
0 359
0 360
0 361
0 362
0 363
0 364
0 365
0 366
0 367
0 368
0 369
0 370
0 371
0 372
0 374
0 375
0 376
0 377
0 378
0 379
0 380
0 381
0 382
0 383
0 384
0 385
0 386
0 387
0 388
0 389
0 390
0 391
0 392
0 393
0 394
0 395
0 396
0 397
0 398
0 399
0 400
0 401
0 402
0 403
0 405
0 406
0 407
0 408
0 409
0 410
0 411
0 412
0 413
0 414
0 415
0 416
0 417
0 418
0 419
0 420
0 421
0 422
0 424
0 425
0 426
0 427
0 428
0 429
0 430
0 431
0 432
0 433
0 434
0 435
0 436
0 437
0 438
0 439
0 441
0 442
0 443
0 444
0 446
0 447
0 448
0 449
0 450
0 451
0 452
0 453
0 454
0 455
0 456
0 457
0 458
0 459
0 460
0 461
0 462
0 463
0 464
0 465
0 466
0 467
0 468
0 469
0 470
0 471
0 472
0 473
0 474
0 475
0 476
0 477
0 478
0 479
0 480
0 481
0 482
0 483
0 484
0 485
0 486
0 487
0 488
0 489
0 490
0 491
0 492
0 493
0 494
0 495
0 496
0 497
0 498
0 499
0 500
0 501
0 502
0 503
0 504
0 505
0 506
0 507
0 509
0 511
0 512
0 513
0 514
0 515
0 516
0 517
0 518
0 519
0 520
0 521
0 522
0 523
0 524
0 525
0 527
0 528
0 529
0 530
0 531
0 532
0 533
0 534
0 535
0 536
0 537
0 538
0 539
0 540
0 541
0 542
0 543
0 544
0 545
0 546
0 547
0 548
0 549
0 550
0 551
0 552
0 553
0 554
0 555
0 556
0 557
0 558
0 559
0 560
0 561
0 562
0 563
0 564
0 565
0 566
0 567
0 568
0 569
0 570
0 571
0 572
0 573
0 574
0 575
0 576
0 577
0 578
0 579
0 580
0 581
0 582
0 584
0 585
0 586
0 587
0 588
0 589
0 590
0 591
0 592
0 593
0 594
0 595
0 596
0 597
0 598
0 602
0 603
0 604
0 605
0 606
0 607
0 609
0 610
0 611
0 612
0 613
0 615
0 617
0 618
0 619
0 620
0 621
0 622
0 623
0 624
0 625
0 626
0 627
0 628
0 629
0 630
0 631
0 632
0 633
0 634
0 635
0 636
0 637
0 638
0 639
0 640
0 641
0 642
0 643
0 644
0 645
0 646
0 647
0 648
0 649
0 650
0 651
0 652
0 653
0 654
0 655
0 656
0 657
0 658
0 659
0 660
0 661
0 662
0 663
0 664
0 665
0 666
0 667
0 669
0 670
0 671
0 672
0 673
0 674
0 675
0 676
0 677
0 678
0 679
0 680
0 681
0 682
0 683
0 684
0 685
0 686
0 687
0 688
0 689
0 690
0 691
0 692
0 693
0 694
0 695
0 696
0 697
0 698
0 700
0 701
0 702
0 703
0 704
0 705
0 706
0 707
0 708
0 709
0 711
0 712
0 713
0 714
0 715
0 716
0 717
0 718
0 719
0 720
0 721
0 722
0 723
0 724
0 725
0 726
0 727
0 728
0 729
0 730
0 731
0 732
0 733
0 734
0 735
0 736
0 737
0 738
0 739
0 740
0 741
0 742
0 743
0 744
0 745
0 746
0 747
0 748
0 749
0 750
0 751
0 752
0 753
0 754
0 755
0 757
0 758
0 759
0 760
0 761
0 762
0 763
0 764
0 765
0 766
0 767
0 768
0 769
0 770
0 771
0 772
0 773
0 774
0 775
0 776
0 777
0 778
0 779
0 780
0 781
0 782
0 783
0 784
0 785
0 786
0 787
0 788
0 789
0 790
0 791
0 793
0 794
0 795
0 796
0 797
0 798
0 799
0 800
0 801
0 802
0 803
0 804
0 805
0 806
0 807
0 808
0 809
0 810
0 811
0 812
0 813
0 814
0 815
0 816
0 817
0 818
0 819
0 820
0 821
0 822
0 823
0 824
0 825
0 826
0 827
0 828
0 829
0 830
0 831
0 832
0 833
0 834
0 835
0 836
0 837
0 838
0 839
0 840
0 841
0 842
0 843
0 844
0 845
0 846
0 847
0 848
0 849
0 850
0 851
0 852
0 853
0 854
0 855
0 856
0 858
0 859
0 860
0 861
0 862
0 863
0 864
0 865
0 866
0 867
0 868
0 869
0 870
0 871
0 872
0 873
0 874
0 875
0 876
0 877
0 878
0 879
0 880
0 881
0 882
0 883
0 884
0 885
0 886
0 887
0 888
0 889
0 890
0 891
0 892
0 893
0 894
0 895
0 896
0 897
0 898
0 899
0 900
0 901
0 902
0 903
0 904
0 905
0 906
0 907
0 908
0 909
0 910
0 911
0 912
0 913
0 914
0 915
0 916
0 917
0 918
0 919
0 920
0 921
0 922
0 923
0 924
0 925
0 926
0 927
0 928
0 929
0 930
0 931
0 932
0 933
0 934
0 935
0 936
0 937
0 938
0 939
0 940
0 941
0 942
0 943
0 944
0 945
0 946
0 947
0 948
0 949
0 950
0 951
0 952
0 953
0 954
0 955
0 956
0 957
0 958
0 959
0 960
0 961
0 962
0 963
0 964
0 965
0 966
0 967
0 968
0 969
0 970
0 971
0 972
0 974
0 975
0 976
0 977
0 978
0 979
0 980
0 981
0 983
0 984
0 985
0 986
0 987
0 988
0 989
0 991
0 993
0 994
0 995
0 996
0 997
1 2
1 3
1 4
1 5
1 6
1 8
1 9
1 11
1 12
1 13
1 14
1 15
1 16
1 18
1 19
1 21
1 22
1 23
1 24
1 25
1 26
1 27
1 28
1 29
1 30
1 32
1 34
1 36
1 37
1 38
1 42
1 43
1 45
1 48
1 49
1 50
1 54
1 55
1 56
1 58
1 59
1 61
1 62
1 63
1 65
1 66
1 67
1 69
1 72
1 73
1 74
1 77
1 78
1 79
1 80
1 81
1 83
1 84
1 85
1 87
1 90
1 91
1 92
1 93
1 94
1 95
1 97
1 98
1 99
1 101
1 102
1 103
1 104
1 105
1 106
1 107
1 108
1 109
1 110
1 111
1 112
1 113
1 114
1 115
1 116
1 117
1 118
1 119
1 120
1 121
1 122
1 123
1 124
1 126
1 127
1 128
1 129
1 130
1 131
1 132
1 133
1 134
1 135
1 136
1 137
1 139
1 140
1 141
1 142
1 143
1 144
1 145
1 146
1 147
1 148
1 149
1 150
1 151
1 152
1 153
1 154
1 155
1 156
1 157
1 158
1 159
1 160
1 161
1 162
1 163
1 164
1 165
1 166
1 167
1 168
1 169
1 170
1 171
1 172
1 173
1 174
1 175
1 176
1 178
1 179
1 180
1 182
1 183
1 184
1 185
1 186
1 187
1 188
1 189
1 190
1 191
1 192
1 193
1 194
1 195
1 197
1 198
1 200
1 201
1 202
1 203
1 204
1 205
1 206
1 207
1 208
1 209
1 210
1 211
1 212
1 213
1 214
1 216
1 217
1 218
1 219
1 220
1 221
1 222
1 223
1 224
1 225
1 226
1 228
1 229
1 230
1 231
1 232
1 234
1 235
1 236
1 237
1 238
1 239
1 240
1 241
1 242
1 243
1 244
1 246
1 247
1 250
1 251
1 253
1 255
1 256
1 258
1 259
1 261
1 262
1 265
1 266
1 267
1 268
1 269
1 270
1 271
1 272
1 273
1 279
1 280
1 281
1 282
1 283
1 284
1 286
1 287
1 288
1 289
1 290
1 291
1 293
1 294
1 296
1 297
1 299
1 300
1 301
1 302
1 303
1 304
1 306
1 307
1 309
1 310
1 311
1 312
1 313
1 314
1 316
1 317
1 318
1 322
1 323
1 324
1 325
1 326
1 327
1 328
1 329
1 330
1 331
1 332
1 333
1 334
1 335
1 336
1 337
1 338
1 339
1 340
1 342
1 343
1 345
1 346
1 347
1 348
1 349
1 350
1 351
1 352
1 353
1 354
1 356
1 357
1 358
1 359
1 360
1 361
1 362
1 363
1 364
1 365
1 366
1 367
1 368
1 369
1 370
1 371
1 372
1 373
1 374
1 375
1 376
1 377
1 378
1 379
1 380
1 381
1 382
1 383
1 385
1 386
1 387
1 388
1 389
1 390
1 391
1 392
1 393
1 394
1 395
1 396
1 397
1 398
1 399
1 400
1 401
1 402
1 404
1 405
1 406
1 407
1 408
1 409
1 410
1 411
1 412
1 413
1 414
1 415
1 416
1 417
1 418
1 419
1 421
1 422
1 423
1 424
1 425
1 426
1 427
1 428
1 429
1 430
1 432
1 434
1 435
1 436
1 437
1 438
1 439
1 441
1 442
1 443
1 444
1 446
1 448
1 449
1 450
1 451
1 452
1 453
1 454
1 455
1 456
1 457
1 458
1 459
1 460
1 461
1 462
1 463
1 464
1 465
1 466
1 467
1 468
1 469
1 470
1 471
1 472
1 473
1 474
1 475
1 477
1 478
1 479
1 480
1 481
1 482
1 483
1 484
1 485
1 486
1 487
1 488
1 489
1 490
1 491
1 492
1 493
1 494
1 495
1 496
1 497
1 498
1 499
1 500
1 501
1 502
1 503
1 504
1 505
1 506
1 507
1 509
1 512
1 513
1 514
1 515
1 516
1 517
1 518
1 519
1 520
1 521
1 522
1 523
1 524
1 525
1 526
1 527
1 528
1 529
1 530
1 531
1 532
1 533
1 534
1 535
1 536
1 537
1 538
1 539
1 540
1 541
1 542
1 543
1 544
1 545
1 546
1 547
1 549
1 550
1 551
1 552
1 553
1 554
1 555
1 556
1 557
1 558
1 559
1 560
1 561
1 562
1 563
1 564
1 565
1 566
1 567
1 568
1 569
1 570
1 571
1 572
1 573
1 574
1 575
1 576
1 577
1 578
1 579
1 580
1 581
1 582
1 584
1 585
1 586
1 587
1 588
1 589
1 590
1 591
1 592
1 593
1 594
1 595
1 596
1 597
1 598
1 599
1 600
1 602
1 603
1 604
1 605
1 606
1 607
1 609
1 610
1 611
1 612
1 613
1 615
1 618
1 619
1 620
1 621
1 622
1 623
1 624
1 625
1 626
1 627
1 628
1 629
1 630
1 631
1 632
1 633
1 634
1 635
1 636
1 637
1 638
1 639
1 640
1 641
1 642
1 643
1 644
1 645
1 646
1 647
1 648
1 649
1 650
1 651
1 652
1 653
1 654
1 655
1 656
1 657
1 658
1 659
1 660
1 661
1 662
1 663
1 664
1 665
1 666
1 667
1 668
1 669
1 670
1 671
1 672
1 673
1 674
1 675
1 676
1 677
1 678
1 679
1 680
1 681
1 682
1 683
1 684
1 685
1 686
1 687
1 688
1 689
1 690
1 691
1 692
1 693
1 694
1 695
1 696
1 697
1 698
1 700
1 701
1 702
1 703
1 704
1 705
1 706
1 707
1 708
1 709
1 711
1 712
1 714
1 715
1 716
1 717
1 718
1 719
1 720
1 721
1 722
1 723
1 724
1 725
1 726
1 727
1 728
1 729
1 730
1 731
1 732
1 733
1 734
1 735
1 736
1 737
1 738
1 739
1 740
1 741
1 742
1 743
1 744
1 745
1 746
1 747
1 748
1 749
1 750
1 751
1 752
1 753
1 754
1 755
1 756
1 757
1 758
1 759
1 760
1 761
1 762
1 763
1 765
1 766
1 767
1 768
1 769
1 772
1 773
1 774
1 775
1 776
1 777
1 778
1 779
1 780
1 781
1 782
1 783
1 784
1 785
1 786
1 787
1 788
1 789
1 790
1 792
1 793
1 794
1 795
1 796
1 797
1 798
1 799
1 800
1 801
1 802
1 803
1 804
1 805
1 806
1 807
1 809
1 810
1 811
1 812
1 813
1 814
1 815
1 816
1 817
1 818
1 819
1 820
1 821
1 822
1 823
1 824
1 825
1 826
1 827
1 828
1 829
1 830
1 831
1 832
1 833
1 834
1 835
1 836
1 837
1 839
1 840
1 841
1 842
1 843
1 844
1 845
1 846
1 847
1 848
1 849
1 850
1 851
1 852
1 853
1 854
1 855
1 856
1 858
1 859
1 860
1 861
1 862
1 863
1 864
1 865
1 866
1 867
1 868
1 869
1 870
1 871
1 872
1 873
1 874
1 875
1 876
1 877
1 878
1 879
1 880
1 881
1 882
1 883
1 884
1 885
1 886
1 887
1 888
1 889
1 890
1 891
1 892
1 893
1 894
1 895
1 896
1 897
1 898
1 899
1 900
1 901
1 902
1 903
1 904
1 905
1 906
1 907
1 908
1 909
1 910
1 911
1 912
1 913
1 914
1 915
1 916
1 917
1 918
1 919
1 920
1 921
1 922
1 923
1 924
1 925
1 926
1 927
1 929
1 930
1 931
1 932
1 933
1 934
1 935
1 936
1 937
1 938
1 939
1 940
1 941
1 942
1 943
1 944
1 945
1 946
1 947
1 948
1 949
1 950
1 951
1 952
1 953
1 954
1 955
1 956
1 957
1 958
1 959
1 960
1 961
1 962
1 963
1 964
1 965
1 966
1 967
1 968
1 969
1 970
1 971
1 972
1 975
1 976
1 977
1 978
1 979
1 980
1 981
1 984
1 985
1 987
1 988
1 989
1 991
1 992
1 994
1 995
1 996
1 997
2 3
2 4
2 5
2 6
2 7
2 8
2 9
2 11
2 12
2 13
2 14
2 15
2 16
2 18
2 21
2 22
2 23
2 24
2 25
2 27
2 28
2 29
2 30
2 32
2 34
2 36
2 42
2 43
2 45
2 48
2 49
2 50
2 54
2 56
2 59
2 62
2 63
2 65
2 66
2 67
2 69
2 72
2 73
2 74
2 77
2 78
2 79
2 80
2 81
2 83
2 84
2 87
2 90
2 91
2 92
2 93
2 94
2 95
2 97
2 98
2 99
2 101
2 102
2 103
2 104
2 105
2 106
2 107
2 108
2 109
2 110
2 112
2 113
2 114
2 115
2 116
2 117
2 118
2 120
2 121
2 122
2 123
2 124
2 126
2 127
2 128
2 129
2 130
2 131
2 132
2 133
2 134
2 135
2 136
2 137
2 139
2 140
2 141
2 142
2 143
2 144
2 145
2 146
2 147
2 148
2 149
2 150
2 151
2 152
2 153
2 154
2 155
2 156
2 157
2 158
2 159
2 160
2 162
2 163
2 164
2 165
2 167
2 168
2 169
2 170
2 171
2 172
2 174
2 175
2 176
2 178
2 179
2 180
2 182
2 183
2 184
2 185
2 186
2 187
2 188
2 189
2 190
2 191
2 192
2 193
2 194
2 195
2 197
2 198
2 200
2 201
2 203
2 205
2 206
2 207
2 208
2 209
2 210
2 211
2 212
2 213
2 214
2 216
2 217
2 219
2 220
2 221
2 222
2 223
2 224
2 225
2 228
2 229
2 230
2 231
2 232
2 234
2 235
2 236
2 237
2 239
2 240
2 241
2 242
2 243
2 244
2 246
2 247
2 250
2 253
2 255
2 256
2 258
2 259
2 261
2 265
2 266
2 267
2 268
2 269
2 270
2 271
2 272
2 279
2 280
2 281
2 282
2 283
2 286
2 287
2 288
2 291
2 293
2 294
2 297
2 300
2 301
2 302
2 303
2 304
2 306
2 309
2 310
2 311
2 312
2 313
2 314
2 318
2 322
2 323
2 324
2 325
2 326
2 327
2 328
2 329
2 330
2 331
2 332
2 333
2 334
2 336
2 337
2 338
2 339
2 340
2 342
2 343
2 345
2 348
2 349
2 350
2 351
2 352
2 353
2 354
2 356
2 357
2 360
2 361
2 362
2 363
2 364
2 365
2 366
2 367
2 368
2 369
2 370
2 371
2 372
2 373
2 374
2 375
2 376
2 377
2 378
2 380
2 381
2 382
2 383
2 385
2 386
2 387
2 388
2 389
2 390
2 391
2 392
2 393
2 394
2 395
2 396
2 398
2 399
2 400
2 401
2 402
2 405
2 406
2 407
2 408
2 409
2 410
2 411
2 412
2 413
2 414
2 415
2 416
2 417
2 418
2 421
2 422
2 424
2 425
2 426
2 427
2 428
2 429
2 430
2 434
2 435
2 436
2 437
2 438
2 439
2 441
2 442
2 443
2 444
2 446
2 448
2 449
2 450
2 451
2 452
2 453
2 459
2 460
2 461
2 462
2 463
2 464
2 465
2 466
2 467
2 468
2 469
2 470
2 471
2 472
2 473
2 474
2 475
2 477
2 478
2 479
2 480
2 481
2 482
2 483
2 484
2 485
2 486
2 487
2 488
2 490
2 491
2 492
2 493
2 494
2 496
2 497
2 498
2 499
2 500
2 501
2 502
2 503
2 504
2 505
2 506
2 507
2 509
2 512
2 513
2 514
2 515
2 516
2 517
2 518
2 519
2 520
2 521
2 522
2 523
2 524
2 525
2 527
2 528
2 529
2 530
2 531
2 532
2 533
2 534
2 535
2 536
2 537
2 538
2 539
2 540
2 541
2 542
2 543
2 544
2 545
2 546
2 547
2 549
2 550
2 551
2 552
2 553
2 554
2 555
2 556
2 557
2 558
2 559
2 560
2 561
2 562
2 563
2 564
2 565
2 566
2 567
2 568
2 569
2 570
2 571
2 572
2 573
2 574
2 575
2 576
2 577
2 578
2 579
2 580
2 581
2 582
2 584
2 585
2 586
2 587
2 588
2 589
2 590
2 591
2 592
2 593
2 594
2 595
2 596
2 597
2 598
2 602
2 603
2 604
2 605
2 606
2 607
2 609
2 610
2 611
2 612
2 613
2 615
2 618
2 619
2 620
2 621
2 622
2 623
2 624
2 625
2 626
2 627
2 628
2 629
2 630
2 631
2 632
2 633
2 634
2 635
2 636
2 637
2 638
2 639
2 640
2 641
2 642
2 643
2 644
2 645
2 646
2 647
2 648
2 649
2 650
2 651
2 652
2 653
2 654
2 655
2 656
2 657
2 658
2 659
2 660
2 661
2 662
2 663
2 664
2 665
2 666
2 667
2 669
2 670
2 671
2 672
2 673
2 674
2 675
2 676
2 677
2 678
2 679
2 680
2 681
2 682
2 683
2 684
2 685
2 686
2 687
2 688
2 689
2 690
2 691
2 692
2 693
2 694
2 695
2 696
2 697
2 698
2 699
2 700
2 701
2 702
2 703
2 704
2 705
2 706
2 707
2 708
2 709
2 711
2 712
2 714
2 715
2 716
2 717
2 718
2 719
2 720
2 721
2 722
2 723
2 724
2 725
2 726
2 727
2 728
2 729
2 730
2 731
2 732
2 733
2 734
2 735
2 736
2 737
2 738
2 739
2 740
2 741
2 742
2 743
2 744
2 745
2 746
2 747
2 748
2 749
2 750
2 751
2 752
2 753
2 754
2 755
2 757
2 758
2 759
2 760
2 761
2 762
2 763
2 765
2 766
2 767
2 768
2 769
2 772
2 773
2 774
2 775
2 776
2 777
2 778
2 779
2 780
2 781
2 782
2 783
2 784
2 785
2 786
2 787
2 788
2 789
2 790
2 793
2 794
2 795
2 796
2 797
2 798
2 799
2 800
2 801
2 802
2 803
2 804
2 805
2 806
2 807
2 809
2 810
2 811
2 812
2 813
2 814
2 815
2 816
2 817
2 818
2 819
2 820
2 821
2 822
2 823
2 824
2 825
2 826
2 827
2 828
2 829
2 830
2 831
2 832
2 833
2 834
2 835
2 836
2 837
2 839
2 840
2 841
2 842
2 843
2 844
2 845
2 846
2 847
2 848
2 849
2 850
2 851
2 852
2 853
2 854
2 855
2 856
2 858
2 860
2 861
2 862
2 863
2 864
2 865
2 866
2 867
2 868
2 869
2 870
2 871
2 872
2 873
2 874
2 875
2 877
2 878
2 879
2 880
2 881
2 882
2 883
2 884
2 885
2 886
2 887
2 888
2 889
2 890
2 891
2 892
2 893
2 894
2 895
2 896
2 897
2 898
2 899
2 900
2 901
2 902
2 903
2 904
2 905
2 906
2 907
2 908
2 909
2 910
2 911
2 912
2 913
2 914
2 915
2 916
2 917
2 918
2 919
2 920
2 921
2 922
2 923
2 924
2 925
2 926
2 927
2 929
2 930
2 931
2 932
2 933
2 934
2 935
2 936
2 937
2 938
2 939
2 940
2 941
2 942
2 943
2 944
2 945
2 946
2 947
2 948
2 949
2 950
2 951
2 952
2 953
2 954
2 955
2 956
2 957
2 958
2 959
2 960
2 961
2 962
2 963
2 964
2 965
2 966
2 967
2 968
2 969
2 970
2 971
2 972
2 975
2 976
2 977
2 978
2 979
2 980
2 981
2 984
2 985
2 987
2 988
2 989
2 991
2 994
2 995
2 996
2 997
3 6
3 9
3 13
3 16
3 36
3 42
3 67
3 69
3 79
3 81
3 87
3 90
3 91
3 92
3 93
3 95
3 98
3 99
3 103
3 104
3 105
3 106
3 107
3 108
3 109
3 110
3 113
3 114
3 115
3 116
3 117
3 118
3 120
3 121
3 122
3 123
3 124
3 126
3 127
3 128
3 129
3 130
3 131
3 133
3 134
3 135
3 136
3 137
3 139
3 140
3 141
3 142
3 143
3 144
3 145
3 146
3 147
3 148
3 149
3 150
3 151
3 152
3 153
3 154
3 155
3 157
3 158
3 159
3 162
3 163
3 165
3 172
3 174
3 175
3 176
3 177
3 178
3 179
3 182
3 183
3 184
3 187
3 206
3 215
3 246
3 255
3 311
3 360
3 361
3 376
3 435
3 446
3 474
3 475
3 492
3 494
3 507
3 509
3 527
3 528
3 529
3 544
3 545
3 547
3 557
3 560
3 585
3 587
3 589
3 590
3 591
3 593
3 594
3 595
3 597
3 598
3 603
3 605
3 609
3 611
3 612
3 618
3 628
3 629
3 631
3 632
3 652
3 660
3 665
3 669
3 670
3 671
3 675
3 676
3 680
3 681
3 682
3 683
3 695
3 697
3 698
3 700
3 701
3 702
3 706
4 6
4 9
4 13
4 16
4 36
4 42
4 67
4 69
4 79
4 81
4 87
4 90
4 91
4 92
4 93
4 95
4 98
4 99
4 101
4 103
4 104
4 105
4 106
4 107
4 108
4 109
4 110
4 113
4 114
4 115
4 116
4 117
4 118
4 120
4 121
4 122
4 123
4 124
4 126
4 127
4 128
4 129
4 130
4 131
4 133
4 134
4 135
4 136
4 137
4 139
4 140
4 141
4 142
4 143
4 144
4 145
4 146
4 147
4 148
4 149
4 150
4 151
4 152
4 153
4 154
4 155
4 157
4 158
4 159
4 162
4 163
4 165
4 172
4 174
4 175
4 176
4 177
4 178
4 179
4 182
4 183
4 184
4 187
4 206
4 215
4 255
4 376
4 446
4 474
4 475
4 492
4 494
4 507
4 509
4 527
4 528
4 529
4 544
4 545
4 547
4 557
4 560
4 585
4 587
4 589
4 590
4 591
4 593
4 594
4 595
4 597
4 598
4 603
4 605
4 609
4 611
4 612
4 613
4 618
4 628
4 629
4 631
4 632
4 652
4 660
4 665
4 669
4 670
4 671
4 675
4 676
4 680
4 681
4 682
4 683
4 695
4 697
4 698
4 700
4 701
4 702
4 706
5 9
5 11
5 14
5 16
5 18
5 28
5 33
5 34
5 35
5 36
5 39
5 42
5 48
5 60
5 75
5 79
5 81
5 87
5 90
5 91
5 92
5 93
5 95
5 98
5 99
5 104
5 105
5 106
5 107
5 108
5 109
5 110
5 113
5 114
5 115
5 116
5 117
5 118
5 120
5 121
5 122
5 123
5 124
5 126
5 127
5 128
5 129
5 130
5 131
5 133
5 134
5 135
5 136
5 137
5 139
5 140
5 141
5 142
5 143
5 144
5 145
5 146
5 147
5 148
5 149
5 150
5 151
5 152
5 153
5 154
5 155
5 157
5 158
5 159
5 162
5 163
5 172
5 174
5 175
5 178
5 182
5 183
5 184
5 187
5 193
5 196
5 201
5 203
5 210
5 214
5 231
5 233
5 249
5 254
5 263
5 275
5 276
5 277
5 281
5 286
5 297
5 299
5 312
5 313
5 323
5 324
5 326
5 327
5 338
5 362
5 364
5 365
5 366
5 367
5 386
5 387
5 388
5 390
5 392
5 393
5 407
5 409
5 410
5 414
5 415
5 416
5 417
5 436
5 438
5 439
5 440
5 441
5 442
5 443
5 444
5 459
5 460
5 461
5 462
5 463
5 464
5 489
5 562
5 567
5 568
5 569
5 570
5 571
5 575
5 637
5 638
5 639
5 641
5 648
5 709
6 7
6 69
6 165
6 168
6 176
6 179
6 206
6 255
6 370
6 376
6 389
6 446
6 468
6 474
6 475
6 480
6 492
6 494
6 497
6 507
6 509
6 527
6 528
6 529
6 544
6 545
6 547
6 557
6 560
6 585
6 587
6 589
6 590
6 591
6 593
6 594
6 595
6 597
6 598
6 603
6 605
6 609
6 611
6 612
6 618
6 628
6 629
6 630
6 631
6 632
6 652
6 660
6 665
6 669
6 670
6 671
6 675
6 676
6 680
6 681
6 682
6 683
6 695
6 697
6 698
6 700
6 701
6 702
6 706
6 770
6 771
7 8
7 9
7 11
7 13
7 14
7 15
7 18
7 21
7 25
7 32
7 45
7 54
7 59
7 62
7 65
7 84
7 100
7 103
7 124
7 132
7 135
7 160
7 169
7 171
7 180
7 186
7 191
7 192
7 211
7 219
7 227
7 256
7 257
7 278
7 291
7 295
7 303
7 330
7 331
7 343
7 344
7 350
7 355
7 372
7 374
7 393
7 406
7 429
7 448
7 449
7 450
7 451
7 473
7 483
7 484
7 485
7 486
7 505
7 520
7 521
7 525
7 553
7 562
7 564
7 566
7 568
7 569
7 570
7 571
7 575
7 578
7 581
7 604
7 641
7 648
7 655
7 661
7 674
7 696
7 734
7 737
7 738
7 740
7 753
7 757
7 762
7 789
7 790
8 9
8 11
8 16
8 29
8 35
8 36
8 42
8 47
8 48
8 76
8 79
8 81
8 87
8 90
8 91
8 92
8 93
8 95
8 98
8 99
8 104
8 105
8 106
8 107
8 108
8 109
8 110
8 113
8 114
8 115
8 116
8 117
8 118
8 120
8 121
8 122
8 123
8 124
8 126
8 127
8 128
8 129
8 130
8 131
8 133
8 134
8 135
8 136
8 137
8 139
8 140
8 141
8 142
8 143
8 144
8 145
8 146
8 147
8 148
8 149
8 150
8 151
8 152
8 153
8 154
8 155
8 157
8 158
8 159
8 162
8 163
8 172
8 174
8 175
8 178
8 182
8 183
8 184
8 187
8 189
8 193
8 195
8 196
8 201
8 203
8 207
8 209
8 210
8 214
8 216
8 217
8 219
8 220
8 221
8 222
8 224
8 225
8 229
8 230
8 231
8 232
8 233
8 235
8 236
8 237
8 242
8 249
8 254
8 263
8 275
8 276
8 277
8 281
8 286
8 288
8 297
8 312
8 313
8 326
8 327
8 366
8 367
8 386
8 387
8 392
8 394
8 407
8 409
8 410
8 414
8 415
8 416
8 436
8 438
8 442
8 459
8 460
8 461
8 462
8 464
8 465
8 574
8 578
8 581
8 644
8 708
8 709
8 761
9 10
9 11
9 12
9 13
9 14
9 15
9 16
9 18
9 19
9 20
9 21
9 27
9 28
9 29
9 30
9 31
9 33
9 34
9 35
9 36
9 39
9 41
9 42
9 43
9 44
9 45
9 46
9 47
9 49
9 51
9 52
9 53
9 54
9 60
9 79
9 81
9 87
9 90
9 91
9 92
9 93
9 95
9 98
9 99
9 104
9 105
9 106
9 107
9 108
9 109
9 110
9 113
9 114
9 115
9 116
9 117
9 118
9 120
9 121
9 122
9 123
9 124
9 126
9 127
9 128
9 129
9 130
9 131
9 133
9 134
9 135
9 136
9 137
9 139
9 140
9 141
9 142
9 143
9 144
9 145
9 146
9 147
9 148
9 149
9 150
9 151
9 152
9 153
9 154
9 155
9 157
9 158
9 159
9 162
9 163
9 172
9 174
9 175
9 178
9 182
9 183
9 184
9 185
9 187
9 196
9 200
9 217
9 231
9 233
9 234
9 244
9 249
9 254
9 263
9 275
9 276
9 277
9 287
9 293
9 294
9 297
9 314
9 324
9 367
9 388
9 390
9 393
9 394
9 417
9 439
9 443
9 444
9 453
9 463
9 465
9 467
9 489
9 506
9 562
9 568
9 569
9 570
9 571
9 572
9 574
9 575
9 578
9 579
9 581
9 638
9 639
9 641
9 644
9 648
9 733
9 783
10 16
10 29
10 30
10 36
10 42
10 63
10 79
10 81
10 87
10 90
10 91
10 92
10 93
10 95
10 98
10 99
10 104
10 105
10 106
10 107
10 108
10 109
10 110
10 113
10 114
10 115
10 116
10 117
10 118
10 119
10 120
10 121
10 122
10 123
10 124
10 125
10 126
10 127
10 128
10 129
10 130
10 131
10 133
10 134
10 135
10 136
10 137
10 139
10 140
10 141
10 142
10 143
10 144
10 145
10 146
10 147
10 148
10 149
10 150
10 151
10 152
10 153
10 154
10 155
10 157
10 158
10 159
10 162
10 163
10 172
10 174
10 175
10 178
10 182
10 183
10 184
10 186
10 187
10 188
10 189
10 195
10 207
10 209
10 216
10 217
10 219
10 220
10 221
10 222
10 224
10 225
10 229
10 230
10 232
10 235
10 236
10 237
10 242
10 262
10 268
10 288
10 312
10 313
10 328
10 339
10 366
10 386
10 489
10 500
10 563
10 633
10 642
10 645
10 647
10 649
10 650
10 716
10 717
10 718
10 719
10 720
10 721
10 722
10 723
10 725
10 730
10 736
10 761
10 777
10 778
10 780
10 784
11 14
11 15
11 16
11 35
11 36
11 42
11 51
11 75
11 76
11 79
11 81
11 82
11 87
11 90
11 91
11 92
11 93
11 95
11 98
11 99
11 104
11 105
11 106
11 107
11 108
11 109
11 110
11 113
11 114
11 115
11 116
11 117
11 118
11 120
11 121
11 122
11 123
11 124
11 126
11 127
11 128
11 129
11 130
11 131
11 132
11 133
11 134
11 135
11 136
11 137
11 139
11 140
11 141
11 142
11 143
11 144
11 145
11 146
11 147
11 148
11 149
11 150
11 151
11 152
11 153
11 154
11 155
11 157
11 158
11 159
11 162
11 163
11 172
11 174
11 175
11 178
11 182
11 183
11 184
11 187
11 195
11 196
11 203
11 207
11 209
11 210
11 216
11 217
11 219
11 220
11 221
11 222
11 224
11 225
11 229
11 230
11 232
11 233
11 234
11 235
11 236
11 237
11 242
11 249
11 254
11 263
11 275
11 276
11 277
11 286
11 312
11 313
11 367
11 385
11 387
11 388
11 390
11 409
11 410
11 417
11 428
11 429
11 439
11 443
11 444
11 463
11 489
11 516
11 634
11 708
12 16
12 36
12 42
12 48
12 79
12 81
12 87
12 90
12 91
12 92
12 93
12 95
12 98
12 99
12 104
12 105
12 106
12 107
12 108
12 109
12 110
12 113
12 114
12 115
12 116
12 117
12 118
12 120
12 121
12 122
12 123
12 124
12 126
12 127
12 128
12 129
12 130
12 131
12 133
12 134
12 135
12 136
12 137
12 139
12 140
12 141
12 142
12 143
12 144
12 145
12 146
12 147
12 148
12 149
12 150
12 151
12 152
12 153
12 154
12 155
12 157
12 158
12 159
12 162
12 163
12 172
12 174
12 175
12 178
12 182
12 183
12 184
12 187
12 193
12 201
12 203
12 210
12 214
12 231
12 281
12 286
12 297
12 312
12 313
12 326
12 327
12 366
12 367
12 386
12 387
12 388
12 390
12 392
12 407
12 410
12 414
12 415
12 416
12 417
12 436
12 438
12 439
12 442
12 443
12 444
12 459
12 460
12 461
12 462
12 463
12 464
13 16
13 30
13 36
13 42
13 54
13 68
13 79
13 81
13 87
13 90
13 91
13 92
13 93
13 95
13 98
13 99
13 104
13 105
13 106
13 107
13 108
13 109
13 110
13 113
13 114
13 115
13 116
13 117
13 118
13 120
13 121
13 122
13 123
13 124
13 126
13 127
13 128
13 129
13 130
13 131
13 133
13 134
13 135
13 136
13 137
13 139
13 140
13 141
13 142
13 143
13 144
13 145
13 146
13 147
13 148
13 149
13 150
13 151
13 152
13 153
13 154
13 155
13 157
13 158
13 159
13 162
13 163
13 172
13 174
13 175
13 178
13 182
13 183
13 184
13 187
13 189
13 195
13 205
13 207
13 209
13 216
13 217
13 219
13 220
13 221
13 222
13 224
13 225
13 229
13 230
13 232
13 235
13 236
13 237
13 239
13 242
13 284
13 288
13 296
13 304
13 486
13 522
13 523
13 672
14 16
14 35
14 36
14 42
14 76
14 79
14 81
14 87
14 90
14 91
14 92
14 93
14 95
14 98
14 99
14 104
14 105
14 106
14 107
14 108
14 109
14 110
14 113
14 114
14 115
14 116
14 117
14 118
14 120
14 121
14 122
14 123
14 124
14 126
14 127
14 128
14 129
14 130
14 131
14 132
14 133
14 134
14 135
14 136
14 137
14 139
14 140
14 141
14 142
14 143
14 144
14 145
14 146
14 147
14 148
14 149
14 150
14 151
14 152
14 153
14 154
14 155
14 157
14 158
14 159
14 162
14 163
14 172
14 174
14 175
14 178
14 182
14 183
14 184
14 187
14 189
14 195
14 196
14 207
14 209
14 216
14 217
14 219
14 220
14 221
14 222
14 224
14 225
14 229
14 230
14 232
14 233
14 235
14 236
14 237
14 242
14 246
14 249
14 254
14 263
14 275
14 276
14 277
14 288
14 367
14 390
14 444
15 16
15 29
15 35
15 36
15 42
15 76
15 79
15 81
15 82
15 87
15 90
15 91
15 92
15 93
15 95
15 98
15 99
15 104
15 105
15 106
15 107
15 108
15 109
15 110
15 113
15 114
15 115
15 116
15 117
15 118
15 120
15 121
15 122
15 123
15 124
15 126
15 127
15 128
15 129
15 130
15 131
15 133
15 134
15 135
15 136
15 137
15 139
15 140
15 141
15 142
15 143
15 144
15 145
15 146
15 147
15 148
15 149
15 150
15 151
15 152
15 153
15 154
15 155
15 157
15 158
15 159
15 162
15 163
15 172
15 174
15 175
15 178
15 182
15 183
15 184
15 187
15 195
15 196
15 200
15 207
15 209
15 210
15 216
15 217
15 219
15 220
15 221
15 222
15 224
15 225
15 229
15 230
15 232
15 233
15 235
15 236
15 237
15 242
15 249
15 254
15 263
15 275
15 276
15 277
15 286
15 294
15 387
15 430
15 452
15 504
15 516
16 18
16 19
16 20
16 21
16 25
16 27
16 28
16 29
16 30
16 31
16 33
16 34
16 35
16 36
16 41
16 42
16 43
16 44
16 45
16 46
16 47
16 49
16 51
16 52
16 53
16 54
16 57
16 79
16 81
16 87
16 90
16 91
16 92
16 93
16 95
16 98
16 99
16 104
16 105
16 106
16 107
16 108
16 109
16 110
16 113
16 114
16 115
16 116
16 117
16 118
16 120
16 121
16 122
16 123
16 124
16 126
16 127
16 128
16 129
16 130
16 131
16 133
16 134
16 135
16 136
16 137
16 139
16 140
16 141
16 142
16 143
16 144
16 145
16 146
16 147
16 148
16 149
16 150
16 151
16 152
16 153
16 154
16 155
16 157
16 158
16 159
16 162
16 163
16 172
16 174
16 175
16 178
16 182
16 183
16 184
16 187
16 297
16 323
16 324
16 338
16 362
16 364
16 365
16 394
16 465
16 574
16 578
16 581
16 644
17 30
17 36
17 42
17 48
17 76
17 79
17 86
17 87
17 89
17 90
17 93
17 95
17 99
17 110
17 114
17 115
17 116
17 118
17 123
17 129
17 131
17 152
17 174
17 178
17 184
17 193
17 195
17 201
17 203
17 207
17 209
17 210
17 214
17 216
17 217
17 219
17 220
17 221
17 222
17 224
17 225
17 229
17 230
17 231
17 232
17 235
17 236
17 237
17 242
17 281
17 286
17 297
17 312
17 313
17 326
17 327
17 366
17 386
17 387
17 392
17 393
17 407
17 410
17 414
17 415
17 416
17 436
17 438
17 442
17 459
17 460
17 461
17 462
17 464
18 29
18 35
18 36
18 42
18 76
18 79
18 81
18 87
18 90
18 91
18 92
18 93
18 95
18 98
18 99
18 104
18 105
18 106
18 107
18 108
18 109
18 110
18 113
18 114
18 115
18 116
18 117
18 118
18 120
18 121
18 122
18 123
18 124
18 126
18 127
18 128
18 129
18 130
18 131
18 133
18 134
18 135
18 136
18 137
18 139
18 140
18 141
18 142
18 143
18 144
18 145
18 146
18 147
18 148
18 149
18 150
18 151
18 152
18 153
18 154
18 155
18 157
18 158
18 159
18 162
18 163
18 172
18 174
18 175
18 178
18 182
18 183
18 184
18 187
18 195
18 196
18 207
18 209
18 216
18 217
18 219
18 220
18 221
18 222
18 224
18 225
18 229
18 230
18 232
18 233
18 235
18 236
18 237
18 242
18 249
18 254
18 263
18 275
18 276
18 277
18 409
19 26
19 36
19 37
19 42
19 79
19 81
19 87
19 90
19 91
19 92
19 93
19 95
19 98
19 99
19 104
19 105
19 106
19 107
19 108
19 109
19 110
19 113
19 114
19 115
19 116
19 117
19 118
19 120
19 121
19 122
19 123
19 124
19 126
19 127
19 128
19 129
19 130
19 131
19 133
19 134
19 135
19 136
19 137
19 139
19 140
19 141
19 142
19 143
19 144
19 145
19 146
19 147
19 148
19 149
19 150
19 151
19 152
19 153
19 154
19 155
19 157
19 158
19 159
19 162
19 163
19 166
19 169
19 172
19 174
19 175
19 178
19 182
19 183
19 184
19 187
19 189
19 194
19 205
19 238
19 273
19 288
19 290
19 300
19 329
19 347
19 348
19 373
19 418
19 425
19 427
19 448
19 450
19 483
19 484
19 485
19 512
19 523
19 530
19 532
19 604
19 744
19 808
20 36
20 42
20 76
20 79
20 81
20 87
20 90
20 91
20 92
20 93
20 95
20 98
20 99
20 104
20 105
20 106
20 107
20 108
20 109
20 110
20 113
20 114
20 115
20 116
20 117
20 118
20 120
20 121
20 122
20 123
20 124
20 125
20 126
20 127
20 128
20 129
20 130
20 131
20 133
20 134
20 135
20 136
20 137
20 139
20 140
20 141
20 142
20 143
20 144
20 145
20 146
20 147
20 148
20 149
20 150
20 151
20 152
20 153
20 154
20 155
20 157
20 158
20 159
20 162
20 163
20 172
20 174
20 175
20 178
20 182
20 183
20 184
20 185
20 187
20 195
20 207
20 209
20 216
20 217
20 219
20 220
20 221
20 222
20 224
20 225
20 229
20 230
20 232
20 235
20 236
20 237
20 242
20 268
20 328
20 339
20 467
21 29
21 36
21 42
21 76
21 79
21 81
21 87
21 90
21 91
21 92
21 93
21 95
21 98
21 99
21 104
21 105
21 106
21 107
21 108
21 109
21 110
21 113
21 114
21 115
21 116
21 117
21 118
21 120
21 121
21 122
21 123
21 124
21 126
21 127
21 128
21 129
21 130
21 131
21 133
21 134
21 135
21 136
21 137
21 139
21 140
21 141
21 142
21 143
21 144
21 145
21 146
21 147
21 148
21 149
21 150
21 151
21 152
21 153
21 154
21 155
21 157
21 158
21 159
21 162
21 163
21 172
21 174
21 175
21 178
21 182
21 183
21 184
21 187
21 195
21 207
21 209
21 216
21 217
21 219
21 220
21 221
21 222
21 224
21 225
21 229
21 230
21 232
21 235
21 236
21 237
21 242
21 294
22 23
22 24
22 32
22 73
22 78
22 100
22 138
22 256
22 257
22 278
22 295
22 321
22 355
22 493
22 546
22 549
22 550
22 551
22 552
22 553
22 554
22 555
22 556
22 558
22 619
22 620
22 621
22 622
22 623
22 624
22 625
22 626
23 24
23 32
23 67
23 72
23 77
23 138
23 256
23 265
23 266
23 267
23 270
23 306
23 370
23 476
23 493
23 546
23 549
23 550
23 551
23 552
23 553
23 554
23 555
23 556
23 558
23 619
23 620
23 621
23 622
23 623
23 624
23 625
23 626
24 32
24 50
24 72
24 138
24 256
24 265
24 266
24 267
24 270
24 306
24 370
24 476
24 493
24 546
24 549
24 550
24 551
24 552
24 553
24 554
24 555
24 556
24 558
24 619
24 620
24 621
24 622
24 623
24 624
24 625
24 626
25 29
25 36
25 39
25 42
25 68
25 79
25 81
25 87
25 90
25 91
25 92
25 93
25 95
25 98
25 99
25 104
25 105
25 106
25 107
25 108
25 109
25 110
25 113
25 114
25 115
25 116
25 117
25 118
25 120
25 121
25 122
25 123
25 124
25 126
25 127
25 128
25 129
25 130
25 131
25 133
25 134
25 135
25 136
25 137
25 139
25 140
25 141
25 142
25 143
25 144
25 145
25 146
25 147
25 148
25 149
25 150
25 151
25 152
25 153
25 154
25 155
25 157
25 158
25 159
25 162
25 163
25 172
25 175
25 189
25 196
25 231
25 233
25 249
25 263
25 276
25 288
25 367
25 388
25 390
25 417
25 438
25 439
25 443
25 444
25 463
25 562
25 567
26 37
26 55
26 191
26 194
26 206
26 250
26 262
26 274
26 284
26 294
26 296
26 307
26 317
26 333
26 335
26 346
26 347
26 350
26 358
26 382
26 431
26 449
26 472
26 487
26 507
26 520
26 521
26 524
26 525
26 526
26 527
26 528
26 529
26 602
26 605
26 741
26 749
26 750
26 751
26 805
26 808
26 887
26 925
27 35
27 36
27 42
27 43
27 45
27 56
27 79
27 81
27 87
27 90
27 91
27 92
27 93
27 95
27 98
27 99
27 104
27 105
27 106
27 107
27 108
27 109
27 110
27 113
27 114
27 115
27 116
27 117
27 118
27 120
27 121
27 122
27 123
27 124
27 126
27 127
27 128
27 129
27 130
27 131
27 133
27 134
27 135
27 136
27 137
27 139
27 140
27 141
27 142
27 143
27 144
27 145
27 146
27 147
27 148
27 149
27 150
27 151
27 152
27 153
27 154
27 155
27 157
27 158
27 159
27 162
27 163
27 172
27 174
27 175
27 178
27 182
27 183
27 184
27 187
27 196
27 233
27 249
27 254
27 263
27 275
27 276
27 277
27 453
27 763
28 29
28 31
28 33
28 34
28 35
28 36
28 42
28 49
28 79
28 81
28 87
28 90
28 91
28 92
28 93
28 95
28 98
28 99
28 104
28 105
28 106
28 107
28 108
28 109
28 110
28 113
28 114
28 115
28 116
28 117
28 118
28 120
28 121
28 122
28 123
28 124
28 126
28 127
28 128
28 129
28 130
28 131
28 133
28 134
28 135
28 136
28 137
28 139
28 140
28 141
28 142
28 143
28 144
28 145
28 146
28 147
28 148
28 149
28 150
28 151
28 152
28 153
28 154
28 155
28 157
28 158
28 159
28 162
28 163
28 172
28 174
28 175
28 178
28 182
28 183
28 184
28 187
28 196
28 233
28 249
28 254
28 263
28 275
28 276
28 277
28 294
28 393
28 431
28 567
29 31
29 33
29 35
29 36
29 42
29 79
29 81
29 84
29 87
29 90
29 91
29 92
29 93
29 95
29 98
29 99
29 104
29 105
29 106
29 107
29 108
29 109
29 110
29 113
29 114
29 115
29 116
29 117
29 118
29 120
29 121
29 122
29 123
29 124
29 126
29 127
29 128
29 129
29 130
29 131
29 133
29 134
29 135
29 136
29 137
29 139
29 140
29 141
29 142
29 143
29 144
29 145
29 146
29 147
29 148
29 149
29 150
29 151
29 152
29 153
29 154
29 155
29 157
29 158
29 159
29 162
29 163
29 172
29 174
29 175
29 178
29 182
29 183
29 184
29 187
29 196
29 233
29 249
29 254
29 263
29 275
29 276
29 277
29 294
29 491
29 616
29 709
30 36
30 42
30 43
30 45
30 76
30 79
30 81
30 82
30 83
30 86
30 87
30 88
30 89
30 90
30 91
30 92
30 93
30 95
30 98
30 99
30 104
30 105
30 106
30 107
30 108
30 109
30 110
30 113
30 114
30 115
30 116
30 117
30 118
30 120
30 121
30 122
30 123
30 124
30 126
30 127
30 128
30 129
30 130
30 131
30 133
30 134
30 135
30 136
30 137
30 139
30 140
30 141
30 142
30 143
30 144
30 145
30 146
30 147
30 148
30 149
30 150
30 151
30 152
30 153
30 154
30 155
30 157
30 158
30 159
30 162
30 163
30 172
30 174
30 175
30 178
30 182
30 183
30 184
30 187
30 217
30 219
30 220
30 393
31 34
31 35
31 36
31 42
31 79
31 81
31 87
31 90
31 91
31 92
31 93
31 95
31 98
31 99
31 104
31 105
31 106
31 107
31 108
31 109
31 110
31 113
31 114
31 115
31 116
31 117
31 118
31 120
31 121
31 122
31 123
31 124
31 126
31 127
31 128
31 129
31 130
31 131
31 133
31 134
31 135
31 136
31 137
31 139
31 140
31 141
31 142
31 143
31 144
31 145
31 146
31 147
31 148
31 149
31 150
31 151
31 152
31 153
31 154
31 155
31 157
31 158
31 159
31 162
31 163
31 172
31 174
31 175
31 178
31 182
31 183
31 184
31 187
31 196
31 233
31 249
31 254
31 263
31 275
31 276
31 277
31 292
31 490
31 542
31 732
32 72
32 73
32 74
32 100
32 138
32 256
32 257
32 278
32 295
32 305
32 321
32 355
32 493
32 546
32 549
32 550
32 552
32 619
32 620
32 621
32 622
32 624
32 625
32 626
33 34
33 35
33 36
33 42
33 79
33 81
33 87
33 90
33 91
33 92
33 93
33 95
33 98
33 99
33 104
33 105
33 106
33 107
33 108
33 109
33 110
33 113
33 114
33 115
33 116
33 117
33 118
33 120
33 121
33 122
33 123
33 124
33 126
33 127
33 128
33 129
33 130
33 131
33 133
33 134
33 135
33 136
33 137
33 139
33 140
33 141
33 142
33 143
33 144
33 145
33 146
33 147
33 148
33 149
33 150
33 151
33 152
33 153
33 154
33 155
33 157
33 158
33 159
33 162
33 163
33 172
33 174
33 175
33 178
33 182
33 183
33 184
33 187
33 196
33 233
33 249
33 254
33 263
33 275
33 276
33 277
33 393
34 35
34 36
34 42
34 49
34 79
34 81
34 87
34 90
34 91
34 92
34 93
34 95
34 98
34 99
34 104
34 105
34 106
34 107
34 108
34 109
34 110
34 113
34 114
34 115
34 116
34 117
34 118
34 120
34 121
34 122
34 123
34 124
34 126
34 127
34 128
34 129
34 130
34 131
34 133
34 134
34 135
34 136
34 137
34 139
34 140
34 141
34 142
34 143
34 144
34 145
34 146
34 147
34 148
34 149
34 150
34 151
34 152
34 153
34 154
34 155
34 157
34 158
34 159
34 162
34 163
34 172
34 174
34 175
34 178
34 182
34 183
34 184
34 187
34 196
34 233
34 249
34 254
34 263
34 275
34 276
34 277
35 36
35 42
35 79
35 81
35 87
35 90
35 91
35 92
35 93
35 95
35 98
35 99
35 104
35 105
35 106
35 107
35 108
35 109
35 110
35 113
35 114
35 115
35 116
35 117
35 118
35 120
35 121
35 122
35 123
35 124
35 126
35 127
35 128
35 129
35 130
35 131
35 133
35 134
35 135
35 136
35 137
35 139
35 140
35 141
35 142
35 143
35 144
35 145
35 146
35 147
35 148
35 149
35 150
35 151
35 152
35 153
35 154
35 155
35 157
35 158
35 159
35 162
35 163
35 172
35 174
35 175
35 178
35 182
35 183
35 184
35 187
35 196
35 234
35 243
35 254
35 275
35 277
36 39
36 40
36 41
36 42
36 43
36 44
36 45
36 46
36 47
36 49
36 51
36 52
36 53
36 54
36 57
36 59
36 62
36 64
36 65
36 66
36 79
36 81
36 87
36 90
36 91
36 92
36 93
36 95
36 98
36 99
36 104
36 105
36 106
36 107
36 108
36 109
36 110
36 113
36 114
36 115
36 117
36 118
36 119
36 120
36 121
36 122
36 123
36 124
36 126
36 127
36 128
36 129
36 130
36 131
36 133
36 134
36 135
36 136
36 137
36 139
36 140
36 142
36 143
36 144
36 145
36 146
36 147
36 148
36 149
36 150
36 151
36 153
36 154
36 155
36 157
36 159
36 445
37 55
37 169
37 189
37 191
37 194
37 197
37 250
37 262
37 273
37 274
37 288
37 302
37 317
37 333
37 345
37 346
37 347
37 348
37 418
37 423
37 424
37 425
37 448
37 449
37 450
37 472
37 483
37 484
37 485
37 487
37 520
37 521
37 524
37 525
37 526
37 532
37 602
37 604
37 664
37 667
37 741
37 749
37 751
37 809
38 677
38 794
38 795
38 813
38 829
38 830
38 834
38 835
38 839
38 840
38 842
38 843
38 844
38 845
38 846
38 847
38 848
38 849
38 850
38 851
38 852
38 853
38 854
38 865
38 867
38 869
38 870
38 871
38 873
38 878
38 880
38 881
38 882
38 883
38 884
38 885
38 886
38 888
38 890
38 893
38 894
38 895
38 896
38 898
38 899
38 900
38 901
38 902
38 907
38 908
38 916
38 917
38 918
38 922
38 924
38 927
38 929
38 931
38 932
38 934
38 935
38 936
38 937
38 939
38 940
38 941
38 944
38 945
38 946
38 947
38 949
38 950
38 951
38 952
38 954
38 955
38 956
38 957
38 958
38 959
38 960
38 966
38 967
38 968
38 969
38 970
38 971
38 972
39 42
39 79
39 81
39 87
39 90
39 91
39 92
39 93
39 95
39 98
39 99
39 104
39 105
39 106
39 107
39 108
39 109
39 110
39 113
39 114
39 115
39 117
39 118
39 120
39 121
39 122
39 123
39 124
39 126
39 127
39 128
39 129
39 130
39 131
39 133
39 134
39 135
39 136
39 137
39 139
39 140
39 142
39 143
39 144
39 145
39 146
39 147
39 148
39 149
39 150
39 151
39 153
39 154
39 155
39 157
39 159
39 189
39 288
39 367
39 388
39 390
39 417
39 439
39 443
39 444
39 463
39 562
40 42
40 43
40 56
40 79
40 81
40 87
40 90
40 91
40 92
40 93
40 95
40 98
40 99
40 104
40 105
40 106
40 107
40 108
40 109
40 110
40 113
40 114
40 115
40 117
40 118
40 119
40 120
40 121
40 122
40 123
40 124
40 125
40 126
40 127
40 128
40 129
40 130
40 131
40 133
40 134
40 135
40 136
40 137
40 139
40 140
40 141
40 142
40 143
40 144
40 145
40 146
40 147
40 148
40 149
40 150
40 151
40 153
40 154
40 155
40 157
40 159
40 184
40 207
40 339
40 467
40 572
40 726
40 785
41 42
41 79
41 81
41 87
41 90
41 91
41 92
41 93
41 95
41 98
41 99
41 104
41 105
41 106
41 107
41 108
41 109
41 110
41 113
41 114
41 115
41 116
41 117
41 118
41 120
41 121
41 122
41 123
41 124
41 125
41 126
41 127
41 128
41 129
41 130
41 131
41 133
41 134
41 135
41 136
41 137
41 139
41 140
41 141
41 142
41 143
41 144
41 145
41 146
41 147
41 148
41 149
41 150
41 151
41 152
41 153
41 154
41 155
41 157
41 158
41 159
41 162
41 163
41 172
41 174
41 175
41 178
41 182
41 183
41 184
41 187
41 241
41 268
41 437
42 43
42 44
42 45
42 46
42 47
42 49
42 51
42 52
42 53
42 54
42 57
42 59
42 62
42 64
42 65
42 66
42 79
42 81
42 87
42 90
42 91
42 92
42 93
42 95
42 98
42 99
42 104
42 105
42 106
42 107
42 108
42 109
42 110
42 113
42 114
42 115
42 117
42 118
42 120
42 121
42 122
42 123
42 124
42 126
42 127
42 128
42 129
42 130
42 131
42 133
42 134
42 135
42 136
42 137
42 139
42 140
42 142
42 143
42 144
42 145
42 146
42 147
42 148
42 149
42 150
42 151
42 153
42 154
42 155
42 157
42 159
43 45
43 79
43 81
43 87
43 90
43 91
43 92
43 93
43 95
43 98
43 99
43 104
43 105
43 106
43 107
43 108
43 109
43 110
43 113
43 114
43 115
43 116
43 117
43 118
43 120
43 121
43 122
43 123
43 124
43 126
43 127
43 128
43 129
43 130
43 131
43 133
43 134
43 135
43 136
43 137
43 139
43 140
43 141
43 142
43 143
43 144
43 145
43 146
43 147
43 148
43 149
43 150
43 151
43 152
43 153
43 154
43 155
43 157
43 158
43 159
43 162
43 163
43 172
43 174
43 175
43 178
43 182
43 183
43 184
43 187
44 79
44 81
44 87
44 90
44 91
44 92
44 93
44 95
44 98
44 99
44 104
44 105
44 106
44 107
44 108
44 109
44 110
44 113
44 114
44 115
44 116
44 117
44 118
44 120
44 121
44 122
44 123
44 124
44 125
44 126
44 127
44 128
44 129
44 130
44 131
44 133
44 134
44 135
44 136
44 137
44 139
44 140
44 141
44 142
44 143
44 144
44 145
44 146
44 147
44 148
44 149
44 150
44 151
44 152
44 153
44 154
44 155
44 157
44 158
44 159
44 162
44 163
44 172
44 174
44 175
44 178
44 182
44 183
44 184
44 187
44 729
44 833
45 79
45 81
45 87
45 90
45 91
45 92
45 93
45 95
45 98
45 99
45 104
45 105
45 106
45 107
45 108
45 109
45 110
45 113
45 114
45 115
45 116
45 117
45 118
45 120
45 121
45 122
45 123
45 124
45 126
45 127
45 128
45 129
45 130
45 131
45 133
45 134
45 135
45 136
45 137
45 139
45 140
45 141
45 142
45 143
45 144
45 145
45 146
45 147
45 148
45 149
45 150
45 151
45 152
45 153
45 154
45 155
45 157
45 158
45 159
45 162
45 163
45 172
45 174
45 175
45 178
45 182
45 183
45 184
45 187
46 79
46 81
46 87
46 90
46 91
46 92
46 93
46 95
46 98
46 99
46 104
46 105
46 106
46 107
46 108
46 109
46 110
46 113
46 114
46 115
46 116
46 117
46 118
46 120
46 121
46 122
46 123
46 124
46 125
46 126
46 127
46 128
46 129
46 130
46 131
46 133
46 134
46 135
46 136
46 137
46 139
46 140
46 141
46 142
46 143
46 144
46 145
46 146
46 147
46 148
46 149
46 150
46 151
46 152
46 153
46 154
46 155
46 157
46 158
46 159
46 162
46 163
46 172
46 174
46 175
46 178
46 182
46 183
46 184
46 187
46 268
46 328
47 79
47 81
47 87
47 90
47 91
47 92
47 93
47 95
47 98
47 99
47 104
47 105
47 106
47 107
47 108
47 109
47 110
47 113
47 114
47 115
47 116
47 117
47 118
47 120
47 121
47 122
47 123
47 124
47 126
47 127
47 128
47 129
47 130
47 131
47 133
47 134
47 135
47 136
47 137
47 139
47 140
47 141
47 142
47 143
47 144
47 145
47 146
47 147
47 148
47 149
47 150
47 151
47 152
47 153
47 154
47 155
47 157
47 158
47 159
47 162
47 163
47 172
47 175
47 297
47 465
47 578
47 644
48 189
48 193
48 201
48 203
48 210
48 214
48 231
48 281
48 286
48 288
48 297
48 312
48 313
48 314
48 326
48 327
48 366
48 386
48 387
48 392
48 407
48 410
48 414
48 415
48 416
48 436
48 438
48 442
48 459
48 460
48 461
48 462
48 464
49 68
49 79
49 81
49 87
49 90
49 91
49 92
49 93
49 95
49 98
49 99
49 104
49 105
49 106
49 107
49 108
49 109
49 110
49 113
49 114
49 115
49 116
49 117
49 118
49 120
49 121
49 122
49 123
49 124
49 126
49 127
49 128
49 129
49 130
49 131
49 133
49 134
49 135
49 136
49 137
49 139
49 140
49 141
49 142
49 143
49 144
49 145
49 146
49 147
49 148
49 149
49 150
49 151
49 152
49 153
49 154
49 155
49 157
49 158
49 159
49 162
49 163
49 172
49 174
49 175
49 178
49 182
49 183
49 184
49 187
50 84
50 92
50 94
50 98
50 197
50 252
50 253
50 259
50 262
50 272
50 280
50 300
50 301
50 314
50 325
50 351
50 352
50 356
50 398
50 405
50 408
50 431
50 473
50 487
50 519
50 541
50 559
50 610
50 627
50 663
50 746
50 760
51 79
51 81
51 87
51 90
51 91
51 92
51 93
51 95
51 98
51 99
51 104
51 105
51 106
51 107
51 108
51 109
51 110
51 113
51 114
51 115
51 116
51 117
51 118
51 120
51 121
51 122
51 123
51 124
51 126
51 127
51 128
51 129
51 130
51 131
51 133
51 134
51 135
51 136
51 137
51 139
51 140
51 141
51 142
51 143
51 144
51 145
51 146
51 147
51 148
51 149
51 150
51 151
51 152
51 153
51 154
51 155
51 157
51 158
51 159
51 162
51 163
51 172
51 174
51 175
51 178
51 182
51 183
51 184
51 187
51 543
52 79
52 81
52 87
52 90
52 91
52 92
52 93
52 95
52 98
52 99
52 104
52 105
52 106
52 107
52 108
52 109
52 110
52 113
52 114
52 115
52 116
52 117
52 118
52 120
52 121
52 122
52 123
52 124
52 125
52 126
52 127
52 128
52 129
52 130
52 131
52 133
52 134
52 135
52 136
52 137
52 139
52 140
52 141
52 142
52 143
52 144
52 145
52 146
52 147
52 148
52 149
52 150
52 151
52 152
52 153
52 154
52 155
52 157
52 158
52 159
52 162
52 163
52 172
52 174
52 175
52 178
52 182
52 183
52 184
52 187
52 200
52 241
52 500
52 779
53 79
53 81
53 87
53 90
53 91
53 92
53 93
53 95
53 98
53 99
53 104
53 105
53 106
53 107
53 108
53 109
53 110
53 113
53 114
53 115
53 116
53 117
53 118
53 120
53 121
53 122
53 123
53 124
53 125
53 126
53 127
53 128
53 129
53 130
53 131
53 133
53 134
53 135
53 136
53 137
53 139
53 140
53 141
53 142
53 143
53 144
53 145
53 146
53 147
53 148
53 149
53 150
53 151
53 152
53 153
53 154
53 155
53 157
53 158
53 159
53 162
53 163
53 172
53 174
53 175
53 178
53 182
53 183
53 184
53 187
54 79
54 81
54 87
54 90
54 91
54 92
54 93
54 95
54 98
54 99
54 104
54 105
54 106
54 107
54 108
54 109
54 110
54 113
54 114
54 115
54 116
54 117
54 118
54 120
54 121
54 122
54 123
54 124
54 126
54 127
54 128
54 129
54 130
54 131
54 133
54 134
54 135
54 136
54 137
54 139
54 140
54 141
54 142
54 143
54 144
54 145
54 146
54 147
54 148
54 149
54 150
54 151
54 152
54 153
54 154
54 155
54 157
54 158
54 159
54 162
54 163
54 172
54 174
54 175
54 178
54 182
54 183
54 184
54 187
54 205
55 116
55 141
55 152
55 158
55 162
55 163
55 191
55 223
55 233
55 250
55 294
55 302
55 343
55 345
55 348
55 350
55 356
55 373
55 375
55 423
55 424
55 427
55 447
55 472
55 487
55 511
55 522
55 524
55 597
55 744
56 93
56 113
56 119
56 186
56 188
56 207
56 339
56 563
56 633
56 642
56 647
56 649
56 650
56 716
56 717
56 718
56 719
56 720
56 721
56 722
56 723
56 726
56 730
56 736
56 778
56 780
56 785
57 79
57 81
57 87
57 90
57 91
57 92
57 93
57 95
57 98
57 99
57 104
57 105
57 106
57 107
57 108
57 109
57 110
57 113
57 114
57 115
57 116
57 117
57 118
57 120
57 121
57 122
57 123
57 124
57 125
57 126
57 127
57 128
57 129
57 130
57 131
57 133
57 134
57 135
57 136
57 137
57 139
57 140
57 141
57 142
57 143
57 144
57 145
57 146
57 147
57 148
57 149
57 150
57 151
57 152
57 153
57 154
57 155
57 157
57 158
57 159
57 162
57 163
57 172
57 175
58 61
58 94
58 169
58 189
58 191
58 205
58 246
58 247
58 272
58 288
58 289
58 300
58 348
58 352
58 375
58 385
58 431
58 435
58 472
58 483
58 498
58 523
58 610
58 661
58 674
58 704
58 773
58 798
58 801
58 812
58 814
58 825
58 836
58 837
58 864
58 923
59 60
59 79
59 81
59 87
59 90
59 91
59 92
59 93
59 95
59 98
59 99
59 104
59 105
59 106
59 107
59 108
59 109
59 110
59 113
59 114
59 115
59 116
59 117
59 118
59 119
59 120
59 121
59 122
59 123
59 124
59 126
59 127
59 128
59 129
59 130
59 131
59 133
59 134
59 135
59 136
59 137
59 139
59 140
59 141
59 142
59 143
59 144
59 145
59 146
59 147
59 148
59 149
59 150
59 151
59 152
59 153
59 154
59 155
59 157
59 158
59 159
59 162
59 293
59 411
60 87
60 90
60 92
60 95
60 99
60 109
60 114
60 115
60 118
60 120
60 121
60 124
60 127
60 128
60 133
60 134
60 135
60 136
60 137
60 142
60 144
60 145
60 146
60 147
60 148
60 149
60 150
60 153
60 154
60 155
60 186
60 189
60 203
60 288
60 312
60 314
60 390
60 393
60 409
60 411
60 568
60 569
60 570
60 571
60 575
60 638
60 639
60 641
60 648
61 82
61 92
61 229
61 246
61 311
61 323
61 324
61 338
61 360
61 361
61 362
61 364
61 365
61 368
61 435
62 79
62 81
62 87
62 90
62 91
62 92
62 93
62 95
62 98
62 99
62 104
62 105
62 106
62 107
62 108
62 109
62 110
62 113
62 114
62 115
62 117
62 118
62 120
62 121
62 122
62 123
62 124
62 126
62 127
62 128
62 129
62 130
62 131
62 133
62 134
62 135
62 136
62 137
62 139
62 140
62 142
62 143
62 144
62 145
62 146
62 147
62 148
62 149
62 150
62 151
62 153
62 154
62 155
62 157
62 159
62 314
63 64
63 122
63 130
63 195
63 209
63 268
63 312
63 313
63 326
63 327
63 328
63 339
63 366
63 386
63 407
63 500
63 645
63 725
63 776
63 777
63 784
64 79
64 81
64 87
64 90
64 91
64 92
64 93
64 95
64 98
64 99
64 104
64 105
64 106
64 107
64 108
64 109
64 110
64 113
64 114
64 115
64 117
64 118
64 120
64 121
64 122
64 123
64 124
64 125
64 126
64 127
64 128
64 129
64 130
64 131
64 133
64 134
64 135
64 136
64 137
64 139
64 140
64 142
64 143
64 144
64 145
64 146
64 147
64 148
64 149
64 150
64 151
64 153
64 154
64 155
64 157
64 159
64 262
65 79
65 81
65 87
65 90
65 91
65 92
65 93
65 95
65 98
65 99
65 104
65 105
65 106
65 107
65 108
65 109
65 110
65 113
65 114
65 115
65 117
65 118
65 119
65 120
65 121
65 122
65 123
65 124
65 126
65 127
65 128
65 129
65 130
65 131
65 133
65 134
65 135
65 136
65 137
65 139
65 140
65 142
65 143
65 144
65 145
65 146
65 147
65 148
65 149
65 150
65 151
65 153
65 154
65 155
65 157
65 159
66 79
66 81
66 87
66 90
66 91
66 92
66 93
66 95
66 98
66 99
66 104
66 105
66 106
66 107
66 108
66 109
66 110
66 113
66 114
66 115
66 117
66 118
66 120
66 121
66 122
66 123
66 124
66 126
66 127
66 128
66 129
66 130
66 131
66 133
66 134
66 135
66 136
66 137
66 139
66 140
66 142
66 143
66 144
66 145
66 146
66 147
66 148
66 149
66 150
66 151
66 153
66 154
66 155
66 157
66 159
67 197
67 252
67 253
67 258
67 272
67 301
67 309
67 322
67 325
67 351
67 357
67 377
67 380
67 381
67 398
67 399
67 401
67 402
67 403
67 405
67 433
67 473
67 488
67 540
67 663
67 703
67 712
67 760
67 938
68 132
68 169
68 180
68 186
68 191
68 208
68 212
68 271
68 303
68 428
68 448
68 449
68 450
68 473
68 486
68 490
68 491
68 532
68 756
68 806
68 827
69 165
69 179
69 206
69 446
69 585
69 595
69 609
69 611
69 612
69 628
69 629
69 631
69 665
69 695
69 706
70 72
70 73
70 74
70 77
70 78
70 100
70 245
70 256
70 257
70 265
70 266
70 267
70 270
70 278
70 295
70 305
70 319
70 320
70 321
70 355
70 556
71 168
71 246
71 302
71 311
71 345
71 360
71 361
71 423
71 424
71 481
71 482
71 601
71 748
71 861
71 868
71 920
71 942
71 965
72 73
72 74
72 245
72 256
72 257
72 265
72 266
72 267
72 270
72 278
72 295
72 305
72 319
72 320
72 321
72 355
73 74
73 77
73 78
73 245
73 256
73 257
73 265
73 266
73 267
73 270
73 278
73 295
73 305
73 319
73 320
73 321
73 355
74 245
74 256
74 257
74 265
74 266
74 267
74 270
74 278
74 295
74 305
74 319
74 320
74 321
74 355
75 132
75 323
75 324
75 338
75 362
75 364
75 365
75 428
75 429
75 440
75 441
75 637
76 195
76 207
76 209
76 216
76 217
76 219
76 220
76 221
76 222
76 224
76 225
76 229
76 230
76 232
76 235
76 236
76 237
76 242
77 245
77 256
77 257
77 265
77 266
77 267
77 270
77 278
77 295
77 305
77 319
77 320
77 321
77 355
78 245
78 256
78 257
78 265
78 266
78 267
78 270
78 278
78 295
78 305
78 319
78 320
78 321
78 355
79 117
79 120
79 124
79 135
79 144
79 149
79 150
79 191
79 260
79 387
79 437
80 81
80 91
80 92
80 98
80 104
80 105
80 106
80 107
80 190
80 197
80 212
80 252
80 259
80 280
80 325
80 405
80 473
80 576
80 613
80 615
80 627
80 983
81 91
81 101
81 119
81 122
81 130
81 210
81 239
81 282
81 299
81 303
81 341
81 503
81 505
81 580
82 195
82 207
82 209
82 216
82 217
82 219
82 220
82 221
82 222
82 224
82 225
82 229
82 230
82 232
82 235
82 236
82 237
82 242
83 195
83 207
83 209
83 216
83 217
83 219
83 220
83 221
83 222
83 224
83 225
83 229
83 230
83 232
83 235
83 236
83 237
83 242
84 92
84 94
84 98
84 103
84 197
84 259
84 262
84 280
84 300
84 301
84 314
84 351
84 382
84 393
84 404
84 405
84 408
84 431
84 466
84 610
84 663
84 708
84 746
84 764
84 812
85 96
85 111
85 161
85 284
85 296
85 307
85 335
85 358
85 379
85 422
85 432
85 454
85 455
85 456
85 457
85 458
85 495
86 195
86 207
86 209
86 216
86 217
86 219
86 220
86 221
86 222
86 224
86 225
86 229
86 230
86 232
86 235
86 236
86 237
86 242
87 108
87 114
87 123
87 157
87 213
88 195
88 207
88 209
88 216
88 217
88 219
88 220
88 221
88 222
88 224
88 225
88 229
88 230
88 232
88 235
88 236
88 237
88 242
89 195
89 207
89 209
89 216
89 217
89 219
89 220
89 221
89 222
89 224
89 225
89 229
89 230
89 232
89 235
89 236
89 237
89 242
90 99
90 109
90 117
90 119
90 126
90 193
90 326
90 327
91 101
91 104
91 105
91 106
91 119
91 210
91 239
91 282
91 299
91 341
92 94
92 101
92 210
92 239
92 282
92 299
93 113
93 117
93 119
93 120
93 191
94 98
94 166
94 168
94 189
94 205
94 212
94 288
94 290
94 300
94 310
94 370
94 371
94 383
94 389
94 468
94 522
94 523
94 541
94 610
94 714
94 746
94 766
94 767
95 119
95 120
95 127
95 129
95 134
95 137
95 193
95 649
96 111
96 161
96 284
96 296
96 307
96 335
96 358
96 379
96 422
96 432
96 454
96 455
96 456
96 457
96 458
96 495
97 190
97 261
97 400
97 534
97 535
97 536
97 537
97 684
97 685
97 686
97 687
97 688
97 689
97 690
97 691
97 692
97 693
97 694
98 101
98 210
98 239
98 282
98 299
99 119
99 139
99 193
99 982
100 179
100 245
100 278
100 295
100 305
100 319
100 320
100 321
100 711
100 765
101 104
101 105
101 106
101 107
101 177
101 197
101 215
101 252
101 309
101 325
101 405
101 473
101 488
102 540
102 705
102 817
102 818
102 819
102 820
102 821
102 822
102 823
102 824
103 173
103 259
103 280
103 309
103 352
103 389
103 405
103 437
103 607
103 627
104 119
104 210
104 239
104 282
104 299
104 341
105 119
105 210
105 239
105 282
105 299
105 341
106 119
106 210
106 239
106 282
106 299
106 341
107 210
107 239
107 282
107 299
108 127
108 157
108 647
109 119
109 193
110 164
110 217
110 269
110 502
111 161
111 284
111 296
111 307
111 335
111 358
111 379
111 422
111 432
111 454
111 455
111 456
111 457
111 458
112 190
112 261
112 400
112 534
112 535
112 536
112 537
112 684
112 685
112 686
112 687
112 688
112 689
112 690
112 691
112 692
112 693
112 694
113 119
114 116
114 123
115 118
115 119
115 193
116 141
116 205
116 264
117 119
117 445
118 119
118 121
118 193
119 120
119 121
119 126
119 127
119 129
119 133
119 134
119 137
119 186
119 411
119 437
120 193
121 193
122 130
122 164
122 214
123 213
124 149
124 150
124 201
125 260
125 264
125 315
125 616
125 982
126 445
127 193
128 164
128 214
130 164
130 214
132 428
132 429
133 193
134 193
135 144
135 201
136 164
136 214
137 193
138 551
138 553
138 554
138 555
138 556
138 558
138 623
139 445
140 341
140 392
141 205
141 264
142 201
143 214
144 201
145 201
146 201
147 201
148 201
149 201
150 201
151 159
151 214
152 162
152 205
152 264
153 201
154 201
155 201
156 166
156 169
156 173
156 238
156 283
156 290
156 300
156 329
156 344
156 372
156 421
156 447
156 479
156 511
156 514
156 596
156 658
156 659
158 205
158 264
159 214
160 351
160 354
160 661
160 674
160 677
160 678
160 745
160 752
160 757
161 379
161 432
161 454
161 455
161 456
161 457
161 458
162 205
162 264
163 205
163 264
164 195
164 209
164 268
164 315
164 500
164 636
164 727
164 728
165 176
165 255
165 593
165 597
165 598
165 603
165 618
165 671
165 697
165 698
166 213
166 227
166 250
166 283
166 290
166 300
166 331
166 344
166 371
166 372
166 421
166 479
166 514
166 596
166 657
166 658
166 659
167 286
167 312
167 313
167 326
167 327
167 363
167 386
167 407
167 409
167 567
167 638
168 170
168 334
168 389
168 468
168 664
168 667
168 747
169 189
169 226
169 247
169 292
169 316
169 396
169 397
169 419
169 490
169 542
169 792
170 291
170 302
170 345
170 346
170 423
170 424
170 481
170 482
170 520
170 521
170 600
170 666
170 668
170 747
170 782
171 284
171 296
171 307
171 335
171 358
171 382
171 974
173 180
173 190
173 192
173 213
173 261
173 503
173 512
173 580
173 655
173 668
173 753
173 816
173 874
174 182
176 370
176 557
177 190
177 208
177 211
177 215
177 488
177 534
177 535
177 536
177 537
178 183
179 492
179 494
179 544
179 545
179 547
180 272
180 291
180 304
180 412
180 427
180 469
180 470
180 471
180 530
181 258
181 308
181 322
181 332
181 349
181 357
181 380
181 381
181 401
181 402
181 403
181 426
181 433
181 533
181 857
181 903
185 268
185 328
185 339
185 467
185 572
186 188
186 642
186 647
186 649
186 730
188 650
188 717
188 718
188 719
188 720
188 721
188 722
188 723
189 288
189 314
189 499
189 573
190 215
190 400
190 534
190 535
190 536
190 537
190 615
191 389
191 472
191 566
192 283
192 300
192 394
192 421
192 447
192 596
192 795
192 813
192 834
194 449
194 602
194 741
194 749
195 217
195 260
195 269
195 315
195 502
196 233
196 234
196 243
196 249
196 254
196 263
196 275
196 276
196 277
197 252
198 256
198 265
198 266
198 267
198 270
199 238
199 270
199 370
199 371
199 592
199 608
199 889
200 241
200 500
200 640
200 643
200 646
200 724
200 731
200 779
201 366
202 425
202 750
202 802
202 805
203 312
203 642
203 725
204 258
204 322
204 336
204 356
204 357
204 359
204 380
204 381
204 401
204 402
204 403
204 433
205 480
205 522
205 523
206 274
206 507
206 527
206 528
206 529
206 605
207 220
208 246
208 311
208 360
208 361
211 215
211 239
211 303
211 304
211 434
211 673
211 754
212 301
212 577
212 828
213 238
213 290
213 329
213 447
213 511
214 442
215 488
215 534
215 535
215 536
215 537
218 373
219 222
219 242
221 235
222 230
222 236
223 308
223 359
223 403
223 433
223 857
226 289
226 316
226 396
226 397
226 419
226 420
227 283
227 290
227 329
227 330
227 421
228 240
228 515
228 516
233 234
233 243
234 249
234 254
234 263
234 275
234 276
234 277
238 250
238 371
238 372
238 592
239 303
240 515
240 826
241 643
241 646
241 724
241 731
243 249
243 254
243 263
243 275
243 276
243 277
244 264
244 738
244 775
245 266
245 306
246 247
246 368
246 435
247 311
247 360
247 361
248 259
248 280
248 383
248 405
248 496
248 627
250 290
250 329
251 302
251 345
251 423
251 424
251 481
251 482
251 872
252 473
253 791
255 680
255 681
255 682
255 683
257 355
258 308
258 322
258 357
258 380
258 381
258 401
258 402
258 403
259 280
259 310
259 337
259 561
260 269
260 328
260 339
260 437
261 400
261 684
263 710
265 279
268 315
268 391
269 328
269 339
271 910
271 911
271 912
271 913
272 427
272 607
273 348
273 425
273 484
273 485
274 412
274 469
274 470
274 471
274 744
279 306
280 337
281 415
281 645
281 726
282 564
282 565
283 290
283 657
284 296
284 307
284 335
284 384
284 560
285 378
285 408
285 617
285 713
287 733
287 783
289 316
289 396
289 397
289 419
289 588
289 743
289 793
290 372
291 664
291 667
292 490
292 542
292 732
293 294
293 411
293 579
294 501
294 616
296 335
296 384
297 392
298 635
299 440
302 345
302 346
302 424
302 748
303 304
303 503
303 580
304 503
304 580
306 476
307 358
307 384
308 322
308 381
308 401
308 402
308 768
309 337
309 772
310 382
310 496
310 561
310 859
311 360
311 361
311 368
313 363
314 363
316 396
316 397
316 419
316 420
316 743
317 347
317 425
317 449
318 332
318 349
318 533
318 696
319 838
321 973
322 401
323 338
326 363
327 363
329 330
329 372
331 514
331 596
331 658
331 659
333 520
333 521
333 526
334 389
334 468
335 384
336 359
337 714
341 737
342 508
342 583
342 788
343 512
344 479
344 596
344 659
345 346
345 423
345 600
346 482
346 520
346 521
346 526
347 348
347 449
347 525
348 526
348 696
349 712
349 811
350 487
350 531
350 756
351 352
353 538
353 786
353 953
354 377
354 541
354 656
354 662
354 998
356 433
356 703
357 380
357 403
358 384
360 368
361 368
369 584
369 787
373 599
374 399
374 480
374 517
374 518
375 759
376 612
376 700
377 998
379 432
380 433
381 402
382 601
383 713
385 391
394 506
395 508
395 583
395 787
395 875
396 420
397 420
399 517
403 433
404 497
404 630
404 770
404 771
406 715
412 413
412 469
412 470
413 469
413 470
413 471
415 460
417 443
418 450
418 586
419 420
423 600
426 755
427 532
428 429
430 452
430 501
431 764
440 441
447 511
451 608
452 501
453 543
467 572
474 475
474 509
475 652
478 513
479 514
481 666
481 782
482 601
485 604
486 672
489 704
491 831
491 832
497 630
499 573
501 616
503 580
508 582
508 583
510 585
510 740
510 790
531 606
531 756
531 808
536 537
538 815
539 699
540 705
541 614
546 547
563 633
563 716
564 565
579 616
588 793
600 668
602 751
603 669
606 808
614 656
614 662
614 866
615 829
645 776
650 736
651 789
653 983
666 668
677 678
687 688
690 691
699 993
703 712
710 762
711 973
755 990
756 810
758 992
774 862
781 982
791 999
800 915
856 857
904 986
905 986
