0 25
0 50
0 56
0 105
0 144
0 214
0 246
0 297
0 298
0 311
0 312
0 324
0 358
0 445
0 466
0 516
0 569
0 586
0 619
0 710
0 722
0 744
0 786
0 878
0 918
0 924
0 955
1 19
1 20
1 36
1 39
1 40
1 43
1 69
1 85
1 89
1 113
1 136
1 157
1 173
1 174
1 258
1 260
1 268
1 272
1 279
1 299
1 301
1 362
1 389
1 438
1 448
1 452
1 470
1 507
1 633
1 912
2 13
2 17
2 20
2 32
2 36
2 37
2 43
2 85
2 99
2 139
2 146
2 161
2 166
2 259
2 346
2 353
2 360
2 391
2 393
2 399
2 411
2 413
2 448
2 494
2 660
2 894
3 57
3 156
3 171
3 233
3 254
3 457
3 492
4 221
4 243
4 307
4 373
4 498
4 553
4 606
4 608
4 626
4 652
5 34
5 49
5 51
5 73
5 80
5 96
5 152
5 154
5 188
5 218
5 221
5 224
5 281
5 334
5 340
5 424
5 459
5 460
5 472
5 667
5 806
5 826
6 13
6 17
6 29
6 40
6 42
6 85
6 99
6 106
6 127
6 153
6 215
6 241
6 260
6 320
6 339
6 344
6 360
6 493
6 494
6 510
6 537
7 19
7 23
7 27
7 30
7 38
7 39
7 40
7 68
7 78
7 89
7 106
7 109
7 117
7 122
7 127
7 136
7 161
7 166
7 176
7 187
7 189
7 194
7 208
7 219
7 255
7 303
7 318
7 320
7 321
7 324
7 355
7 359
7 383
7 389
7 399
7 435
7 528
7 641
7 930
8 17
8 39
8 113
8 130
8 174
8 246
8 248
8 277
8 279
8 291
8 324
8 336
8 370
8 381
8 382
8 388
8 396
8 416
8 419
8 470
8 507
8 508
8 675
8 743
8 758
8 771
9 24
9 36
9 41
9 55
9 76
9 103
9 162
9 198
9 243
9 253
9 339
9 344
9 386
9 537
9 597
9 676
10 41
10 50
10 76
10 139
10 170
10 236
10 298
10 323
10 339
10 361
10 425
10 456
10 474
10 502
10 676
10 716
10 767
11 44
11 100
11 118
11 144
11 185
11 316
11 557
11 559
12 53
12 100
12 118
12 138
12 148
12 185
12 293
12 354
12 479
12 580
12 613
12 732
12 775
13 14
13 17
13 20
13 25
13 29
13 36
13 39
13 42
13 74
13 99
13 106
13 117
13 127
13 161
13 170
13 194
13 214
13 215
13 246
13 268
13 320
13 413
13 493
13 513
13 562
14 20
14 27
14 36
14 37
14 43
14 69
14 85
14 99
14 169
14 210
14 260
14 299
14 346
14 393
14 413
14 471
14 494
14 588
14 619
14 746
15 18
15 143
15 144
15 247
15 258
15 280
15 293
15 308
15 557
15 890
16 28
16 52
16 128
16 200
16 240
16 245
16 343
16 384
16 414
16 449
16 498
16 515
16 534
16 600
16 614
16 657
16 674
16 699
16 773
17 25
17 36
17 40
17 99
17 113
17 161
17 170
17 215
17 246
17 268
17 286
17 413
17 435
17 493
17 499
17 562
18 144
18 243
18 396
18 799
18 910
19 20
19 85
19 141
19 149
19 207
19 400
19 413
19 448
19 452
19 470
19 582
19 678
20 36
20 37
20 40
20 43
20 69
20 70
20 85
20 113
20 117
20 119
20 134
20 139
20 194
20 260
20 411
20 438
20 448
20 452
20 511
20 660
20 802
21 115
21 135
21 147
21 169
21 269
21 325
21 335
21 428
21 846
22 27
22 32
22 35
22 39
22 63
22 78
22 84
22 252
22 341
22 364
22 401
22 426
22 435
22 438
22 499
22 578
22 594
22 636
22 760
22 762
22 837
23 39
23 68
23 106
23 109
23 122
23 130
23 141
23 149
23 160
23 167
23 187
23 189
23 208
23 252
23 255
23 261
23 265
23 303
23 318
23 321
23 355
23 499
23 523
23 528
23 641
23 815
23 930
24 41
24 55
24 76
24 198
24 209
24 211
24 253
24 378
25 42
25 43
25 134
25 153
25 161
25 215
25 246
25 260
25 494
25 582
25 619
25 642
25 791
26 94
26 159
26 293
26 374
26 425
26 543
26 759
27 39
27 43
27 78
27 84
27 127
27 137
27 160
27 167
27 194
27 252
27 255
27 302
27 383
27 401
27 418
27 426
27 435
27 490
27 499
27 527
27 578
27 594
27 719
28 379
28 392
28 410
28 498
28 534
28 600
28 634
28 674
28 733
28 868
29 74
29 75
29 113
29 114
29 141
29 178
29 179
29 184
29 241
29 243
29 323
29 381
29 402
29 430
29 466
29 488
29 510
29 544
29 584
30 39
30 106
30 122
30 160
30 205
30 252
30 279
30 313
30 318
30 324
30 731
30 912
31 106
31 158
31 193
31 206
31 356
31 446
31 478
31 576
31 788
32 36
32 108
32 117
32 134
32 137
32 153
32 180
32 270
32 302
32 341
32 360
32 364
32 383
32 401
32 426
32 438
32 679
33 36
33 40
33 150
33 157
33 268
33 337
33 447
33 501
33 507
33 552
33 621
33 910
34 49
34 51
34 73
34 80
34 96
34 152
34 218
34 385
34 460
34 826
35 137
35 244
35 259
35 267
35 310
35 313
35 353
35 362
35 390
35 421
35 578
35 589
35 651
35 685
35 709
35 769
35 803
35 887
35 927
35 990
36 39
36 40
36 42
36 43
36 68
36 69
36 70
36 74
36 99
36 113
36 157
36 169
36 190
36 223
36 279
36 511
37 85
37 139
37 346
37 391
37 393
37 802
38 39
38 50
38 63
38 122
38 129
38 158
38 186
38 194
38 219
38 261
38 274
38 318
38 350
38 446
38 478
38 523
38 636
38 813
39 42
39 68
39 78
39 106
39 129
39 160
39 167
39 176
39 189
39 194
39 206
39 219
39 252
39 303
39 318
39 321
39 347
39 355
39 523
39 528
40 43
40 74
40 82
40 89
40 166
40 223
40 272
40 338
40 388
40 536
40 577
41 55
41 76
41 103
41 113
41 191
41 298
41 299
41 378
41 381
41 466
42 43
42 69
42 134
42 140
42 411
42 452
42 619
42 641
42 724
43 68
43 69
43 85
44 100
44 150
44 185
44 354
44 412
44 479
44 505
45 164
45 184
45 231
45 245
45 343
45 358
45 397
45 482
45 488
45 498
45 565
45 574
45 609
45 634
45 699
45 722
45 737
45 742
45 786
45 817
45 868
45 895
45 969
46 93
46 159
46 226
46 236
46 374
46 543
46 649
47 254
47 405
47 461
47 467
48 108
48 178
48 286
48 344
48 504
48 533
48 796
49 73
49 80
49 152
49 188
49 224
49 334
49 340
49 459
49 460
49 472
50 56
50 214
50 298
50 311
50 312
50 419
50 445
50 476
50 525
50 526
50 546
50 586
50 851
51 73
51 80
51 152
51 218
51 385
52 87
52 282
52 392
52 482
52 600
52 665
52 868
53 100
53 118
53 138
53 185
53 333
53 354
53 613
53 732
54 66
54 225
54 294
54 778
54 838
54 911
55 103
55 370
55 491
55 537
55 597
56 105
56 214
56 298
57 250
57 592
57 596
57 795
57 949
58 124
58 227
58 275
58 409
58 601
58 754
59 116
59 201
59 227
59 239
59 352
59 407
59 465
59 583
59 601
59 604
60 119
60 150
60 185
60 279
60 290
60 346
60 393
60 477
60 487
60 619
60 641
60 746
60 765
61 79
61 114
61 307
61 394
61 430
61 544
61 697
62 139
62 170
62 211
62 378
62 466
62 676
63 129
63 137
63 302
63 364
63 401
63 426
63 541
63 703
63 772
64 198
64 253
64 266
64 486
64 543
64 598
64 628
65 87
65 222
65 231
65 282
65 322
65 386
65 402
65 976
66 404
66 475
66 654
66 838
67 83
67 93
67 295
67 406
67 496
68 69
68 106
68 109
68 122
68 129
68 176
68 189
68 194
68 252
68 318
68 355
68 399
68 523
69 85
69 117
69 260
69 383
69 448
69 582
70 113
70 126
70 150
70 185
70 382
70 582
70 678
71 115
71 151
71 255
71 335
71 656
71 678
71 814
72 230
72 271
72 369
72 833
73 80
73 96
73 152
73 218
73 332
73 459
73 460
74 114
74 117
74 241
74 338
74 360
74 447
74 507
74 510
74 511
75 89
75 92
75 98
75 102
75 121
75 739
76 174
76 191
76 243
76 381
76 419
76 544
77 841
77 861
78 106
78 127
78 136
78 137
78 175
78 176
78 189
78 194
78 255
78 318
78 324
78 360
78 383
78 453
78 594
79 143
79 144
79 280
79 308
79 579
80 96
80 152
80 168
80 218
80 332
80 385
80 459
81 276
81 605
81 825
81 861
81 978
82 89
82 184
82 248
82 381
83 110
83 169
83 541
83 641
83 705
83 882
83 909
83 968
84 127
84 137
84 180
84 182
84 194
84 274
84 310
84 321
84 329
84 347
84 364
84 383
84 772
85 113
85 141
85 194
85 360
85 452
86 125
86 228
86 348
86 367
86 398
86 429
86 535
86 550
86 659
86 686
86 696
86 721
87 183
87 222
87 231
87 282
88 207
88 272
88 297
88 301
88 389
88 400
88 447
88 630
88 668
89 223
89 338
89 577
90 165
90 171
90 203
90 437
90 457
90 590
90 702
90 728
90 729
90 866
90 875
91 344
91 442
91 517
91 533
91 708
91 840
92 98
92 121
92 408
93 143
93 247
93 296
93 423
94 144
94 242
94 316
95 147
95 269
95 325
95 549
95 761
95 869
96 152
96 770
97 226
97 257
97 280
97 288
97 308
97 374
97 502
97 628
97 669
97 684
97 785
97 816
98 121
98 603
99 246
99 268
99 582
100 220
100 289
101 105
101 298
101 608
101 652
102 196
102 327
102 368
102 495
102 814
103 285
103 339
103 466
103 532
103 676
103 716
104 181
104 369
104 500
104 736
104 991
105 516
105 608
105 652
106 186
106 206
106 208
106 219
106 232
106 303
107 132
107 192
107 254
107 380
107 422
107 558
107 706
108 178
108 198
108 253
108 840
109 130
109 176
109 252
109 260
109 321
109 359
110 306
110 581
110 664
110 859
110 909
111 165
111 365
111 432
111 455
111 632
111 702
111 717
111 728
111 730
111 753
111 829
111 946
112 395
112 479
112 542
112 587
112 683
112 734
112 752
113 191
113 223
113 272
113 284
113 400
114 184
114 358
114 544
115 121
115 158
115 193
115 196
115 327
115 335
115 478
115 576
116 239
116 278
116 407
116 465
116 583
116 601
116 604
117 127
117 206
117 215
117 320
117 588
118 138
118 148
118 342
119 150
119 314
119 399
119 411
119 448
119 505
119 639
119 796
120 464
121 237
121 335
121 603
122 136
122 149
122 187
122 194
122 261
122 265
122 277
122 355
122 359
122 399
123 369
123 711
124 163
124 352
124 403
124 503
125 228
125 256
125 317
125 348
125 367
125 398
125 429
125 535
125 550
125 659
125 696
125 721
125 777
126 150
126 207
126 250
126 272
126 290
126 447
126 470
126 494
126 501
126 552
126 565
126 791
126 937
127 151
127 161
127 166
127 167
127 176
127 194
127 274
127 319
127 320
127 383
127 622
127 862
128 200
128 240
128 245
128 343
128 384
128 414
128 515
128 657
128 699
129 151
129 158
129 182
129 219
129 274
129 347
129 428
129 446
129 636
129 813
130 141
130 301
130 389
130 447
130 668
131 150
131 211
131 260
131 290
131 346
131 371
131 393
131 588
131 942
132 192
132 254
132 558
132 654
132 706
133 433
133 539
133 838
134 153
134 270
134 679
135 846
135 925
136 234
136 284
136 287
136 463
136 556
136 683
137 151
137 180
137 274
137 341
137 347
137 651
138 333
138 342
139 190
139 832
140 286
140 438
140 452
141 173
141 189
141 232
141 726
142 155
142 796
143 247
143 264
143 296
145 146
145 258
145 381
145 431
145 744
145 876
145 960
146 256
146 301
146 321
146 324
146 389
146 431
146 599
146 744
146 960
147 269
147 869
148 333
148 775
149 173
149 208
149 232
149 265
149 303
149 310
150 290
150 505
150 857
151 166
151 194
151 255
151 274
151 320
151 401
151 426
152 218
152 332
152 385
153 270
154 188
154 334
154 340
155 591
156 192
156 195
156 464
157 301
157 351
158 327
159 236
159 280
159 308
159 374
160 167
160 252
160 401
160 418
160 426
161 238
161 622
162 230
163 352
163 645
164 278
164 358
165 203
165 331
165 437
165 444
165 457
165 483
165 545
165 632
165 828
165 875
166 360
166 366
167 252
167 321
167 383
167 527
168 234
168 329
168 441
168 463
168 514
168 563
168 564
168 620
168 672
168 740
168 936
170 575
170 628
171 473
171 585
172 326
172 497
172 683
173 321
173 388
173 400
173 547
174 258
174 291
174 336
174 351
174 474
174 584
174 793
175 186
175 310
175 319
175 417
175 423
175 607
176 194
176 277
176 435
176 490
176 499
177 180
177 187
177 208
177 209
177 211
177 232
177 265
178 533
178 695
179 239
179 266
179 324
179 381
179 731
179 805
180 206
180 209
180 210
180 211
180 232
180 370
180 636
181 197
181 262
181 271
182 274
182 423
182 612
183 222
183 231
183 282
183 916
184 611
186 206
186 399
186 417
186 679
187 189
187 206
187 208
187 232
187 359
187 726
188 224
188 228
188 334
188 340
188 667
188 879
189 194
189 261
189 355
189 435
190 894
191 241
191 243
191 359
191 758
191 781
192 254
192 404
192 558
193 335
193 356
193 408
193 496
193 576
193 607
193 641
193 691
193 788
194 383
194 622
195 405
195 539
196 237
196 356
196 495
197 271
197 833
198 242
198 285
198 361
198 532
199 561
199 635
199 874
200 240
200 245
200 343
200 449
200 515
200 657
200 699
200 773
201 307
201 682
202 213
202 372
202 377
202 871
203 233
203 331
203 437
203 444
203 518
203 545
203 590
203 702
203 729
204 278
204 407
204 465
204 519
204 533
204 566
204 669
204 681
204 785
204 787
204 892
205 416
205 487
206 208
206 232
206 260
206 528
207 338
208 265
208 277
208 303
208 357
208 428
208 528
209 210
209 292
209 361
210 370
212 281
212 340
212 587
212 987
213 372
213 377
213 871
213 944
214 298
214 312
214 476
214 546
215 493
215 511
215 513
216 648
216 689
216 713
217 396
217 559
218 385
219 350
219 428
219 602
219 813
220 412
220 484
222 282
222 322
222 563
223 268
223 436
224 334
224 340
224 667
224 879
225 405
225 461
225 821
226 249
226 278
226 519
227 352
227 394
227 403
227 754
228 256
228 263
228 317
228 348
228 367
228 398
228 535
228 550
228 659
228 686
229 693
230 257
230 275
230 323
232 265
232 303
232 357
232 448
232 662
233 331
233 437
233 444
233 457
233 483
233 492
233 545
233 702
233 828
233 835
234 672
234 936
235 263
235 266
235 565
235 641
235 681
235 712
235 751
235 779
235 818
235 863
235 922
235 931
235 939
235 940
235 943
235 945
235 963
235 970
235 971
235 972
235 995
235 998
236 288
236 374
237 368
238 438
238 703
239 258
239 266
239 278
239 291
239 307
239 345
239 402
239 407
239 468
239 566
239 598
239 824
240 343
240 414
240 674
241 419
241 781
242 672
243 244
244 263
245 699
245 773
246 283
246 389
247 264
247 277
247 296
247 579
248 324
248 700
248 743
251 295
251 305
251 406
252 355
252 443
253 285
253 361
253 532
255 355
255 428
256 648
256 721
257 569
257 810
258 291
258 336
258 351
258 474
258 584
259 263
259 267
259 328
259 353
259 362
259 643
259 709
259 900
261 265
261 537
261 547
261 675
262 271
262 273
262 529
262 711
263 340
263 490
263 662
263 688
263 717
263 815
263 822
263 881
263 923
263 941
263 945
263 959
263 997
265 277
265 279
265 303
266 278
266 407
266 465
266 468
266 583
266 598
266 602
266 604
266 681
266 725
266 787
266 805
266 854
266 870
266 896
266 948
267 353
267 390
267 540
267 589
267 617
267 738
269 462
270 625
271 369
271 623
273 529
273 677
273 711
274 341
274 350
274 719
275 409
275 701
276 720
276 825
277 382
278 407
278 456
278 468
278 502
278 566
278 598
278 627
278 748
278 787
278 831
280 519
280 745
281 563
281 570
281 587
282 516
283 299
283 339
283 716
284 463
284 747
284 855
286 413
287 395
287 441
287 556
287 587
287 734
287 752
287 800
288 442
288 502
289 412
289 450
289 568
290 505
291 336
291 351
291 465
291 468
291 474
291 584
291 793
292 646
292 955
293 593
294 433
294 715
295 375
296 339
297 358
297 799
298 311
298 546
300 458
300 615
300 626
300 652
302 510
303 490
304 329
304 538
304 551
304 616
304 781
305 427
306 328
306 369
306 500
306 581
306 664
306 723
306 736
306 757
306 801
307 345
307 394
307 601
308 519
308 745
309 327
309 355
309 368
310 803
311 419
311 476
311 494
312 546
313 560
313 766
314 707
314 724
314 823
315 573
315 640
315 658
315 718
315 797
315 798
315 947
316 387
317 348
317 429
317 535
317 867
318 453
319 347
319 469
320 622
320 862
323 504
323 628
323 810
324 700
324 731
324 743
325 629
325 735
326 497
327 495
328 369
328 500
328 581
328 664
328 704
328 757
328 801
328 839
328 859
329 538
329 551
329 672
330 392
330 531
330 742
330 755
330 792
331 444
331 457
331 483
331 518
331 590
334 340
334 459
334 667
335 478
336 584
336 771
336 793
337 501
337 508
337 521
337 552
337 621
337 630
337 847
337 863
337 973
338 577
340 667
340 879
341 673
341 772
342 989
343 534
344 517
345 407
345 465
345 522
345 583
345 604
345 644
345 682
345 854
346 765
346 942
348 398
348 429
348 535
348 867
349 644
349 666
350 678
350 862
351 474
351 675
352 503
353 390
353 421
353 540
353 698
353 750
353 864
356 423
356 576
356 788
357 573
357 602
357 856
357 923
357 984
358 799
360 376
361 548
362 822
362 912
363 500
363 581
363 664
363 694
363 704
363 736
365 730
365 899
367 550
367 659
369 500
369 664
369 723
369 863
371 512
372 592
372 944
373 394
373 522
374 669
375 687
375 690
376 421
376 612
376 750
377 804
379 410
379 534
379 600
380 520
380 756
382 471
384 515
384 534
384 614
385 925
387 508
388 507
388 547
388 675
389 524
390 421
390 540
390 589
390 617
390 718
390 738
391 660
392 531
392 792
393 765
394 409
394 697
395 734
395 752
395 800
397 445
397 565
397 574
397 609
397 634
397 710
397 722
397 737
397 742
397 786
397 817
398 429
398 535
398 659
398 696
398 867
399 469
402 555
407 465
407 468
407 583
407 604
407 627
411 639
415 649
415 903
416 507
418 490
418 527
419 758
420 462
420 570
421 698
421 864
422 706
423 782
425 768
428 469
429 535
429 550
429 867
431 822
431 876
432 829
432 843
432 946
433 715
434 559
435 499
435 719
437 457
437 492
437 729
437 794
438 639
439 661
440 509
440 567
440 606
440 763
440 770
442 708
442 748
442 785
443 527
444 483
444 590
445 525
445 526
445 586
445 906
447 524
447 668
449 534
449 631
450 568
451 455
451 663
451 858
453 541
453 655
454 484
454 491
455 658
455 789
456 502
456 884
457 794
458 615
458 626
458 652
461 467
461 610
461 926
463 542
463 564
463 620
463 647
463 847
463 897
463 931
463 988
465 583
465 627
467 610
468 566
468 583
468 604
468 627
468 787
468 808
469 607
471 588
471 625
472 473
472 530
472 812
475 530
476 851
477 746
477 852
480 484
480 512
480 554
480 749
481 520
481 671
482 488
482 665
483 518
485 536
485 578
485 692
485 964
489 522
490 651
490 856
490 885
490 928
496 595
496 691
499 719
500 581
500 704
500 839
501 521
501 621
501 630
502 884
506 732
506 986
509 567
509 790
513 562
513 656
513 836
514 564
514 647
514 938
515 631
515 657
515 819
519 816
519 884
521 552
521 621
521 630
524 668
525 526
525 586
526 586
527 618
529 677
529 711
530 812
531 792
531 919
533 695
534 631
536 692
538 551
538 616
540 698
541 560
541 655
542 587
542 647
542 740
542 747
542 847
542 855
545 663
545 818
545 828
545 893
545 951
547 675
548 693
549 629
549 761
550 659
550 686
550 696
553 653
553 892
555 854
556 683
558 566
558 808
560 655
560 766
561 845
561 874
561 921
562 836
563 624
563 740
563 957
563 967
564 620
564 647
564 740
564 847
564 886
564 938
565 574
565 710
565 722
565 786
565 817
566 604
566 681
566 808
569 962
570 898
570 957
571 638
571 932
572 921
573 640
573 714
573 797
573 830
573 913
573 947
573 954
574 609
574 710
574 722
574 737
574 786
574 865
575 767
578 964
580 775
581 736
581 801
587 647
587 752
587 800
589 617
592 795
594 837
596 715
597 768
598 725
598 805
598 831
599 751
599 789
599 798
599 834
599 907
599 954
602 681
602 698
602 774
602 776
602 880
605 661
605 784
605 825
605 827
605 848
605 853
605 965
608 626
608 652
609 634
609 737
609 817
609 865
609 895
612 633
615 840
617 750
618 961
620 740
621 630
624 898
624 962
624 996
625 639
625 707
627 681
627 787
627 948
627 999
629 735
631 958
632 753
633 803
634 865
634 868
634 935
635 733
636 651
637 687
638 877
640 650
640 751
640 830
640 834
640 982
642 802
643 709
643 860
645 842
648 713
648 809
650 714
650 751
650 873
650 900
650 908
653 745
653 892
654 778
655 766
656 836
658 714
658 789
658 881
658 907
658 985
662 703
662 762
662 815
663 718
663 738
663 951
664 723
664 801
665 888
666 811
669 684
670 685
670 844
670 952
671 776
673 832
677 711
677 961
680 888
680 975
680 993
681 808
682 697
682 764
682 842
686 696
686 777
687 690
688 872
688 920
688 980
690 705
694 839
697 764
697 842
700 743
703 760
703 772
707 823
709 860
710 722
710 924
712 779
712 780
712 843
712 891
712 950
713 809
714 798
714 913
714 956
717 789
718 738
718 977
723 757
723 801
725 805
725 831
725 870
725 896
727 733
727 790
728 866
730 899
731 743
734 752
734 800
737 895
737 937
741 774
741 850
741 889
742 865
742 906
746 765
747 807
747 855
751 979
763 770
768 845
769 902
774 889
774 901
774 981
778 911
779 780
779 891
779 950
780 781
780 844
780 891
782 783
784 827
784 848
784 853
784 922
795 949
797 798
797 881
797 907
798 873
807 821
818 893
818 929
820 916
822 983
824 849
824 917
827 848
827 853
828 893
830 834
831 870
834 956
839 859
843 844
848 853
849 917
856 902
863 883
870 896
872 920
873 908
876 953
877 929
880 901
883 914
883 933
885 928
897 904
904 905
906 992
914 933
915 919
915 966
934 940
934 974
939 943
963 994
