0 1
0 2
0 3
0 5
0 6
0 8
0 9
0 10
0 12
0 13
0 14
0 15
0 18
0 22
0 23
0 24
0 25
0 26
0 27
0 28
0 29
0 31
0 32
0 34
0 36
0 37
0 39
0 44
0 45
0 46
0 48
0 49
0 50
0 51
0 52
0 53
0 54
0 55
0 56
0 60
0 61
0 63
0 64
0 65
0 66
0 68
0 69
0 72
0 73
0 74
0 75
0 77
0 79
0 82
0 85
0 88
0 89
0 90
0 91
0 92
0 95
0 98
0 100
0 101
0 102
0 105
0 110
0 118
0 121
0 124
0 127
0 128
0 130
0 131
0 137
0 139
0 140
0 145
0 146
0 147
0 149
0 153
0 154
0 158
0 159
0 161
0 162
0 165
0 167
0 168
0 175
0 177
0 184
0 186
0 187
0 188
0 191
0 194
0 195
0 196
0 198
0 202
0 203
0 209
0 210
0 217
0 219
0 227
0 234
0 239
0 240
0 243
0 251
0 252
0 262
0 263
0 265
0 267
0 268
0 274
0 278
0 284
0 289
0 291
0 296
0 298
0 299
0 300
0 301
0 308
0 310
0 311
0 318
0 319
0 321
0 322
0 326
0 333
0 335
0 336
0 337
0 339
0 340
0 352
0 356
0 357
0 358
0 359
0 365
0 367
0 375
0 376
0 383
0 384
0 392
0 393
0 394
0 398
0 401
0 402
0 404
0 406
0 407
0 408
0 413
0 415
0 416
0 419
0 422
0 426
0 427
0 428
0 435
0 436
0 437
0 438
0 449
0 450
0 457
0 474
0 475
0 481
0 486
0 489
0 490
0 493
0 494
0 495
0 500
0 502
0 513
0 515
0 517
0 518
0 531
0 552
0 558
0 561
0 564
0 566
0 571
0 576
0 584
0 585
0 589
0 592
0 598
0 620
0 628
0 633
0 636
0 638
0 654
0 680
0 682
0 687
0 688
0 689
0 690
0 691
0 705
0 707
0 708
0 709
0 711
0 712
0 721
0 722
0 724
0 743
0 751
0 757
0 760
0 790
0 791
0 795
0 797
0 799
0 810
0 817
0 826
0 842
0 897
0 898
0 966
0 985
1 2
1 5
1 6
1 8
1 9
1 10
1 12
1 13
1 14
1 15
1 17
1 18
1 22
1 23
1 24
1 25
1 26
1 27
1 28
1 31
1 32
1 34
1 36
1 39
1 44
1 45
1 46
1 47
1 48
1 49
1 50
1 51
1 52
1 53
1 54
1 55
1 56
1 60
1 61
1 63
1 64
1 65
1 66
1 68
1 69
1 72
1 74
1 75
1 78
1 79
1 82
1 88
1 89
1 90
1 91
1 98
1 100
1 101
1 102
1 105
1 106
1 107
1 110
1 113
1 117
1 121
1 128
1 131
1 137
1 139
1 140
1 143
1 145
1 146
1 147
1 153
1 161
1 162
1 167
1 168
1 175
1 177
1 188
1 194
1 195
1 196
1 202
1 203
1 209
1 210
1 217
1 227
1 234
1 239
1 240
1 243
1 251
1 257
1 262
1 263
1 264
1 268
1 274
1 278
1 284
1 289
1 301
1 308
1 310
1 311
1 319
1 321
1 322
1 326
1 333
1 334
1 339
1 340
1 351
1 352
1 356
1 357
1 358
1 359
1 365
1 367
1 375
1 376
1 383
1 384
1 392
1 393
1 394
1 398
1 402
1 404
1 406
1 407
1 408
1 413
1 416
1 419
1 422
1 427
1 428
1 435
1 436
1 438
1 443
1 444
1 450
1 457
1 474
1 475
1 481
1 483
1 485
1 486
1 489
1 490
1 500
1 502
1 515
1 517
1 518
1 530
1 531
1 558
1 561
1 564
1 566
1 584
1 589
1 591
1 598
1 620
1 628
1 633
1 638
1 654
1 682
1 687
1 688
1 689
1 690
1 691
1 707
1 709
1 711
1 712
1 721
1 722
1 751
1 790
1 791
1 797
1 799
1 810
1 817
1 898
2 3
2 6
2 7
2 8
2 11
2 16
2 18
2 21
2 24
2 32
2 33
2 34
2 36
2 44
2 45
2 47
2 49
2 51
2 56
2 57
2 58
2 60
2 64
2 68
2 69
2 73
2 76
2 81
2 88
2 92
2 94
2 95
2 105
2 108
2 110
2 111
2 130
2 132
2 135
2 141
2 147
2 151
2 152
2 155
2 159
2 164
2 165
2 173
2 176
2 177
2 178
2 184
2 186
2 198
2 203
2 208
2 219
2 225
2 229
2 232
2 244
2 251
2 252
2 256
2 257
2 258
2 264
2 280
2 281
2 290
2 293
2 295
2 296
2 297
2 300
2 301
2 319
2 323
2 331
2 332
2 353
2 354
2 355
2 374
2 387
2 388
2 395
2 407
2 417
2 418
2 421
2 426
2 434
2 443
2 444
2 446
2 449
2 452
2 456
2 483
2 492
2 497
2 519
2 520
2 531
2 533
2 560
2 562
2 565
2 566
2 571
2 572
2 573
2 577
2 597
2 602
2 603
2 636
2 637
2 663
2 685
2 717
2 718
2 720
2 751
2 753
2 754
2 755
2 758
2 760
2 795
2 799
2 800
2 801
2 802
2 816
2 824
2 825
2 857
2 858
2 863
2 934
2 935
3 6
3 7
3 9
3 10
3 11
3 12
3 13
3 15
3 16
3 18
3 21
3 22
3 23
3 24
3 25
3 26
3 28
3 31
3 32
3 39
3 44
3 45
3 46
3 48
3 49
3 50
3 53
3 54
3 58
3 60
3 61
3 63
3 64
3 67
3 69
3 74
3 75
3 77
3 79
3 81
3 82
3 83
3 88
3 91
3 100
3 102
3 104
3 108
3 110
3 121
3 129
3 135
3 141
3 142
3 151
3 155
3 157
3 159
3 161
3 166
3 167
3 168
3 175
3 176
3 177
3 184
3 186
3 188
3 196
3 197
3 198
3 207
3 209
3 219
3 227
3 229
3 234
3 236
3 242
3 243
3 244
3 252
3 255
3 258
3 268
3 274
3 277
3 278
3 279
3 286
3 289
3 290
3 293
3 294
3 296
3 308
3 310
3 323
3 330
3 351
3 358
3 367
3 373
3 375
3 381
3 387
3 388
3 391
3 392
3 394
3 395
3 402
3 403
3 406
3 416
3 438
3 445
3 446
3 452
3 462
3 463
3 481
3 484
3 485
3 486
3 489
3 515
3 533
3 534
3 558
3 573
3 597
3 600
3 626
3 661
3 704
3 711
3 712
3 715
3 736
3 740
3 756
3 765
3 849
4 5
4 15
4 20
4 38
4 40
4 41
4 43
4 57
4 62
4 80
4 85
4 87
4 93
4 97
4 115
4 116
4 119
4 122
4 127
4 136
4 143
4 151
4 155
4 166
4 170
4 171
4 180
4 189
4 192
4 199
4 201
4 207
4 214
4 244
4 245
4 265
4 299
4 302
4 307
4 312
4 313
4 314
4 316
4 321
4 324
4 327
4 332
4 344
4 352
4 362
4 374
4 379
4 382
4 403
4 407
4 410
4 429
4 430
4 439
4 465
4 477
4 501
4 511
4 514
4 524
4 530
4 537
4 541
4 581
4 587
4 588
4 605
4 606
4 625
4 639
4 680
4 684
4 686
4 732
4 768
4 804
4 808
4 812
4 828
4 871
4 873
4 891
4 930
4 937
4 990
5 7
5 8
5 9
5 10
5 12
5 13
5 14
5 15
5 18
5 20
5 23
5 25
5 28
5 29
5 31
5 34
5 35
5 36
5 37
5 38
5 42
5 47
5 51
5 54
5 55
5 57
5 58
5 61
5 62
5 63
5 65
5 72
5 78
5 85
5 88
5 93
5 94
5 98
5 101
5 103
5 107
5 108
5 113
5 117
5 127
5 138
5 142
5 143
5 145
5 151
5 155
5 156
5 159
5 168
5 170
5 175
5 184
5 186
5 194
5 196
5 203
5 206
5 209
5 217
5 219
5 220
5 236
5 239
5 246
5 257
5 259
5 263
5 264
5 274
5 286
5 292
5 295
5 297
5 302
5 308
5 317
5 338
5 353
5 367
5 378
5 387
5 392
5 396
5 411
5 420
5 434
5 451
5 455
5 456
5 467
5 468
5 487
5 488
5 504
5 512
5 524
5 532
5 533
5 543
5 544
5 545
5 546
5 635
5 637
5 664
5 669
5 675
5 677
5 696
5 698
5 730
5 731
5 767
5 793
5 794
5 833
6 7
6 11
6 16
6 18
6 21
6 33
6 37
6 44
6 49
6 51
6 56
6 58
6 60
6 64
6 73
6 81
6 88
6 92
6 94
6 95
6 108
6 112
6 118
6 124
6 130
6 132
6 141
6 149
6 151
6 154
6 155
6 161
6 164
6 165
6 173
6 176
6 178
6 208
6 225
6 229
6 232
6 244
6 251
6 252
6 256
6 258
6 264
6 280
6 281
6 290
6 292
6 295
6 296
6 297
6 299
6 300
6 301
6 319
6 320
6 325
6 331
6 332
6 333
6 349
6 353
6 354
6 355
6 368
6 387
6 388
6 395
6 400
6 403
6 417
6 421
6 426
6 443
6 444
6 449
6 452
6 456
6 458
6 459
6 460
6 461
6 483
6 492
6 497
6 533
6 562
6 565
6 566
6 572
6 573
6 574
6 575
6 597
6 599
6 603
6 629
6 630
6 631
6 637
6 685
6 717
6 718
6 720
6 748
6 754
6 758
6 759
6 763
6 764
6 800
6 801
6 802
6 825
6 833
6 857
6 858
6 863
7 11
7 16
7 18
7 21
7 26
7 33
7 37
7 44
7 49
7 51
7 55
7 56
7 58
7 60
7 64
7 73
7 75
7 77
7 79
7 81
7 85
7 86
7 88
7 92
7 94
7 95
7 101
7 108
7 111
7 112
7 116
7 118
7 123
7 124
7 125
7 126
7 130
7 132
7 141
7 149
7 151
7 154
7 155
7 160
7 161
7 163
7 164
7 165
7 173
7 176
7 178
7 179
7 180
7 185
7 208
7 211
7 212
7 221
7 222
7 223
7 225
7 229
7 232
7 244
7 252
7 256
7 280
7 281
7 290
7 292
7 295
7 296
7 297
7 300
7 320
7 323
7 331
7 332
7 349
7 353
7 354
7 355
7 368
7 370
7 371
7 387
7 388
7 395
7 417
7 421
7 426
7 443
7 444
7 452
7 456
7 483
7 492
7 497
7 533
7 562
7 565
7 572
7 573
7 597
7 603
7 631
7 637
7 685
7 717
7 718
7 720
7 754
7 758
7 800
7 801
7 802
7 803
7 819
7 820
7 825
7 857
7 858
7 863
8 9
8 10
8 12
8 13
8 15
8 16
8 21
8 22
8 23
8 24
8 25
8 26
8 27
8 29
8 35
8 36
8 39
8 45
8 47
8 48
8 50
8 54
8 57
8 61
8 65
8 66
8 68
8 72
8 77
8 78
8 83
8 87
8 88
8 91
8 94
8 100
8 102
8 103
8 106
8 107
8 113
8 117
8 121
8 130
8 137
8 148
8 151
8 155
8 158
8 162
8 166
8 171
8 176
8 184
8 192
8 206
8 207
8 213
8 219
8 229
8 230
8 242
8 252
8 253
8 254
8 255
8 265
8 274
8 275
8 276
8 284
8 285
8 290
8 291
8 309
8 325
8 334
8 347
8 350
8 372
8 385
8 388
8 393
8 394
8 403
8 424
8 425
8 448
8 451
8 458
8 459
8 460
8 461
8 484
8 494
8 495
8 532
8 535
8 557
8 562
8 593
8 594
8 627
8 636
8 655
8 656
8 659
8 744
8 745
8 798
8 850
8 851
8 894
8 895
9 10
9 12
9 13
9 15
9 16
9 21
9 22
9 23
9 25
9 26
9 27
9 29
9 31
9 34
9 35
9 39
9 45
9 47
9 48
9 50
9 54
9 57
9 61
9 65
9 66
9 68
9 72
9 77
9 78
9 83
9 85
9 87
9 88
9 91
9 94
9 100
9 102
9 103
9 106
9 107
9 111
9 113
9 117
9 118
9 121
9 124
9 125
9 126
9 137
9 148
9 149
9 151
9 154
9 155
9 162
9 166
9 171
9 176
9 184
9 192
9 194
9 196
9 206
9 207
9 209
9 219
9 229
9 230
9 242
9 252
9 253
9 254
9 255
9 257
9 265
9 274
9 275
9 276
9 284
9 285
9 290
9 309
9 347
9 350
9 372
9 385
9 388
9 393
9 394
9 403
9 424
9 425
9 448
9 451
9 484
9 494
9 495
9 532
9 535
9 562
9 594
9 627
9 655
9 656
9 744
9 745
9 793
9 794
9 798
9 850
9 894
9 895
10 12
10 13
10 15
10 16
10 21
10 22
10 23
10 25
10 26
10 27
10 29
10 35
10 39
10 45
10 47
10 48
10 50
10 54
10 57
10 61
10 65
10 66
10 68
10 72
10 78
10 83
10 87
10 88
10 91
10 94
10 100
10 102
10 103
10 106
10 107
10 111
10 113
10 117
10 121
10 125
10 126
10 137
10 148
10 151
10 155
10 160
10 162
10 163
10 166
10 171
10 176
10 184
10 185
10 192
10 194
10 206
10 207
10 213
10 219
10 221
10 222
10 223
10 229
10 230
10 242
10 252
10 253
10 254
10 255
10 265
10 274
10 275
10 276
10 284
10 285
10 290
10 299
10 309
10 334
10 347
10 350
10 372
10 385
10 388
10 393
10 394
10 403
10 424
10 425
10 448
10 451
10 484
10 532
10 535
10 562
10 592
10 594
10 627
10 655
10 656
10 714
10 744
10 745
10 798
10 850
10 888
10 894
10 895
10 930
11 16
11 18
11 21
11 32
11 33
11 44
11 49
11 51
11 56
11 58
11 60
11 64
11 73
11 81
11 88
11 92
11 94
11 95
11 108
11 112
11 118
11 124
11 130
11 132
11 141
11 149
11 151
11 154
11 155
11 161
11 164
11 165
11 173
11 176
11 178
11 191
11 208
11 220
11 225
11 229
11 232
11 244
11 252
11 256
11 259
11 280
11 281
11 290
11 292
11 295
11 296
11 297
11 300
11 318
11 320
11 323
11 331
11 332
11 349
11 353
11 354
11 355
11 368
11 370
11 371
11 387
11 388
11 395
11 417
11 421
11 426
11 452
11 456
11 492
11 493
11 497
11 533
11 562
11 565
11 572
11 573
11 593
11 597
11 603
11 631
11 637
11 659
11 667
11 679
11 685
11 717
11 718
11 720
11 754
11 758
11 800
11 801
11 802
11 825
11 857
11 858
11 863
12 13
12 15
12 18
12 24
12 25
12 28
12 31
12 32
12 37
12 39
12 44
12 49
12 50
12 51
12 53
12 54
12 56
12 57
12 60
12 63
12 64
12 65
12 66
12 68
12 69
12 72
12 74
12 78
12 79
12 82
12 85
12 90
12 100
12 102
12 104
12 105
12 110
12 111
12 125
12 126
12 146
12 147
12 153
12 155
12 158
12 160
12 161
12 163
12 177
12 185
12 188
12 193
12 194
12 196
12 197
12 198
12 209
12 217
12 221
12 222
12 223
12 240
12 243
12 251
12 262
12 311
12 322
12 334
12 351
12 356
12 359
12 367
12 369
12 391
12 392
12 398
12 402
12 403
12 416
12 438
12 449
12 481
12 485
12 518
12 526
12 534
12 557
12 558
12 591
12 704
12 716
12 721
12 758
12 824
12 842
12 901
12 961
13 15
13 16
13 21
13 22
13 23
13 24
13 25
13 26
13 27
13 29
13 34
13 35
13 36
13 39
13 45
13 47
13 48
13 50
13 54
13 57
13 61
13 65
13 66
13 68
13 72
13 78
13 83
13 85
13 87
13 88
13 91
13 94
13 100
13 102
13 103
13 121
13 130
13 137
13 148
13 151
13 155
13 162
13 166
13 171
13 176
13 184
13 192
13 194
13 206
13 207
13 219
13 229
13 230
13 242
13 252
13 253
13 254
13 255
13 257
13 262
13 265
13 274
13 275
13 276
13 284
13 285
13 290
13 300
13 309
13 334
13 347
13 350
13 372
13 385
13 388
13 393
13 394
13 403
13 424
13 425
13 448
13 451
13 484
13 532
13 535
13 562
13 594
13 627
13 655
13 656
13 744
13 745
13 798
13 804
13 828
13 850
13 894
13 895
14 17
14 18
14 19
14 21
14 22
14 24
14 26
14 30
14 32
14 33
14 36
14 40
14 41
14 43
14 55
14 58
14 71
14 75
14 76
14 77
14 78
14 79
14 81
14 85
14 93
14 98
14 99
14 101
14 105
14 108
14 109
14 111
14 116
14 125
14 126
14 130
14 131
14 132
14 141
14 157
14 158
14 160
14 163
14 164
14 169
14 171
14 173
14 174
14 179
14 180
14 185
14 186
14 191
14 196
14 209
14 211
14 212
14 215
14 216
14 218
14 221
14 222
14 223
14 225
14 236
14 237
14 238
14 249
14 250
14 257
14 283
14 318
14 323
14 338
14 342
14 378
14 386
14 389
14 429
14 437
14 442
14 485
14 612
14 613
14 628
14 661
14 662
14 682
14 743
14 818
14 823
14 893
14 957
14 958
15 17
15 18
15 20
15 24
15 25
15 31
15 32
15 35
15 36
15 44
15 45
15 49
15 50
15 51
15 53
15 56
15 60
15 61
15 62
15 63
15 64
15 65
15 66
15 67
15 69
15 72
15 74
15 82
15 84
15 85
15 89
15 90
15 91
15 97
15 100
15 112
15 143
15 151
15 158
15 164
15 165
15 166
15 192
15 196
15 209
15 254
15 255
15 258
15 277
15 293
15 294
15 301
15 316
15 323
15 324
15 325
15 359
15 378
15 381
15 382
15 396
15 401
15 417
15 418
15 422
15 429
15 446
15 458
15 459
15 460
15 461
15 472
15 473
15 519
15 520
15 556
15 563
15 635
15 680
15 708
15 741
15 746
15 760
16 18
16 21
16 33
16 35
16 37
16 44
16 49
16 58
16 60
16 64
16 73
16 77
16 81
16 92
16 94
16 95
16 108
16 112
16 130
16 132
16 141
16 151
16 155
16 164
16 165
16 173
16 178
16 208
16 225
16 229
16 232
16 244
16 252
16 254
16 255
16 256
16 265
16 277
16 280
16 281
16 290
16 292
16 294
16 296
16 297
16 298
16 300
16 320
16 331
16 335
16 336
16 337
16 349
16 353
16 354
16 355
16 368
16 387
16 388
16 395
16 417
16 421
16 425
16 426
16 452
16 456
16 462
16 463
16 464
16 492
16 493
16 497
16 565
16 573
16 579
16 603
16 637
16 685
16 718
16 720
16 754
16 801
16 802
16 825
16 863
17 22
17 26
17 28
17 34
17 45
17 46
17 50
17 51
17 53
17 56
17 58
17 63
17 67
17 74
17 75
17 79
17 82
17 84
17 89
17 90
17 92
17 95
17 98
17 102
17 103
17 104
17 111
17 121
17 125
17 126
17 129
17 138
17 139
17 147
17 152
17 153
17 160
17 161
17 162
17 163
17 172
17 177
17 190
17 195
17 202
17 203
17 217
17 221
17 223
17 243
17 264
17 274
17 289
17 310
17 330
17 333
17 339
17 367
17 393
17 394
17 397
17 416
17 419
17 422
17 427
17 434
17 457
17 485
17 502
17 534
17 558
17 561
17 586
17 589
17 595
17 624
17 628
17 633
17 653
17 657
17 721
17 775
17 788
17 805
17 848
17 855
17 878
17 926
17 948
17 961
18 21
18 26
18 29
18 32
18 44
18 45
18 46
18 47
18 49
18 50
18 51
18 52
18 53
18 55
18 56
18 60
18 63
18 64
18 73
18 74
18 75
18 76
18 79
18 82
18 83
18 84
18 87
18 88
18 90
18 95
18 98
18 101
18 110
18 118
18 124
18 149
18 154
18 157
18 159
18 166
18 168
18 177
18 184
18 186
18 191
18 209
18 219
18 220
18 243
18 251
18 252
18 263
18 274
18 289
18 308
18 330
18 342
18 345
18 355
18 361
18 383
18 393
18 396
18 402
18 416
18 418
18 420
18 426
18 447
18 453
18 552
18 562
18 590
18 598
18 626
18 627
18 668
18 719
18 752
18 761
18 762
18 806
19 30
19 33
19 38
19 39
19 42
19 45
19 71
19 77
19 109
19 119
19 173
19 178
19 208
19 224
19 230
19 231
19 233
19 235
19 260
19 266
19 275
19 280
19 281
19 282
19 288
19 298
19 303
19 304
19 327
19 331
19 332
19 339
19 350
19 362
19 374
19 386
19 430
19 445
19 453
19 496
19 538
19 539
19 540
19 580
19 674
19 695
19 725
19 728
19 778
19 781
19 835
19 870
19 900
19 941
19 942
19 971
20 24
20 36
20 38
20 57
20 62
20 80
20 97
20 122
20 127
20 130
20 151
20 156
20 166
20 170
20 171
20 189
20 192
20 199
20 201
20 214
20 244
20 245
20 307
20 314
20 315
20 316
20 327
20 344
20 379
20 382
20 409
20 410
20 439
20 465
20 477
20 511
20 514
20 541
20 581
20 587
20 588
20 605
20 606
20 625
20 639
20 684
20 686
20 732
20 771
20 804
20 812
20 828
20 871
21 29
21 32
21 35
21 38
21 42
21 44
21 47
21 50
21 51
21 53
21 56
21 63
21 64
21 74
21 76
21 82
21 85
21 86
21 90
21 94
21 98
21 116
21 123
21 131
21 143
21 178
21 179
21 180
21 187
21 188
21 191
21 197
21 198
21 208
21 210
21 211
21 212
21 234
21 256
21 257
21 267
21 269
21 318
21 323
21 341
21 386
21 442
21 447
21 492
21 493
21 494
21 495
21 590
21 601
21 626
21 627
21 661
21 670
21 671
21 683
21 692
21 727
21 766
21 818
21 939
21 940
21 988
22 23
22 26
22 27
22 34
22 39
22 45
22 48
22 55
22 59
22 68
22 69
22 70
22 73
22 75
22 77
22 78
22 83
22 89
22 92
22 95
22 98
22 103
22 105
22 110
22 111
22 121
22 125
22 126
22 128
22 131
22 134
22 139
22 145
22 147
22 148
22 153
22 158
22 162
22 167
22 172
22 191
22 194
22 217
22 227
22 258
22 264
22 274
22 278
22 279
22 284
22 291
22 318
22 333
22 339
22 340
22 384
22 393
22 394
22 404
22 420
22 434
22 437
22 499
22 552
22 577
22 585
22 591
22 599
22 602
22 629
22 630
22 703
22 743
22 760
22 798
22 813
22 829
22 830
22 842
22 891
22 980
23 27
23 28
23 39
23 44
23 45
23 48
23 50
23 51
23 53
23 54
23 56
23 57
23 59
23 63
23 64
23 68
23 69
23 74
23 78
23 82
23 83
23 86
23 90
23 97
23 102
23 103
23 105
23 110
23 118
23 121
23 123
23 124
23 128
23 134
23 137
23 139
23 147
23 149
23 154
23 161
23 196
23 209
23 217
23 241
23 262
23 289
23 301
23 312
23 391
23 398
23 422
23 458
23 459
23 460
23 461
23 485
23 492
23 515
23 537
23 553
23 554
23 619
23 621
23 622
23 623
23 649
23 681
23 703
23 746
23 749
23 757
23 784
23 785
23 786
23 814
23 815
23 846
23 921
23 924
24 28
24 29
24 36
24 40
24 43
24 49
24 60
24 67
24 69
24 76
24 77
24 84
24 94
24 97
24 110
24 116
24 127
24 130
24 134
24 137
24 138
24 140
24 143
24 145
24 146
24 153
24 158
24 168
24 169
24 177
24 192
24 196
24 197
24 209
24 220
24 234
24 241
24 245
24 259
24 261
24 293
24 302
24 310
24 333
24 351
24 367
24 383
24 392
24 402
24 405
24 418
24 436
24 446
24 485
24 486
24 490
24 497
24 519
24 520
24 531
24 564
24 566
24 577
24 599
24 602
24 629
24 630
24 639
24 664
24 666
24 686
24 753
24 759
24 816
24 827
25 26
25 31
25 35
25 37
25 44
25 45
25 49
25 50
25 51
25 53
25 55
25 56
25 60
25 61
25 63
25 64
25 65
25 66
25 67
25 69
25 72
25 73
25 74
25 75
25 77
25 79
25 82
25 85
25 89
25 90
25 91
25 92
25 95
25 100
25 101
25 151
25 166
25 192
25 194
25 207
25 229
25 254
25 255
25 257
25 258
25 265
25 277
25 293
25 294
25 295
25 298
25 301
25 316
25 335
25 336
25 337
25 359
25 381
25 382
25 395
25 396
25 418
25 439
25 446
25 448
25 472
25 473
25 519
25 520
25 525
25 563
25 587
25 588
25 625
25 927
26 31
26 32
26 35
26 44
26 50
26 51
26 52
26 53
26 54
26 55
26 56
26 63
26 64
26 67
26 68
26 74
26 75
26 79
26 82
26 83
26 84
26 90
26 101
26 102
26 104
26 111
26 125
26 126
26 129
26 139
26 146
26 152
26 168
26 175
26 176
26 191
26 193
26 202
26 227
26 241
26 258
26 268
26 274
26 285
26 318
26 330
26 333
26 348
26 351
26 365
26 369
26 416
26 419
26 423
26 427
26 450
26 517
26 518
26 552
26 553
26 572
26 585
26 619
26 648
26 663
26 704
26 716
26 738
26 750
26 788
26 797
26 854
26 855
26 982
27 28
27 39
27 40
27 41
27 43
27 44
27 45
27 48
27 50
27 51
27 53
27 54
27 56
27 57
27 59
27 63
27 64
27 68
27 69
27 74
27 77
27 80
27 82
27 83
27 90
27 102
27 103
27 105
27 111
27 115
27 121
27 122
27 125
27 126
27 128
27 134
27 137
27 139
27 147
27 148
27 160
27 161
27 163
27 185
27 221
27 222
27 223
27 241
27 278
27 289
27 301
27 339
27 391
27 398
27 404
27 499
27 515
27 537
27 553
27 554
27 619
27 621
27 622
27 623
27 649
27 650
27 651
27 679
27 681
27 703
27 746
27 784
27 785
27 786
27 814
27 815
27 888
27 921
27 924
28 36
28 39
28 44
28 46
28 48
28 50
28 51
28 52
28 53
28 56
28 59
28 63
28 64
28 68
28 70
28 74
28 82
28 84
28 87
28 89
28 90
28 106
28 107
28 108
28 113
28 117
28 139
28 142
28 145
28 155
28 156
28 162
28 167
28 181
28 182
28 196
28 204
28 205
28 224
28 233
28 257
28 260
28 266
28 291
28 296
28 299
28 300
28 301
28 334
28 403
28 487
28 522
28 523
28 530
28 537
28 562
28 567
28 568
28 569
28 570
28 591
28 655
28 656
28 680
28 749
28 753
28 887
28 954
29 32
29 34
29 35
29 36
29 40
29 41
29 43
29 44
29 47
29 49
29 50
29 51
29 53
29 56
29 60
29 63
29 64
29 66
29 69
29 74
29 77
29 80
29 82
29 85
29 87
29 89
29 90
29 94
29 106
29 107
29 111
29 113
29 115
29 117
29 118
29 122
29 124
29 125
29 126
29 130
29 136
29 138
29 146
29 149
29 151
29 152
29 154
29 158
29 175
29 177
29 190
29 203
29 239
29 240
29 256
29 278
29 279
29 300
29 421
29 427
29 489
29 490
29 491
29 561
29 603
29 619
29 632
29 649
29 657
29 665
29 683
29 705
29 789
29 796
29 822
29 927
29 931
29 932
30 33
30 38
30 39
30 42
30 45
30 71
30 77
30 109
30 119
30 173
30 178
30 208
30 224
30 230
30 231
30 233
30 235
30 260
30 266
30 275
30 282
30 288
30 298
30 303
30 304
30 327
30 331
30 332
30 339
30 350
30 362
30 374
30 430
30 445
30 453
30 496
30 540
30 580
30 674
30 695
30 725
30 728
30 778
30 781
30 835
30 870
30 900
30 941
30 942
31 44
31 45
31 49
31 50
31 51
31 53
31 55
31 56
31 57
31 60
31 61
31 63
31 64
31 65
31 66
31 67
31 69
31 72
31 73
31 74
31 75
31 77
31 79
31 82
31 90
31 91
31 92
31 95
31 100
31 101
31 106
31 107
31 108
31 113
31 117
31 118
31 124
31 135
31 149
31 151
31 154
31 166
31 192
31 196
31 209
31 220
31 254
31 255
31 257
31 258
31 259
31 277
31 293
31 294
31 296
31 301
31 316
31 359
31 381
31 382
31 418
31 443
31 444
31 446
31 472
31 473
31 483
31 519
31 520
31 715
31 852
31 853
31 927
31 983
32 44
32 45
32 46
32 47
32 49
32 50
32 51
32 52
32 53
32 56
32 60
32 63
32 64
32 73
32 74
32 76
32 82
32 83
32 84
32 87
32 88
32 90
32 95
32 98
32 110
32 118
32 124
32 149
32 154
32 157
32 159
32 166
32 168
32 177
32 184
32 191
32 209
32 219
32 220
32 243
32 251
32 252
32 259
32 263
32 274
32 289
32 308
32 330
32 342
32 355
32 383
32 386
32 393
32 396
32 402
32 416
32 418
32 420
32 426
32 447
32 453
32 552
32 590
32 598
32 626
32 668
32 719
32 761
32 762
32 806
33 58
33 71
33 78
33 81
33 86
33 93
33 98
33 99
33 106
33 107
33 108
33 109
33 111
33 113
33 116
33 117
33 118
33 123
33 124
33 125
33 126
33 128
33 131
33 132
33 134
33 149
33 154
33 157
33 158
33 160
33 163
33 169
33 172
33 173
33 179
33 180
33 185
33 191
33 211
33 212
33 221
33 222
33 223
33 231
33 232
33 236
33 257
33 262
33 269
33 299
33 318
33 323
33 338
33 341
33 342
33 353
33 386
33 389
33 399
33 400
33 433
33 470
33 471
33 527
33 528
33 529
33 552
33 585
33 592
33 612
33 613
33 634
33 676
33 803
33 823
33 893
34 49
34 52
34 60
34 72
34 73
34 76
34 84
34 85
34 88
34 92
34 93
34 95
34 116
34 127
34 158
34 168
34 169
34 173
34 176
34 251
34 258
34 264
34 269
34 280
34 281
34 295
34 302
34 322
34 333
34 341
34 375
34 377
34 418
34 449
34 494
34 495
34 497
34 521
34 533
34 566
34 577
34 578
34 595
34 596
34 597
34 599
34 602
34 629
34 630
34 631
34 665
34 667
34 718
34 740
34 752
34 800
34 860
34 861
34 862
34 897
34 904
34 932
34 959
35 45
35 47
35 50
35 57
35 61
35 78
35 87
35 88
35 91
35 94
35 103
35 151
35 155
35 156
35 166
35 171
35 176
35 184
35 192
35 206
35 207
35 219
35 229
35 230
35 242
35 253
35 254
35 255
35 265
35 275
35 276
35 285
35 290
35 302
35 309
35 334
35 350
35 372
35 385
35 388
35 403
35 424
35 425
35 448
35 451
35 484
35 532
35 535
35 593
35 594
35 627
35 655
35 656
35 659
35 744
35 745
35 798
35 833
35 850
35 888
35 894
35 895
35 970
36 49
36 60
36 67
36 69
36 76
36 77
36 84
36 94
36 97
36 110
36 116
36 130
36 134
36 137
36 138
36 140
36 145
36 146
36 153
36 158
36 168
36 169
36 177
36 192
36 197
36 234
36 241
36 245
36 261
36 293
36 302
36 310
36 325
36 351
36 367
36 383
36 392
36 402
36 405
36 418
36 436
36 446
36 458
36 459
36 460
36 461
36 486
36 490
36 497
36 519
36 520
36 531
36 564
36 577
36 602
36 639
36 664
36 666
36 686
36 759
36 803
36 816
36 827
37 38
37 39
37 42
37 43
37 48
37 50
37 58
37 65
37 66
37 78
37 102
37 103
37 110
37 119
37 127
37 131
37 177
37 188
37 192
37 198
37 224
37 226
37 235
37 259
37 263
37 269
37 271
37 288
37 289
37 297
37 308
37 321
37 327
37 341
37 354
37 387
37 400
37 430
37 439
37 465
37 540
37 583
37 735
37 772
37 862
37 891
37 913
38 42
38 57
38 62
38 71
38 86
38 94
38 97
38 109
38 112
38 118
38 120
38 123
38 124
38 133
38 149
38 154
38 168
38 178
38 199
38 208
38 218
38 224
38 233
38 244
38 245
38 261
38 302
38 312
38 338
38 341
38 345
38 360
38 361
38 370
38 371
38 378
38 379
38 387
38 396
38 423
38 450
38 496
38 514
38 541
38 642
38 646
38 672
38 673
38 693
38 695
38 699
38 733
38 749
38 778
38 838
38 870
38 879
38 910
38 946
39 44
39 45
39 48
39 50
39 51
39 53
39 54
39 56
39 57
39 59
39 63
39 64
39 68
39 69
39 71
39 74
39 82
39 83
39 86
39 90
39 102
39 103
39 105
39 109
39 110
39 121
39 123
39 128
39 134
39 137
39 139
39 147
39 161
39 217
39 241
39 262
39 289
39 301
39 311
39 322
39 391
39 398
39 440
39 441
39 443
39 444
39 482
39 483
39 515
39 537
39 553
39 554
39 556
39 562
39 576
39 619
39 621
39 622
39 623
39 649
39 703
39 814
39 815
40 41
40 42
40 43
40 57
40 58
40 68
40 78
40 80
40 82
40 83
40 87
40 96
40 97
40 103
40 115
40 120
40 122
40 132
40 133
40 136
40 138
40 144
40 150
40 156
40 183
40 189
40 190
40 201
40 214
40 228
40 231
40 247
40 248
40 253
40 264
40 274
40 287
40 297
40 314
40 344
40 345
40 361
40 366
40 367
40 390
40 405
40 476
40 477
40 478
40 647
40 780
40 807
41 42
41 43
41 57
41 58
41 68
41 78
41 80
41 82
41 83
41 87
41 96
41 97
41 103
41 115
41 120
41 122
41 132
41 133
41 136
41 144
41 150
41 156
41 183
41 189
41 190
41 201
41 214
41 228
41 231
41 247
41 248
41 253
41 264
41 287
41 297
41 314
41 324
41 344
41 345
41 361
41 366
41 367
41 390
41 405
41 476
41 477
41 478
41 647
41 780
41 798
41 807
42 43
42 57
42 71
42 86
42 94
42 97
42 109
42 112
42 118
42 120
42 123
42 124
42 133
42 149
42 154
42 168
42 178
42 181
42 182
42 204
42 205
42 208
42 218
42 224
42 226
42 233
42 244
42 245
42 261
42 271
42 302
42 338
42 341
42 360
42 370
42 371
42 378
42 379
42 387
42 396
42 423
42 450
42 496
42 514
42 541
42 642
42 646
42 672
42 673
42 693
42 695
42 699
42 733
42 870
42 946
43 57
43 58
43 68
43 78
43 80
43 82
43 83
43 87
43 96
43 97
43 103
43 115
43 120
43 122
43 132
43 133
43 136
43 138
43 144
43 150
43 156
43 183
43 189
43 190
43 201
43 214
43 228
43 231
43 247
43 248
43 253
43 264
43 274
43 287
43 297
43 314
43 344
43 345
43 361
43 366
43 367
43 390
43 405
43 476
43 477
43 478
43 647
43 780
43 807
44 46
44 47
44 48
44 50
44 51
44 53
44 54
44 55
44 56
44 61
44 63
44 64
44 65
44 66
44 72
44 73
44 74
44 82
44 86
44 90
44 91
44 92
44 94
44 95
44 100
44 112
44 123
44 141
44 165
44 181
44 182
44 187
44 191
44 204
44 205
44 220
44 259
44 267
44 280
44 281
44 291
44 292
44 299
44 318
44 320
44 325
44 334
44 349
44 368
44 401
44 480
44 537
44 556
45 47
45 48
45 49
45 52
45 59
45 60
45 61
45 65
45 66
45 68
45 69
45 70
45 72
45 78
45 85
45 88
45 91
45 100
45 105
45 111
45 125
45 126
45 147
45 148
45 158
45 160
45 163
45 168
45 185
45 194
45 227
45 258
45 274
45 279
45 333
45 359
45 393
45 423
45 437
45 443
45 444
45 450
45 483
45 492
45 499
45 557
45 566
45 599
45 629
45 630
45 714
45 829
45 830
45 863
45 953
45 999
46 49
46 50
46 51
46 52
46 53
46 56
46 59
46 60
46 63
46 64
46 70
46 73
46 74
46 82
46 84
46 87
46 89
46 90
46 92
46 95
46 106
46 107
46 111
46 113
46 117
46 118
46 124
46 125
46 126
46 139
46 142
46 149
46 154
46 155
46 158
46 160
46 186
46 187
46 196
46 224
46 233
46 260
46 266
46 267
46 285
46 299
46 300
46 321
46 325
46 338
46 352
46 403
46 407
46 458
46 459
46 460
46 461
46 489
46 490
46 501
46 537
46 562
46 591
46 655
46 656
46 896
46 954
47 49
47 50
47 51
47 52
47 53
47 56
47 60
47 63
47 64
47 74
47 82
47 84
47 87
47 88
47 90
47 110
47 118
47 124
47 149
47 154
47 155
47 157
47 158
47 159
47 166
47 168
47 177
47 184
47 191
47 209
47 219
47 220
47 243
47 251
47 252
47 263
47 274
47 289
47 308
47 342
47 355
47 383
47 393
47 396
47 402
47 416
47 420
47 426
47 552
47 593
47 627
47 659
47 668
47 719
47 761
47 762
47 806
48 50
48 51
48 53
48 54
48 56
48 57
48 59
48 63
48 64
48 68
48 69
48 74
48 77
48 82
48 83
48 86
48 90
48 102
48 103
48 105
48 118
48 121
48 123
48 124
48 128
48 134
48 137
48 139
48 147
48 149
48 154
48 161
48 241
48 289
48 301
48 391
48 398
48 400
48 492
48 515
48 553
48 554
48 619
48 621
48 622
48 623
48 635
48 649
48 681
48 703
48 746
48 814
48 815
48 846
48 924
49 52
49 55
49 60
49 61
49 65
49 68
49 83
49 88
49 91
49 102
49 103
49 110
49 130
49 135
49 145
49 146
49 152
49 155
49 162
49 167
49 168
49 176
49 177
49 184
49 197
49 203
49 219
49 239
49 240
49 242
49 243
49 258
49 274
49 293
49 294
49 296
49 310
49 366
49 369
49 377
49 387
49 388
49 393
49 402
49 421
49 534
49 564
49 571
49 572
49 573
49 638
49 697
50 51
50 52
50 53
50 54
50 55
50 56
50 61
50 63
50 64
50 65
50 66
50 72
50 73
50 74
50 75
50 78
50 79
50 82
50 90
50 91
50 92
50 94
50 95
50 100
50 112
50 141
50 165
50 187
50 191
50 220
50 259
50 267
50 291
50 292
50 318
50 320
50 325
50 349
50 368
50 401
50 458
50 459
50 460
50 461
50 480
50 556
50 705
50 708
51 53
51 54
51 55
51 56
51 61
51 63
51 64
51 65
51 66
51 72
51 73
51 74
51 82
51 85
51 90
51 91
51 92
51 94
51 95
51 100
51 112
51 141
51 156
51 165
51 181
51 182
51 187
51 191
51 204
51 205
51 220
51 257
51 259
51 267
51 291
51 292
51 318
51 320
51 325
51 334
51 349
51 368
51 401
51 480
51 556
51 635
51 708
51 819
51 820
52 55
52 56
52 57
52 59
52 60
52 63
52 67
52 69
52 70
52 75
52 78
52 79
52 96
52 101
52 105
52 106
52 107
52 113
52 114
52 117
52 142
52 143
52 147
52 148
52 186
52 220
52 259
52 278
52 291
52 293
52 310
52 311
52 322
52 372
52 399
52 418
52 446
52 499
52 519
52 520
52 527
52 528
52 529
52 530
52 536
52 591
52 598
52 624
52 719
52 803
52 849
52 920
52 981
53 54
53 55
53 56
53 61
53 63
53 64
53 65
53 66
53 72
53 73
53 74
53 78
53 82
53 90
53 91
53 92
53 94
53 95
53 100
53 111
53 112
53 125
53 126
53 141
53 160
53 163
53 165
53 185
53 187
53 191
53 220
53 259
53 267
53 291
53 292
53 318
53 320
53 325
53 349
53 368
53 401
53 458
53 459
53 460
53 461
53 480
53 530
53 556
53 635
54 55
54 56
54 59
54 63
54 64
54 68
54 70
54 74
54 75
54 79
54 82
54 90
54 101
54 102
54 111
54 125
54 126
54 128
54 134
54 139
54 145
54 148
54 160
54 161
54 162
54 163
54 167
54 172
54 177
54 251
54 265
54 298
54 311
54 322
54 335
54 336
54 337
54 402
54 422
54 443
54 444
54 483
54 499
54 554
54 591
54 650
54 651
54 652
54 706
54 753
54 784
54 785
54 786
54 949
55 56
55 63
55 64
55 67
55 68
55 74
55 75
55 79
55 82
55 83
55 84
55 90
55 101
55 102
55 104
55 129
55 139
55 141
55 146
55 152
55 168
55 175
55 176
55 193
55 202
55 227
55 268
55 274
55 285
55 330
55 333
55 348
55 351
55 365
55 369
55 419
55 423
55 427
55 450
55 517
55 553
55 572
55 619
55 648
55 704
55 716
55 738
55 750
55 788
55 797
55 854
55 855
55 890
56 61
56 63
56 64
56 65
56 66
56 72
56 73
56 74
56 75
56 79
56 82
56 85
56 90
56 91
56 92
56 94
56 95
56 100
56 101
56 112
56 141
56 165
56 187
56 191
56 220
56 257
56 259
56 267
56 291
56 292
56 299
56 318
56 320
56 325
56 349
56 368
56 396
56 401
56 480
56 530
56 556
56 631
57 61
57 65
57 67
57 68
57 80
57 83
57 91
57 96
57 103
57 114
57 121
57 164
57 244
57 286
57 297
57 313
57 327
57 354
57 392
57 430
57 465
57 535
57 537
57 540
57 541
57 581
57 605
57 639
57 725
57 726
57 766
57 871
58 81
58 93
58 98
58 99
58 108
58 116
58 128
58 131
58 132
58 134
58 156
58 157
58 164
58 169
58 172
58 173
58 179
58 180
58 191
58 211
58 212
58 213
58 232
58 236
58 246
58 253
58 257
58 269
58 270
58 272
58 273
58 286
58 309
58 318
58 323
58 341
58 342
58 343
58 353
58 378
58 389
58 390
58 429
58 433
58 470
58 471
58 552
58 585
58 612
58 613
58 635
58 803
59 63
59 68
59 69
59 70
59 74
59 102
59 105
59 128
59 131
59 134
59 137
59 139
59 140
59 147
59 148
59 161
59 172
59 175
59 195
59 202
59 241
59 263
59 268
59 278
59 326
59 339
59 347
59 358
59 365
59 383
59 404
59 414
59 434
59 436
59 479
59 489
59 490
59 516
59 554
59 584
59 586
59 652
59 705
59 706
59 707
59 709
59 710
59 783
59 789
59 791
59 817
59 848
59 884
59 886
60 65
60 88
60 91
60 102
60 110
60 130
60 135
60 145
60 146
60 152
60 162
60 167
60 168
60 176
60 177
60 184
60 197
60 203
60 219
60 239
60 240
60 242
60 243
60 258
60 274
60 293
60 294
60 296
60 310
60 366
60 369
60 377
60 387
60 388
60 393
60 402
60 421
60 534
60 564
60 571
60 572
60 573
60 638
60 697
61 63
61 64
61 65
61 66
61 67
61 69
61 72
61 73
61 74
61 82
61 90
61 91
61 92
61 95
61 100
61 111
61 125
61 126
61 143
61 151
61 160
61 163
61 166
61 185
61 192
61 220
61 254
61 255
61 259
61 277
61 294
61 301
61 312
61 316
61 356
61 359
61 375
61 381
61 382
61 397
61 415
61 472
61 473
61 555
61 563
62 80
62 97
62 122
62 151
62 156
62 166
62 170
62 189
62 199
62 201
62 214
62 244
62 245
62 307
62 312
62 314
62 316
62 379
62 382
62 410
62 439
62 477
62 511
62 514
62 541
62 581
62 587
62 588
62 605
62 606
62 625
62 639
62 684
62 732
62 771
62 773
62 804
62 856
62 871
63 64
63 65
63 66
63 70
63 72
63 73
63 74
63 82
63 85
63 90
63 91
63 92
63 94
63 95
63 100
63 106
63 107
63 112
63 113
63 117
63 141
63 165
63 187
63 191
63 220
63 259
63 267
63 291
63 292
63 318
63 320
63 325
63 349
63 368
63 401
63 480
63 556
63 660
63 705
63 708
64 65
64 66
64 72
64 73
64 74
64 82
64 90
64 91
64 92
64 94
64 95
64 100
64 112
64 127
64 141
64 165
64 187
64 191
64 220
64 259
64 267
64 291
64 292
64 299
64 318
64 320
64 325
64 334
64 349
64 368
64 401
64 443
64 444
64 480
64 483
64 556
65 66
65 67
65 72
65 74
65 77
65 82
65 90
65 91
65 100
65 141
65 143
65 151
65 165
65 166
65 192
65 196
65 209
65 254
65 255
65 277
65 293
65 294
65 300
65 301
65 316
65 321
65 352
65 359
65 381
65 382
65 401
65 418
65 446
65 472
65 473
65 485
65 519
65 520
65 603
65 708
65 760
65 885
66 67
66 69
66 72
66 74
66 82
66 90
66 91
66 96
66 100
66 112
66 114
66 151
66 166
66 192
66 194
66 207
66 220
66 229
66 254
66 255
66 259
66 277
66 280
66 281
66 294
66 301
66 311
66 316
66 322
66 359
66 381
66 382
66 395
66 448
66 472
66 473
66 522
66 523
66 525
66 557
66 679
66 740
66 852
66 853
67 69
67 72
67 73
67 75
67 79
67 85
67 91
67 100
67 105
67 106
67 107
67 112
67 113
67 117
67 127
67 138
67 139
67 147
67 164
67 177
67 186
67 225
67 244
67 257
67 264
67 265
67 293
67 298
67 311
67 322
67 335
67 336
67 337
67 354
67 359
67 401
67 407
67 418
67 426
67 446
67 449
67 452
67 501
67 519
67 520
67 624
67 653
67 662
67 826
67 885
67 886
67 964
68 69
68 75
68 79
68 83
68 103
68 105
68 110
68 121
68 134
68 139
68 147
68 194
68 217
68 241
68 258
68 289
68 291
68 301
68 391
68 398
68 400
68 443
68 444
68 483
68 530
68 553
68 554
68 619
68 636
68 681
68 703
68 714
68 753
68 793
68 794
68 795
68 889
68 949
69 70
69 72
69 76
69 91
69 100
69 105
69 108
69 130
69 139
69 145
69 146
69 147
69 152
69 177
69 188
69 197
69 198
69 203
69 210
69 234
69 239
69 240
69 265
69 298
69 321
69 335
69 336
69 337
69 352
69 397
69 415
69 437
69 481
69 492
69 559
69 571
69 574
69 575
69 660
69 721
69 884
70 74
70 102
70 105
70 128
70 131
70 134
70 137
70 139
70 140
70 147
70 148
70 161
70 172
70 175
70 195
70 202
70 241
70 263
70 268
70 278
70 326
70 339
70 347
70 358
70 365
70 383
70 404
70 414
70 434
70 436
70 479
70 489
70 490
70 516
70 554
70 584
70 586
70 652
70 705
70 706
70 707
70 709
70 710
70 783
70 789
70 791
70 817
70 848
70 884
70 886
71 109
71 119
71 173
71 178
71 208
71 224
71 231
71 233
71 235
71 260
71 265
71 266
71 282
71 288
71 298
71 303
71 304
71 327
71 331
71 332
71 335
71 336
71 337
71 362
71 430
71 540
71 580
71 674
71 695
71 725
71 728
71 781
71 835
72 74
72 77
72 82
72 85
72 89
72 90
72 91
72 100
72 108
72 141
72 151
72 158
72 166
72 192
72 194
72 254
72 255
72 257
72 277
72 293
72 294
72 301
72 316
72 321
72 352
72 359
72 381
72 382
72 418
72 446
72 472
72 473
72 519
72 520
72 563
72 635
72 921
73 74
73 82
73 88
73 89
73 90
73 91
73 92
73 95
73 141
73 152
73 153
73 164
73 165
73 194
73 196
73 209
73 217
73 225
73 232
73 244
73 284
73 354
73 373
73 394
73 415
73 417
73 436
73 452
73 453
73 515
73 555
73 561
73 598
73 603
73 633
73 653
73 685
73 722
73 741
73 754
73 802
73 818
73 868
74 82
74 90
74 91
74 92
74 94
74 95
74 100
74 141
74 165
74 187
74 191
74 220
74 259
74 267
74 292
74 296
74 311
74 318
74 320
74 322
74 325
74 349
74 368
74 401
74 480
74 556
75 79
75 83
75 84
75 101
75 102
75 104
75 129
75 139
75 146
75 152
75 168
75 175
75 176
75 193
75 202
75 227
75 241
75 268
75 274
75 285
75 330
75 333
75 348
75 351
75 365
75 369
75 419
75 423
75 427
75 442
75 450
75 517
75 553
75 572
75 619
75 648
75 704
75 716
75 738
75 750
75 788
75 797
75 854
75 855
76 98
76 99
76 105
76 111
76 112
76 116
76 125
76 126
76 130
76 141
76 147
76 160
76 163
76 169
76 181
76 182
76 185
76 204
76 205
76 213
76 221
76 222
76 223
76 224
76 233
76 258
76 260
76 266
76 270
76 295
76 321
76 352
76 386
76 503
76 593
76 637
76 659
76 670
76 671
76 692
76 717
76 718
76 721
76 727
76 777
76 819
76 820
77 83
77 84
77 87
77 88
77 104
77 120
77 127
77 146
77 150
77 171
77 174
77 179
77 186
77 215
77 216
77 218
77 230
77 237
77 238
77 240
77 249
77 250
77 258
77 274
77 324
77 352
77 491
77 590
77 641
78 83
78 84
78 87
78 102
78 108
78 131
78 155
78 164
78 184
78 186
78 196
78 225
78 227
78 292
78 293
78 321
78 352
78 355
78 378
78 407
78 429
78 488
78 524
78 536
78 642
78 658
78 672
78 673
78 680
78 693
78 834
78 846
78 968
79 83
79 84
79 101
79 102
79 104
79 129
79 146
79 152
79 158
79 168
79 175
79 176
79 193
79 202
79 227
79 241
79 274
79 285
79 319
79 333
79 348
79 365
79 369
79 419
79 423
79 427
79 450
79 517
79 518
79 553
79 560
79 572
79 619
79 704
79 716
79 738
79 788
79 797
79 816
79 855
80 96
80 97
80 115
80 120
80 122
80 133
80 136
80 144
80 150
80 156
80 183
80 189
80 190
80 201
80 214
80 228
80 231
80 247
80 248
80 253
80 287
80 314
80 344
80 345
80 361
80 390
80 405
80 476
80 477
80 478
80 647
81 93
81 98
81 99
81 108
81 111
81 116
81 118
81 124
81 125
81 126
81 128
81 131
81 132
81 134
81 149
81 154
81 157
81 160
81 163
81 169
81 172
81 173
81 179
81 180
81 185
81 191
81 211
81 212
81 221
81 222
81 223
81 232
81 236
81 299
81 318
81 323
81 342
81 353
81 370
81 371
81 386
81 389
81 400
81 433
81 456
81 470
81 471
81 552
81 585
81 592
81 612
81 613
82 90
82 91
82 92
82 94
82 95
82 100
82 112
82 141
82 165
82 187
82 191
82 220
82 259
82 267
82 291
82 292
82 318
82 320
82 325
82 349
82 368
82 401
82 480
82 556
82 862
83 87
83 89
83 101
83 103
83 106
83 107
83 113
83 117
83 121
83 127
83 139
83 264
83 289
83 301
83 334
83 391
83 398
83 400
83 492
83 553
83 619
83 633
83 635
83 660
83 681
83 793
83 794
83 952
84 88
84 101
84 106
84 107
84 112
84 113
84 117
84 130
84 158
84 186
84 252
84 257
84 258
84 280
84 285
84 286
84 291
84 293
84 300
84 302
84 310
84 321
84 323
84 325
84 352
84 418
84 446
84 458
84 459
84 460
84 461
84 519
84 520
84 746
85 88
85 94
85 98
85 102
85 108
85 129
85 142
85 157
85 159
85 175
85 176
85 177
85 202
85 219
85 220
85 236
85 242
85 244
85 262
85 264
85 276
85 295
85 302
85 317
85 326
85 340
85 357
85 375
85 376
85 383
85 392
85 394
85 406
85 451
85 526
85 564
85 626
85 661
85 799
86 98
86 118
86 121
86 123
86 124
86 129
86 141
86 157
86 161
86 187
86 191
86 193
86 202
86 231
86 242
86 256
86 267
86 310
86 340
86 370
86 371
86 376
86 399
86 406
86 412
86 417
86 428
86 453
86 493
86 498
86 527
86 528
86 529
86 548
86 585
86 590
86 634
86 778
86 779
86 822
86 838
86 847
86 879
86 944
87 94
87 138
87 180
87 225
87 246
87 256
87 258
87 269
87 281
87 341
87 342
87 386
87 389
87 430
87 433
87 443
87 444
87 488
87 530
87 537
87 540
87 661
87 808
87 851
87 873
87 970
88 92
88 95
88 111
88 125
88 126
88 158
88 160
88 163
88 185
88 186
88 221
88 222
88 223
88 242
88 274
88 291
88 300
88 324
88 393
88 443
88 444
88 483
88 562
88 593
88 659
88 714
88 743
88 752
88 937
88 986
88 987
89 92
89 98
89 103
89 138
89 140
89 145
89 146
89 152
89 162
89 167
89 190
89 203
89 239
89 240
89 241
89 263
89 279
89 289
89 308
89 367
89 392
89 416
89 419
89 438
89 445
89 518
89 558
89 628
89 633
89 654
89 657
89 682
89 710
89 757
89 784
89 785
89 786
89 788
89 849
89 928
89 956
90 91
90 92
90 94
90 95
90 100
90 112
90 141
90 165
90 187
90 191
90 220
90 259
90 267
90 292
90 318
90 320
90 325
90 334
90 349
90 368
90 401
90 480
90 556
90 669
91 92
91 95
91 100
91 151
91 166
91 192
91 251
91 254
91 255
91 277
91 294
91 301
91 311
91 316
91 322
91 359
91 381
91 382
91 472
91 473
91 563
92 95
92 141
92 152
92 153
92 164
92 165
92 194
92 217
92 232
92 284
92 373
92 394
92 417
92 436
92 452
92 453
92 515
92 561
92 562
92 598
92 603
92 633
92 653
92 685
92 722
92 741
92 754
92 802
92 818
92 868
93 98
93 99
93 108
93 116
93 131
93 132
93 156
93 157
93 164
93 169
93 173
93 179
93 180
93 211
93 212
93 213
93 225
93 226
93 236
93 269
93 270
93 271
93 286
93 341
93 342
93 343
93 378
93 389
93 407
93 429
93 478
93 501
93 504
93 612
93 613
93 678
93 702
93 937
94 118
94 124
94 130
94 138
94 141
94 146
94 149
94 151
94 152
94 154
94 156
94 190
94 203
94 239
94 240
94 256
94 257
94 278
94 421
94 488
94 491
94 537
94 632
94 665
94 683
94 789
94 796
95 141
95 152
95 153
95 164
95 165
95 194
95 217
95 232
95 284
95 373
95 394
95 417
95 436
95 452
95 453
95 515
95 561
95 598
95 603
95 633
95 653
95 685
95 741
95 754
95 802
95 818
95 868
96 114
96 127
96 171
96 226
96 271
96 302
96 321
96 352
96 380
96 386
96 399
96 407
96 501
96 530
96 535
96 542
96 593
96 642
96 655
96 656
96 674
96 701
96 811
96 837
96 889
96 914
97 106
97 107
97 113
97 115
97 117
97 122
97 130
97 136
97 181
97 182
97 193
97 204
97 205
97 228
97 245
97 269
97 289
97 312
97 324
97 360
97 396
97 467
97 468
97 469
97 507
97 508
97 512
97 514
97 543
97 544
97 545
97 546
97 676
97 875
98 105
98 108
98 111
98 116
98 123
98 125
98 126
98 131
98 157
98 160
98 163
98 169
98 173
98 179
98 180
98 185
98 211
98 212
98 221
98 222
98 223
98 236
98 257
98 262
98 269
98 341
98 342
98 370
98 371
98 389
98 437
98 442
98 601
98 612
98 613
98 628
98 682
98 818
99 132
99 169
99 200
99 224
99 233
99 246
99 253
99 260
99 261
99 266
99 272
99 273
99 307
99 309
99 314
99 315
99 328
99 343
99 363
99 364
99 390
99 510
99 547
99 643
99 644
100 151
100 166
100 192
100 254
100 255
100 258
100 265
100 277
100 294
100 295
100 298
100 301
100 316
100 335
100 336
100 337
100 359
100 381
100 382
100 472
100 473
100 563
100 746
101 102
101 104
101 129
101 146
101 152
101 153
101 158
101 168
101 175
101 176
101 186
101 193
101 202
101 227
101 241
101 274
101 285
101 348
101 365
101 369
101 419
101 423
101 427
101 440
101 441
101 450
101 517
101 518
101 553
101 572
101 714
101 716
101 738
101 788
101 797
101 855
102 111
102 125
102 126
102 128
102 134
102 139
102 145
102 148
102 160
102 161
102 162
102 163
102 167
102 172
102 177
102 399
102 402
102 407
102 499
102 527
102 528
102 529
102 650
102 651
102 679
102 885
102 953
103 111
103 121
103 125
103 126
103 139
103 158
103 160
103 163
103 185
103 221
103 222
103 223
103 289
103 301
103 334
103 391
103 398
103 400
103 553
103 619
103 635
103 681
103 760
103 826
103 888
103 921
103 936
104 111
104 125
104 126
104 129
104 145
104 160
104 162
104 163
104 167
104 177
104 185
104 188
104 193
104 197
104 198
104 210
104 221
104 222
104 223
104 234
104 291
104 348
104 399
104 440
104 441
104 453
104 454
104 455
104 482
104 493
104 498
104 517
104 527
104 528
104 529
104 564
104 600
104 636
104 756
104 803
104 960
105 131
105 139
105 145
105 146
105 147
105 152
105 162
105 167
105 177
105 194
105 203
105 239
105 240
105 264
105 265
105 291
105 298
105 311
105 335
105 336
105 337
105 365
105 415
105 437
105 481
105 556
105 571
105 721
105 884
105 934
105 935
105 954
106 107
106 113
106 117
106 121
106 170
106 200
106 231
106 246
106 263
106 269
106 272
106 273
106 290
106 297
106 326
106 338
106 343
106 373
106 412
106 452
106 480
106 491
106 510
106 524
106 597
106 768
106 782
106 875
107 113
107 117
107 121
107 156
107 170
107 200
107 231
107 246
107 263
107 269
107 272
107 273
107 290
107 297
107 312
107 326
107 338
107 343
107 373
107 412
107 452
107 480
107 491
107 510
107 524
107 597
107 768
107 782
107 875
108 110
108 112
108 116
108 127
108 132
108 143
108 157
108 166
108 173
108 179
108 180
108 188
108 191
108 198
108 210
108 211
108 212
108 225
108 234
108 286
108 407
108 504
108 561
108 662
108 736
108 767
108 796
108 832
109 119
109 173
109 178
109 208
109 231
109 235
109 282
109 288
109 298
109 303
109 304
109 327
109 331
109 332
109 362
109 430
109 540
109 580
109 674
109 695
109 725
109 728
109 835
110 130
110 145
110 146
110 147
110 162
110 167
110 171
110 183
110 191
110 196
110 209
110 217
110 356
110 375
110 397
110 415
110 420
110 552
110 555
110 564
110 628
110 634
110 682
110 703
110 710
110 719
111 125
111 126
111 128
111 129
111 131
111 138
111 146
111 157
111 160
111 161
111 163
111 172
111 177
111 185
111 221
111 222
111 223
111 236
111 242
111 279
111 300
111 330
111 442
111 454
111 455
111 503
111 709
111 718
111 721
112 141
112 153
112 169
112 187
112 244
112 267
112 292
112 310
112 320
112 331
112 332
112 349
112 354
112 368
112 369
112 373
112 400
112 454
112 490
112 498
112 504
112 576
112 670
112 671
112 692
112 727
112 763
112 764
112 825
113 117
113 121
113 170
113 200
113 231
113 246
113 263
113 269
113 272
113 273
113 297
113 326
113 338
113 343
113 373
113 412
113 452
113 480
113 491
113 510
113 524
113 540
113 597
113 768
113 782
113 875
114 171
114 226
114 271
114 302
114 312
114 380
114 386
114 399
114 407
114 501
114 530
114 535
114 542
114 593
114 642
114 655
114 656
114 674
114 701
114 811
114 837
114 914
115 120
115 122
115 133
115 136
115 144
115 150
115 156
115 183
115 189
115 190
115 201
115 214
115 228
115 231
115 247
115 248
115 287
115 312
115 344
115 345
115 361
115 405
115 476
115 477
115 478
116 118
116 124
116 130
116 131
116 157
116 169
116 173
116 179
116 180
116 193
116 211
116 212
116 225
116 231
116 236
116 326
116 355
116 377
116 411
116 412
116 504
116 525
116 548
116 578
116 601
116 634
116 723
116 767
117 121
117 170
117 200
117 231
117 246
117 263
117 269
117 272
117 273
117 297
117 326
117 338
117 343
117 373
117 412
117 452
117 480
117 491
117 510
117 524
117 597
117 768
117 782
117 875
118 123
118 124
118 131
118 140
118 149
118 154
118 157
118 165
118 179
118 180
118 186
118 190
118 211
118 212
118 242
118 279
118 295
118 324
118 326
118 413
118 417
118 435
118 548
118 578
118 668
118 741
118 761
118 762
118 806
118 909
118 927
119 120
119 144
119 150
119 170
119 174
119 215
119 216
119 218
119 235
119 237
119 238
119 249
119 250
119 282
119 283
119 288
119 303
119 304
119 362
119 432
119 466
119 509
119 604
119 732
119 771
120 122
120 133
120 136
120 144
120 150
120 174
120 187
120 215
120 216
120 218
120 228
120 237
120 238
120 249
120 250
120 265
120 267
120 283
120 298
120 305
120 306
120 329
120 335
120 336
120 337
120 431
120 636
121 123
121 139
121 243
121 289
121 301
121 311
121 322
121 391
121 398
121 492
121 553
121 619
121 679
121 681
121 746
121 846
121 892
121 922
121 923
121 952
122 133
122 136
122 144
122 150
122 156
122 183
122 189
122 190
122 201
122 214
122 228
122 231
122 247
122 248
122 287
122 344
122 345
122 361
122 405
122 476
122 477
122 478
123 124
123 129
123 141
123 157
123 161
123 191
123 193
123 202
123 242
123 256
123 310
123 340
123 370
123 371
123 376
123 406
123 412
123 417
123 428
123 453
123 493
123 498
123 515
123 548
123 585
123 590
123 779
123 822
123 847
123 944
124 131
124 140
124 149
124 154
124 157
124 165
124 179
124 180
124 186
124 190
124 211
124 212
124 242
124 279
124 295
124 324
124 326
124 413
124 417
124 435
124 548
124 578
124 668
124 741
124 761
124 762
124 806
124 909
125 126
125 128
125 129
125 131
125 138
125 146
125 157
125 160
125 161
125 163
125 172
125 185
125 221
125 222
125 223
125 236
125 242
125 279
125 300
125 330
125 442
125 454
125 455
125 503
125 709
126 128
126 129
126 131
126 138
126 146
126 157
126 160
126 161
126 163
126 172
126 185
126 221
126 222
126 223
126 236
126 242
126 279
126 300
126 330
126 442
126 454
126 455
126 503
126 709
127 130
127 143
127 170
127 171
127 220
127 226
127 244
127 286
127 338
127 354
127 504
127 582
127 588
127 639
127 686
127 701
127 735
127 851
127 860
127 874
127 899
128 134
128 139
128 160
128 161
128 163
128 172
128 185
128 186
128 221
128 222
128 223
128 232
128 241
128 262
128 331
128 353
128 433
128 470
128 471
128 517
128 607
128 608
128 609
128 610
128 611
128 713
128 742
128 757
128 813
128 929
129 145
129 160
129 162
129 163
129 167
129 177
129 185
129 186
129 188
129 193
129 197
129 198
129 210
129 221
129 222
129 223
129 234
129 348
129 399
129 440
129 441
129 453
129 454
129 455
129 482
129 498
129 527
129 528
129 529
129 564
129 600
129 660
129 756
130 140
130 168
130 169
130 192
130 245
130 261
130 293
130 302
130 392
130 405
130 486
130 639
130 664
130 666
130 686
130 740
130 753
130 827
131 139
131 141
131 149
131 154
131 157
131 160
131 163
131 169
131 173
131 179
131 185
131 196
131 209
131 221
131 222
131 223
131 236
131 291
131 342
131 389
131 407
131 437
131 485
131 501
131 612
131 613
131 842
132 183
132 191
132 200
132 225
132 261
132 307
132 343
132 410
132 487
132 504
132 511
132 522
132 523
132 567
132 568
132 569
132 570
132 662
132 796
132 828
132 832
133 136
133 144
133 150
133 174
133 215
133 216
133 218
133 228
133 237
133 238
133 245
133 249
133 250
133 283
133 305
133 306
133 329
133 360
133 379
133 699
134 139
134 145
134 161
134 162
134 167
134 172
134 194
134 232
134 264
134 278
134 339
134 353
134 404
134 433
134 470
134 471
134 599
134 607
134 608
134 609
134 610
134 611
134 713
134 742
134 747
134 750
134 849
134 929
135 151
135 159
135 184
135 196
135 197
135 206
135 209
135 219
135 229
135 252
135 254
135 255
135 276
135 277
135 290
135 294
135 301
135 408
135 424
135 425
135 426
135 451
135 462
135 463
135 464
135 474
135 475
135 532
135 549
135 550
135 573
135 579
135 614
135 615
135 616
135 617
135 618
135 715
135 765
136 144
136 150
136 156
136 183
136 189
136 190
136 201
136 214
136 228
136 231
136 247
136 248
136 287
136 344
136 345
136 361
136 405
136 476
136 477
136 478
137 148
137 155
137 195
137 258
137 268
137 311
137 322
137 340
137 347
137 348
137 356
137 357
137 358
137 375
137 376
137 403
137 406
137 408
137 414
137 428
137 457
137 479
137 494
137 495
137 500
137 502
137 516
137 576
137 740
137 859
138 146
138 152
138 158
138 160
138 163
138 176
138 185
138 194
138 203
138 221
138 222
138 223
138 239
138 240
138 285
138 296
138 421
138 440
138 441
138 482
138 488
138 577
138 602
138 632
138 657
138 753
138 891
138 961
138 998
139 147
139 148
139 161
139 172
139 278
139 311
139 322
139 330
139 339
139 404
139 434
139 442
139 499
139 848
139 886
140 149
140 154
140 158
140 181
140 182
140 190
140 204
140 205
140 241
140 251
140 264
140 413
140 422
140 435
140 554
140 650
140 651
140 652
140 706
140 789
140 925
141 254
141 445
141 446
141 464
141 518
141 640
141 667
141 831
141 849
141 859
141 866
141 867
141 870
141 904
142 158
142 224
142 233
142 260
142 266
142 321
142 352
142 396
142 399
142 487
142 522
142 523
142 527
142 528
142 529
142 537
142 567
142 568
142 569
142 570
142 655
142 656
143 144
143 190
143 192
143 224
143 226
143 233
143 260
143 266
143 269
143 271
143 286
143 312
143 316
143 341
143 372
143 374
143 478
143 488
143 684
143 686
143 749
143 807
144 150
144 174
144 215
144 216
144 218
144 228
144 237
144 238
144 249
144 250
144 283
144 305
144 306
144 329
144 431
144 676
145 146
145 147
145 148
145 152
145 161
145 162
145 167
145 194
145 203
145 217
145 239
145 240
145 241
145 351
145 383
145 415
145 434
145 438
145 555
145 564
145 598
145 792
145 821
146 147
146 152
146 162
146 167
146 194
146 203
146 217
146 239
146 240
146 256
146 291
146 421
146 427
146 488
146 491
146 632
146 638
146 653
146 657
147 152
147 177
147 188
147 194
147 197
147 198
147 203
147 210
147 217
147 234
147 239
147 240
147 415
147 437
147 481
147 557
147 571
147 721
147 884
148 161
148 162
148 167
148 195
148 268
148 278
148 279
148 339
148 340
148 357
148 358
148 391
148 404
148 406
148 428
148 457
148 499
148 500
148 554
148 650
148 651
148 652
148 704
148 706
148 920
148 933
148 936
148 981
149 154
149 157
149 158
149 165
149 186
149 190
149 242
149 279
149 295
149 324
149 326
149 413
149 417
149 435
149 548
149 578
149 668
149 741
149 761
149 762
149 806
149 909
150 174
150 175
150 215
150 216
150 218
150 228
150 230
150 237
150 238
150 249
150 250
150 283
150 305
150 306
150 329
150 431
151 166
151 192
151 220
151 259
151 316
151 321
151 352
151 381
151 382
151 472
151 473
151 746
151 852
151 853
151 896
152 158
152 162
152 167
152 203
152 239
152 240
152 256
152 359
152 421
152 427
152 488
152 491
152 595
152 596
152 632
152 638
152 653
152 657
152 885
153 188
153 194
153 195
153 197
153 198
153 210
153 234
153 252
153 264
153 296
153 311
153 322
153 354
153 365
153 394
153 442
153 537
153 577
153 586
153 595
153 596
153 602
153 658
153 704
153 716
153 781
153 883
153 965
154 157
154 165
154 186
154 190
154 242
154 279
154 295
154 324
154 326
154 413
154 417
154 435
154 548
154 578
154 668
154 741
154 761
154 762
154 806
154 909
155 184
155 195
155 196
155 209
155 220
155 224
155 227
155 233
155 259
155 260
155 266
155 268
155 286
155 384
155 403
155 485
155 759
155 861
156 169
156 192
156 199
156 201
156 246
156 261
156 297
156 307
156 313
156 328
156 343
156 344
156 360
156 410
156 514
156 700
156 777
157 160
157 163
157 169
157 173
157 179
157 180
157 185
157 211
157 212
157 221
157 222
157 223
157 236
157 342
157 386
157 389
157 612
157 613
157 903
158 171
158 210
158 236
158 239
158 264
158 279
158 295
158 308
158 319
158 462
158 463
158 487
158 766
159 184
159 187
159 206
159 213
159 219
159 246
159 253
159 272
159 276
159 293
159 296
159 309
159 324
159 338
159 372
159 424
159 451
159 532
159 573
159 601
159 641
159 670
159 720
159 752
159 765
159 948
160 161
160 163
160 172
160 185
160 221
160 222
160 223
160 236
160 242
160 279
160 300
160 330
160 454
160 455
160 503
161 162
161 163
161 167
161 172
161 177
161 185
161 221
161 222
161 223
161 402
161 499
161 679
161 803
161 826
162 167
162 203
162 217
162 239
162 240
162 241
162 383
162 434
162 438
162 564
162 591
162 598
162 792
162 821
163 172
163 185
163 221
163 222
163 223
163 236
163 242
163 279
163 300
163 330
163 454
163 455
163 503
164 191
164 207
164 244
164 313
164 317
164 318
164 354
164 370
164 371
164 378
164 397
164 429
164 484
164 585
164 908
165 196
165 209
165 254
165 255
165 277
165 294
165 401
165 425
165 462
165 463
165 464
165 579
165 708
166 192
166 196
166 209
166 293
166 316
166 381
166 382
166 418
166 446
166 472
166 473
166 504
166 519
166 520
166 852
166 853
167 194
167 196
167 203
167 209
167 217
167 239
167 240
167 241
167 291
167 383
167 434
167 438
167 564
167 598
167 792
167 821
168 178
168 193
168 202
168 208
168 251
168 387
168 419
168 423
168 450
168 494
168 495
168 496
168 595
168 596
168 743
168 752
168 795
168 902
169 173
169 179
169 180
169 181
169 182
169 204
169 205
169 211
169 212
169 213
169 236
169 270
169 286
169 593
169 659
169 777
170 199
170 206
170 276
170 286
170 303
170 312
170 324
170 362
170 439
170 514
170 574
170 575
170 587
170 588
170 625
170 804
171 181
171 182
171 204
171 205
171 255
171 290
171 312
171 399
171 527
171 528
171 529
171 583
171 636
171 819
171 820
172 185
172 222
172 223
172 232
172 353
172 400
172 433
172 470
172 471
172 607
172 608
172 609
172 610
172 611
172 713
172 742
172 747
172 813
172 929
173 179
173 180
173 211
173 212
173 236
173 257
173 269
173 341
173 342
173 386
173 389
173 399
173 527
173 528
173 529
173 612
173 613
174 175
174 215
174 216
174 218
174 224
174 233
174 237
174 238
174 249
174 250
174 260
174 266
174 283
174 305
174 306
174 329
174 431
175 215
175 216
175 218
175 237
175 238
175 249
175 480
175 554
175 561
175 624
175 652
175 706
175 788
175 898
175 932
176 220
176 225
176 252
176 259
176 277
176 285
176 296
176 388
176 456
176 572
176 715
176 744
176 745
176 755
176 825
177 374
177 402
177 453
177 454
177 455
177 498
177 600
177 680
177 756
178 208
178 230
178 275
178 350
178 384
178 385
178 386
178 387
178 496
178 542
178 594
178 601
178 646
178 730
178 731
178 795
178 900
179 180
179 193
179 211
179 212
179 236
179 326
179 355
179 377
179 412
179 504
179 525
179 548
179 578
179 601
179 723
179 767
180 211
180 212
180 226
180 236
180 326
180 355
180 377
180 411
180 504
180 525
180 548
180 578
180 601
180 723
180 767
181 182
181 200
181 204
181 205
181 228
181 272
181 324
181 343
181 389
181 439
181 581
181 605
182 200
182 204
182 205
182 228
182 272
182 324
182 343
182 389
182 439
182 581
182 605
183 193
183 217
183 228
183 231
183 343
183 344
183 410
183 411
183 634
183 700
183 733
183 940
184 206
184 219
184 220
184 259
184 276
184 293
184 296
184 338
184 372
184 403
184 424
184 451
184 532
184 573
184 641
184 714
184 765
185 221
185 222
185 223
185 236
185 242
185 279
185 300
185 454
185 455
185 503
186 193
186 196
186 202
186 209
186 241
186 293
186 296
186 321
186 330
186 352
186 485
186 562
186 598
186 679
186 905
187 206
187 225
187 261
187 267
187 276
187 297
187 321
187 374
187 396
187 493
187 496
187 925
188 197
188 198
188 207
188 210
188 234
188 241
188 243
188 319
188 356
188 369
188 375
188 377
188 398
188 434
188 443
188 444
188 483
188 526
188 531
188 557
188 584
188 736
189 201
189 214
189 247
189 248
189 346
190 228
190 312
190 415
190 445
190 555
190 563
190 681
190 749
190 757
190 847
190 859
191 217
191 225
191 318
191 552
191 561
191 585
191 926
192 316
192 381
192 382
192 472
192 473
192 563
192 635
192 746
193 231
193 256
193 412
193 423
193 450
193 524
193 634
193 684
193 735
193 747
193 774
193 856
193 899
194 241
194 251
194 284
194 373
194 383
194 434
194 479
194 559
195 268
195 340
195 347
195 348
195 357
195 358
195 376
195 403
195 406
195 408
195 414
195 428
195 457
195 479
195 494
195 495
195 500
195 502
195 516
195 576
195 595
195 596
196 207
196 209
196 262
196 290
196 293
196 308
196 376
196 383
196 485
196 715
197 198
197 207
197 210
197 234
197 243
197 291
197 319
197 356
197 369
197 375
197 377
197 398
197 434
197 443
197 444
197 483
197 526
197 531
197 557
197 736
198 207
198 210
198 234
198 241
198 243
198 319
198 356
198 369
198 375
198 377
198 398
198 434
198 443
198 444
198 483
198 526
198 531
198 557
198 584
198 736
199 244
199 245
199 307
199 314
199 316
199 379
199 410
199 439
199 511
199 587
199 588
199 606
199 625
199 732
199 734
199 771
199 812
200 205
200 246
200 253
200 261
200 272
200 273
200 307
200 309
200 314
200 328
200 343
200 363
200 364
200 390
200 547
201 214
201 247
201 248
201 346
202 242
202 258
202 295
202 419
202 423
202 440
202 441
202 450
202 482
202 524
202 535
202 637
202 658
202 816
202 890
203 239
203 240
203 256
203 299
203 321
203 352
203 421
203 427
203 488
203 491
203 632
203 638
203 653
203 657
204 205
204 228
204 272
204 324
204 343
204 389
204 439
204 581
204 605
204 871
205 228
205 272
205 324
205 343
205 389
205 439
205 581
205 605
206 213
206 219
206 220
206 259
206 262
206 276
206 338
206 372
206 424
206 451
206 532
206 641
206 670
206 671
206 692
206 727
206 834
207 209
207 210
207 229
207 234
207 290
207 374
207 378
207 395
207 429
207 448
207 484
207 525
207 526
207 715
208 230
208 275
208 350
208 384
208 385
208 386
208 387
208 493
208 496
208 542
208 594
208 601
208 646
208 795
208 900
209 290
209 293
209 308
209 376
209 383
209 485
209 715
210 226
210 234
210 241
210 243
210 271
210 319
210 356
210 369
210 375
210 377
210 398
210 434
210 526
210 531
210 557
210 574
210 575
210 584
210 736
211 212
211 236
211 326
211 355
211 377
211 411
211 504
211 525
211 548
211 578
211 601
211 723
211 767
212 236
212 326
212 355
212 377
212 411
212 504
212 525
212 548
212 578
212 601
212 723
212 767
213 253
213 265
213 270
213 276
213 298
213 299
213 309
213 324
213 335
213 336
213 337
213 372
213 551
213 583
213 592
213 640
213 641
213 836
214 247
214 248
214 346
215 216
215 218
215 230
215 237
215 238
215 249
215 250
215 283
215 305
215 306
215 329
215 431
216 218
216 230
216 237
216 238
216 249
216 250
216 283
216 305
216 306
216 329
216 431
217 386
217 420
217 552
217 564
217 628
217 634
217 682
217 710
217 757
218 237
218 238
218 249
218 250
218 283
218 305
218 306
218 329
218 431
219 276
219 293
219 296
219 338
219 372
219 424
219 451
219 532
219 573
219 641
219 724
219 752
219 765
220 259
220 263
220 284
220 331
220 332
220 565
220 600
221 222
221 223
221 236
221 242
221 279
221 300
221 454
221 455
221 503
222 223
222 236
222 242
222 279
222 300
222 454
222 455
222 503
223 236
223 242
223 300
223 454
223 455
223 503
224 233
224 260
224 266
224 273
224 280
224 281
224 302
224 373
224 769
225 244
225 291
225 318
225 354
225 374
225 396
225 662
225 679
225 827
226 235
226 269
226 271
226 317
226 380
226 501
226 686
226 701
226 837
226 913
227 251
227 274
227 284
227 333
227 384
227 393
227 403
227 415
227 420
227 437
227 486
227 555
227 566
227 599
227 629
227 630
227 711
227 712
228 287
228 344
228 345
228 361
229 254
229 255
229 257
229 277
229 290
229 294
229 395
229 425
229 448
229 462
229 463
229 464
229 484
229 525
229 526
229 579
230 275
230 350
230 385
230 493
230 538
230 539
230 694
230 724
230 748
230 945
231 321
231 342
231 352
231 389
231 411
231 601
231 634
232 254
232 255
232 277
232 294
232 353
232 425
232 433
232 462
232 463
232 464
232 470
232 471
232 579
232 607
232 608
232 609
232 610
232 611
233 260
233 266
233 273
233 280
233 281
233 302
233 338
233 373
233 769
234 241
234 243
234 319
234 356
234 369
234 375
234 377
234 398
234 434
234 526
234 531
234 557
234 584
234 736
235 271
235 282
235 288
235 303
235 304
235 362
235 432
235 466
235 509
235 604
236 342
236 389
236 612
236 613
237 238
237 249
237 250
237 283
237 305
237 306
237 329
237 431
238 249
238 250
238 283
238 305
238 306
238 329
238 431
239 240
239 256
239 421
239 427
239 488
239 491
239 632
239 638
239 653
239 657
240 256
240 421
240 427
240 488
240 491
240 632
240 638
240 653
240 657
240 891
241 251
241 445
241 750
241 849
242 492
242 503
242 717
242 864
242 865
243 256
243 285
243 310
243 311
243 322
243 447
243 534
243 586
243 590
243 626
244 245
244 323
244 354
244 360
244 401
244 407
244 426
244 452
244 501
244 662
244 828
244 964
245 261
245 312
245 360
245 378
245 379
245 514
245 541
245 699
245 733
246 253
246 265
246 272
246 273
246 280
246 281
246 298
246 309
246 314
246 334
246 335
246 336
246 337
246 390
246 580
246 779
246 839
247 248
247 346
248 346
249 250
249 283
249 305
249 306
249 329
249 431
250 283
250 305
250 306
250 329
250 431
251 262
251 264
251 319
251 449
251 486
251 521
251 559
251 560
251 561
251 711
251 712
251 926
252 263
252 285
252 308
252 310
252 359
252 388
252 426
252 438
252 462
252 481
253 270
253 272
253 273
253 309
253 314
253 334
253 390
253 580
253 779
253 839
254 255
254 277
254 294
254 323
254 425
254 462
254 463
254 464
254 579
255 277
255 294
255 323
255 425
255 462
255 463
255 464
255 579
256 417
256 421
256 488
256 493
256 590
256 632
256 661
256 683
256 685
257 290
257 352
257 395
257 396
257 448
257 484
257 551
258 285
258 299
258 366
258 394
258 521
258 819
258 820
259 263
259 284
259 331
259 332
259 565
259 600
260 266
260 273
260 280
260 281
260 302
260 373
260 769
261 267
261 328
261 360
261 510
261 547
261 643
261 644
261 777
261 876
262 264
262 279
262 284
262 295
262 308
262 313
262 366
262 367
262 392
262 448
262 451
262 556
262 578
262 671
262 723
262 846
262 984
263 289
263 308
263 351
263 416
263 426
263 438
263 481
263 518
263 530
263 558
263 574
263 575
263 633
264 319
264 394
264 442
264 445
264 449
264 561
265 270
265 298
265 335
265 336
265 337
265 447
265 498
265 551
265 654
266 273
266 280
266 281
266 302
266 373
266 769
267 297
267 321
267 374
267 396
267 493
267 496
267 925
268 331
268 332
268 340
268 357
268 358
268 376
268 403
268 406
268 408
268 428
268 457
268 494
268 495
268 500
268 502
268 565
268 740
269 271
269 341
269 342
269 669
269 684
269 972
270 280
270 281
270 298
270 299
270 309
270 335
270 336
270 337
270 551
270 583
270 592
270 640
270 641
270 836
271 317
271 380
271 686
271 701
271 837
271 913
272 273
272 280
272 281
272 309
272 314
272 390
272 580
272 779
272 839
273 280
273 281
273 309
273 314
273 334
273 390
273 580
273 839
274 393
275 350
275 385
275 493
275 538
275 539
275 694
275 724
275 748
275 945
276 372
276 424
276 451
276 532
276 536
276 576
276 641
276 714
276 752
277 285
277 294
277 323
277 388
277 425
277 462
277 463
277 464
277 579
277 859
278 279
278 311
278 322
278 339
278 404
278 415
278 499
278 555
278 591
278 679
278 783
278 829
278 830
278 843
278 844
278 845
279 339
279 404
279 499
279 801
279 829
279 830
279 920
279 995
280 281
280 373
280 390
280 792
280 808
280 872
281 373
281 390
281 792
281 808
281 872
282 288
282 303
282 304
282 362
282 432
282 466
282 509
282 604
283 305
283 306
283 329
283 431
284 384
284 415
284 420
284 437
284 486
284 555
284 663
284 711
284 712
285 369
285 388
285 500
285 572
285 744
285 745
286 299
286 338
286 374
286 429
286 504
286 804
287 467
287 468
287 469
287 506
287 507
287 508
287 512
287 543
287 544
287 545
287 546
287 594
287 915
288 303
288 304
288 362
288 432
288 466
288 509
288 604
289 308
289 351
289 416
289 438
289 481
289 518
289 558
290 395
290 448
290 484
290 485
290 525
291 310
291 437
291 526
291 683
292 320
292 331
292 332
292 349
292 368
292 456
292 763
292 764
293 418
293 446
293 519
293 520
294 323
294 425
294 462
294 463
294 464
294 579
294 715
295 310
295 317
295 351
295 497
295 637
295 685
295 718
295 857
295 858
295 947
296 297
296 374
296 494
296 495
296 631
296 752
297 345
297 374
297 635
297 798
298 335
298 336
298 337
298 447
298 498
298 551
298 654
299 372
299 429
299 488
299 592
299 668
299 930
300 589
300 603
300 648
300 705
300 904
301 660
301 861
302 324
302 535
302 536
302 826
302 861
303 304
303 362
303 432
303 509
303 604
304 362
304 432
304 466
304 509
304 604
305 306
305 329
306 329
307 328
307 343
307 363
307 364
307 510
307 547
307 643
307 644
308 351
308 416
308 426
308 438
308 481
308 485
308 518
308 558
308 595
308 596
309 314
309 369
309 390
309 580
309 779
309 839
310 325
310 458
310 459
310 460
310 461
310 530
310 534
310 937
311 322
311 369
311 534
311 591
311 624
311 716
311 751
311 842
312 314
312 316
312 379
312 390
312 469
312 476
312 541
312 733
312 749
312 887
313 378
313 725
313 726
314 390
314 410
314 511
314 777
315 327
315 409
315 432
315 465
315 466
316 381
316 382
316 472
316 473
316 563
317 370
317 371
317 378
317 429
317 487
317 522
317 523
317 567
317 568
317 569
317 570
317 637
317 947
318 552
318 585
319 449
319 521
319 560
319 687
319 688
319 689
319 690
319 691
320 331
320 332
320 349
320 368
320 370
320 371
320 763
320 764
321 352
321 392
321 417
321 701
322 369
322 534
322 591
322 624
322 716
322 751
322 842
323 425
323 462
323 463
323 464
323 494
323 495
323 579
323 661
323 683
325 377
325 458
325 459
325 460
325 461
325 640
325 667
326 440
326 441
326 482
326 548
326 578
326 860
326 916
327 430
327 465
327 513
327 540
327 776
328 363
328 364
328 510
328 547
328 643
328 644
328 876
328 889
330 351
330 399
330 527
330 528
330 529
330 650
330 651
330 660
330 859
331 332
331 349
331 408
331 565
331 580
331 674
331 728
332 349
332 368
332 408
332 565
332 580
332 674
332 728
333 521
333 566
333 599
333 629
333 630
333 631
333 663
333 902
334 390
334 533
334 597
335 336
335 337
335 447
335 498
335 551
335 654
336 337
336 447
336 498
336 551
336 654
337 447
337 498
337 551
337 654
338 372
338 424
338 823
338 893
339 404
339 499
339 650
339 651
339 783
339 829
339 830
339 843
339 844
339 845
340 357
340 358
340 376
340 406
340 408
340 428
340 440
340 441
340 457
340 482
340 500
340 502
340 740
341 342
341 669
341 684
341 972
342 386
342 389
342 612
342 613
342 634
343 410
343 511
344 410
344 511
344 606
345 361
345 467
345 468
345 469
345 507
345 508
347 348
347 413
347 414
347 435
347 479
347 516
347 620
347 787
348 413
348 414
348 435
348 479
348 516
348 620
348 650
348 651
348 787
349 368
349 763
349 764
350 385
350 538
350 539
350 694
350 724
350 748
351 416
351 438
351 481
351 490
351 518
351 553
351 558
351 821
352 392
352 417
353 400
353 433
353 470
353 471
353 607
353 608
353 609
353 610
353 611
354 378
354 400
354 401
354 426
354 452
354 662
354 964
355 430
355 551
355 669
355 719
356 359
356 375
356 397
356 436
356 555
356 577
356 589
356 602
356 663
356 722
357 358
357 376
357 406
357 408
357 428
357 457
357 494
357 495
357 500
357 502
357 784
357 785
357 786
358 376
358 392
358 400
358 406
358 408
358 428
358 457
358 500
358 502
358 576
359 365
359 375
359 397
359 577
359 657
359 897
360 378
360 379
360 514
360 541
360 699
360 733
361 467
361 468
361 469
361 507
361 508
362 509
363 364
363 510
363 547
363 643
363 644
363 734
364 510
364 547
364 643
364 644
364 734
365 391
365 436
365 584
365 621
365 622
365 623
365 650
365 651
365 707
365 816
366 407
366 556
366 793
366 794
367 392
367 586
367 654
367 680
367 748
367 892
368 763
368 764
369 526
369 660
369 897
369 960
370 371
370 447
370 456
370 626
370 646
370 681
370 769
371 447
371 456
371 626
371 646
371 681
371 769
372 424
372 451
372 532
372 592
372 636
372 641
374 600
374 737
374 836
375 397
375 436
375 555
375 577
375 589
375 602
375 722
376 406
376 408
376 428
376 457
376 500
376 502
376 577
376 602
377 458
377 459
377 460
377 461
377 723
378 429
378 484
378 908
379 514
379 541
379 699
379 733
380 386
380 542
380 655
380 656
380 811
380 914
381 382
381 472
381 473
381 852
381 853
382 472
382 473
382 563
383 591
383 709
383 791
383 817
384 403
384 415
384 420
384 437
384 486
384 555
384 574
384 575
384 711
384 712
384 795
385 493
385 538
385 539
385 724
385 748
386 389
386 594
387 423
387 450
387 494
387 495
387 496
387 530
388 456
388 744
388 745
389 612
389 613
389 634
390 839
391 440
391 441
391 482
391 499
391 554
391 652
391 704
391 706
392 537
392 598
393 991
394 591
394 631
394 743
395 448
395 484
395 525
395 526
396 535
396 791
397 415
397 434
397 555
397 577
397 602
397 628
397 703
397 886
399 493
399 527
399 528
399 529
399 658
400 449
400 470
400 471
400 489
401 708
402 663
402 803
403 759
404 499
404 660
404 783
404 829
404 830
404 843
404 844
404 845
405 477
405 478
405 732
405 771
405 840
405 841
406 408
406 428
406 457
406 500
406 502
407 452
407 501
408 428
408 457
408 500
408 502
408 565
409 432
409 466
410 511
410 606
410 700
412 524
412 684
412 735
412 747
412 774
412 899
413 414
413 435
413 479
413 516
413 574
413 575
413 679
413 953
414 435
414 479
414 516
414 620
414 621
414 622
414 623
414 787
415 420
415 555
415 559
415 868
416 438
416 481
416 518
416 530
416 558
417 741
418 446
418 519
418 520
419 423
419 440
419 441
419 450
419 482
419 628
419 682
420 437
420 486
420 555
420 711
420 712
420 959
421 488
421 491
421 632
422 428
422 442
422 445
422 515
422 517
422 558
422 649
422 790
422 792
422 898
422 974
423 440
423 441
423 450
423 482
423 496
423 571
424 451
424 532
424 576
424 641
424 724
425 462
425 463
425 464
425 579
426 481
427 638
427 657
427 664
427 869
427 983
428 457
428 500
428 502
429 714
429 908
430 465
430 540
430 669
430 851
431 677
432 466
432 604
433 470
433 471
433 607
433 608
433 609
433 610
433 611
433 851
435 479
435 516
435 819
435 820
436 559
436 584
436 596
436 707
436 713
436 742
437 571
437 653
438 481
438 518
438 558
438 633
439 587
439 588
439 625
440 441
440 482
440 517
440 589
440 649
440 790
440 955
441 482
441 517
441 589
441 649
441 790
441 955
442 489
442 557
442 621
442 622
442 623
442 660
442 818
443 444
443 483
443 557
444 483
444 557
445 530
445 576
445 601
445 660
445 679
445 739
445 757
446 519
446 520
447 590
447 626
447 648
447 661
447 683
447 939
448 484
448 525
448 526
449 560
449 572
449 669
450 496
451 532
451 641
452 896
453 454
453 455
453 498
453 600
453 756
454 455
454 498
454 600
454 756
455 498
455 600
455 756
456 665
456 666
456 698
456 827
457 500
457 502
457 591
458 459
458 460
458 461
458 640
458 667
459 460
459 461
459 640
459 667
460 461
460 640
460 667
461 640
461 667
462 463
462 464
462 579
463 464
463 579
463 724
464 573
464 579
464 765
465 513
465 540
465 776
466 604
467 468
467 469
467 506
467 507
467 508
467 512
467 543
467 544
467 545
467 546
468 469
468 506
468 507
468 508
468 512
468 543
468 544
468 545
468 546
469 506
469 507
469 508
469 512
469 543
469 544
469 545
469 546
470 471
470 607
470 608
470 609
470 610
470 611
471 607
471 608
471 609
471 610
471 611
472 473
474 475
474 549
474 550
474 614
474 615
474 616
474 617
474 618
474 645
475 549
475 550
475 614
475 615
475 616
475 617
475 618
475 645
476 551
476 912
477 478
477 840
477 841
478 840
478 841
479 516
479 620
479 787
480 740
481 518
481 558
482 517
482 589
482 649
482 790
482 955
483 557
484 525
485 715
486 711
486 712
486 743
487 522
487 523
487 567
487 568
487 569
487 570
488 632
488 753
489 490
489 750
489 789
489 822
489 931
490 557
490 750
490 789
490 822
490 931
491 537
491 632
491 938
492 494
492 495
492 497
492 590
494 495
494 683
495 683
496 694
497 503
497 526
497 717
497 864
497 865
498 600
498 756
498 939
499 704
499 920
499 933
500 502
501 672
501 673
503 717
503 864
503 865
504 767
505 538
505 539
505 582
505 675
505 696
505 729
506 507
506 508
506 512
506 543
506 544
506 545
506 546
506 594
506 915
507 508
507 512
507 543
507 544
507 545
507 546
508 512
508 543
508 544
508 545
508 546
510 643
510 644
511 606
511 700
512 543
512 544
512 545
512 546
513 724
513 776
513 906
513 907
513 938
514 524
515 554
515 649
515 652
515 706
516 620
516 787
517 649
517 789
518 558
519 520
521 560
521 566
521 599
521 629
521 630
521 928
522 523
522 567
522 568
522 569
522 570
523 567
523 568
523 569
523 570
524 632
524 658
525 526
527 528
527 529
527 658
528 529
528 658
529 658
530 536
531 577
531 602
531 751
531 799
531 810
531 918
532 641
533 597
533 635
533 636
533 753
533 800
534 571
534 586
534 905
535 658
535 669
536 670
536 671
536 727
536 834
537 639
538 539
541 581
541 605
542 594
543 544
543 545
543 546
544 545
544 546
545 546
547 876
548 578
548 860
548 916
549 550
549 614
549 615
549 616
549 617
549 618
549 645
550 614
550 615
550 616
550 617
550 618
550 645
551 912
552 585
554 652
554 706
555 868
559 584
559 595
559 596
559 649
559 707
559 710
559 713
559 742
560 687
560 688
560 689
560 690
560 691
561 926
565 580
565 674
565 728
566 599
566 629
566 630
566 631
567 568
567 569
567 570
568 569
568 570
569 570
573 720
573 765
574 575
574 600
574 755
574 911
575 600
575 755
575 911
576 664
577 602
578 860
578 916
580 674
580 728
581 605
582 675
582 696
582 874
584 707
584 713
584 742
586 624
586 654
586 902
586 936
587 588
587 625
588 625
589 603
589 628
589 682
590 626
590 648
590 661
592 668
593 659
593 808
593 872
594 915
595 596
595 710
595 805
596 710
596 805
597 800
599 629
599 630
599 631
600 756
601 905
603 705
603 904
606 700
607 608
607 609
607 610
607 611
608 609
608 610
608 611
609 610
609 611
610 611
612 613
614 615
614 616
614 617
614 618
614 645
615 616
615 617
615 618
615 645
616 617
616 618
616 645
617 618
617 645
618 645
620 650
620 651
621 622
621 623
621 648
621 738
621 739
622 623
622 648
622 738
622 739
623 648
623 738
623 739
624 848
626 648
626 661
627 658
627 719
628 634
628 682
629 630
629 631
630 631
633 757
633 984
634 682
636 669
636 810
637 685
637 718
637 947
638 657
638 664
638 869
639 828
640 667
640 831
640 866
640 867
642 672
642 673
642 693
643 644
648 660
648 738
650 651
650 652
651 652
652 706
655 656
659 808
659 872
661 683
662 796
662 832
663 775
664 760
664 833
664 869
664 943
665 666
665 697
665 698
665 770
666 697
666 698
666 770
667 831
667 866
667 867
668 930
669 684
670 671
670 692
670 727
670 834
671 692
671 727
671 834
672 673
672 693
673 693
674 728
675 696
676 678
676 772
676 809
676 992
677 678
677 702
677 747
677 772
677 823
677 893
677 993
678 702
678 747
678 772
678 809
680 729
680 888
683 968
687 688
687 689
687 690
687 691
687 824
688 689
688 690
688 691
688 824
689 690
689 691
689 824
690 691
690 824
691 824
692 727
695 910
697 698
697 770
697 896
698 770
702 747
702 772
702 809
703 813
707 713
707 742
709 791
709 817
710 713
711 712
713 742
713 929
714 908
716 797
717 864
717 865
720 765
720 975
720 976
721 826
722 775
722 805
722 878
722 917
725 726
729 885
729 911
729 989
730 731
732 771
735 774
735 899
739 877
744 745
749 887
751 799
751 810
751 918
755 911
758 759
758 901
759 901
760 943
760 969
761 762
763 764
772 809
773 836
773 979
774 899
775 805
775 878
775 917
778 838
778 879
778 950
779 977
779 978
780 880
780 881
780 882
781 883
781 951
782 811
782 919
783 843
783 844
783 845
784 785
784 786
785 786
791 817
793 794
795 822
796 832
799 810
799 918
801 934
801 935
805 878
805 917
808 872
810 918
811 919
813 980
814 815
819 820
821 854
822 931
823 856
823 893
829 830
831 866
831 867
833 862
833 869
834 846
838 879
838 950
840 841
843 844
843 845
844 845
852 853
857 858
860 916
861 905
862 869
864 865
866 867
878 917
879 950
880 881
880 882
881 882
883 951
897 966
898 932
902 903
902 959
904 967
906 907
922 923
924 997
933 962
933 963
934 935
941 942
943 969
957 958
962 963
962 973
963 973
975 976
977 978
979 996
982 994
