0 246
0 459
0 538
0 655
0 676
0 677
1 62
1 279
1 345
1 664
1 913
2 433
2 484
3 260
3 458
3 589
3 779
3 972
4 61
4 79
4 426
4 535
4 614
4 906
5 121
5 353
5 376
5 469
6 766
6 770
6 896
7 322
7 387
7 484
7 863
7 901
7 991
8 382
8 556
8 893
9 57
9 120
9 311
11 307
11 978
12 474
12 550
13 155
13 537
13 706
13 715
13 740
14 325
14 377
14 492
14 515
14 593
14 709
14 857
15 31
15 399
15 424
15 533
15 559
15 569
15 630
15 876
16 21
16 155
16 579
17 106
17 254
17 491
17 667
17 823
17 931
18 193
18 241
18 575
18 815
18 972
19 222
19 251
19 371
19 380
19 872
20 126
20 473
20 652
20 696
21 105
21 159
21 564
21 625
21 701
21 825
22 148
22 244
22 346
22 503
22 802
22 974
23 46
23 211
23 492
23 515
23 872
24 482
24 566
24 904
25 65
25 786
25 827
25 840
25 855
26 482
26 501
26 592
26 603
26 777
26 850
27 501
27 933
27 984
27 985
27 993
28 99
28 938
28 954
28 966
29 82
29 508
29 549
29 659
29 988
30 131
30 210
30 472
30 499
30 543
30 597
31 273
31 634
31 678
31 828
32 329
32 756
33 469
33 481
33 564
33 577
33 864
33 896
34 79
34 106
34 274
34 331
34 464
34 573
34 926
34 960
34 994
35 451
35 666
35 865
35 961
36 352
36 421
36 594
36 784
36 912
37 49
37 102
37 145
37 156
37 448
37 594
38 311
38 650
38 762
38 887
38 962
39 318
39 603
40 218
40 389
40 424
40 813
41 114
41 248
41 417
41 739
42 328
42 730
43 187
43 588
43 653
43 723
43 875
43 912
44 126
44 165
44 220
44 305
44 429
44 652
45 224
45 308
45 518
45 543
46 158
46 159
46 211
46 453
46 537
46 553
47 389
47 851
48 305
48 474
48 782
48 828
48 873
49 69
49 294
49 463
49 523
49 529
49 634
49 913
50 508
50 551
50 567
50 733
51 120
51 626
51 933
52 64
52 305
52 673
53 274
53 337
53 681
54 297
54 588
54 823
54 893
55 238
55 373
55 598
56 116
56 392
56 624
56 643
56 788
56 975
58 496
58 653
58 793
58 990
59 326
59 559
59 851
59 867
60 197
60 626
60 843
60 905
60 918
61 382
62 108
62 194
62 533
62 679
62 718
62 750
62 758
63 145
63 419
63 524
63 737
63 818
64 222
64 677
64 806
64 953
65 204
65 268
65 332
65 940
66 731
67 278
67 757
67 821
68 643
69 270
69 354
69 585
69 888
69 924
69 964
70 205
70 301
70 493
71 90
71 155
71 612
72 392
72 663
72 946
73 575
73 878
73 992
74 525
74 561
74 672
75 99
75 272
75 393
76 667
76 796
76 972
78 291
78 546
78 874
79 286
79 645
79 791
80 333
80 347
80 843
81 672
82 161
82 373
82 379
83 220
83 264
83 434
84 408
84 696
84 734
85 398
85 441
86 113
86 196
86 314
86 325
86 509
86 539
86 648
86 706
86 880
87 656
87 979
88 249
88 261
88 481
88 520
88 752
89 110
89 263
89 297
89 960
90 375
90 453
91 704
92 939
93 413
93 660
93 729
93 798
93 934
93 989
94 96
94 263
94 389
94 687
94 888
95 127
95 130
95 651
95 711
95 807
96 229
96 479
97 110
97 599
99 298
99 364
100 150
100 204
100 297
100 357
100 497
100 898
101 169
101 390
102 278
102 439
102 916
102 990
103 411
104 400
104 711
105 263
105 360
105 664
105 689
105 886
105 929
105 999
106 127
106 655
106 764
106 890
107 475
107 526
107 579
107 779
107 951
108 112
109 600
110 242
110 719
110 954
111 144
111 593
111 687
111 904
112 537
112 832
113 287
113 294
113 356
113 839
114 362
114 440
114 764
115 396
115 401
115 903
116 187
116 320
117 220
117 353
118 358
118 379
118 614
118 761
119 355
120 268
120 387
120 484
120 678
120 796
121 243
121 329
121 405
121 797
121 909
121 976
122 194
122 442
122 447
122 488
122 489
122 818
123 186
123 659
123 966
124 160
124 510
124 713
124 751
124 765
125 243
125 801
125 916
125 976
126 404
126 482
126 746
126 834
127 697
127 722
127 727
128 293
128 391
129 200
129 669
130 336
130 529
130 551
131 473
131 582
131 783
131 789
131 992
132 445
132 688
132 732
132 911
133 346
133 740
133 879
133 986
134 300
135 337
135 901
136 170
136 677
136 730
136 898
137 250
137 266
137 269
137 449
137 460
137 689
138 166
138 212
138 283
138 764
138 770
139 620
140 221
140 561
140 895
141 378
141 586
141 814
141 860
141 891
142 182
142 484
143 255
143 766
143 962
144 386
144 478
144 760
145 782
145 796
146 363
146 415
146 917
147 438
147 586
147 672
147 927
148 176
148 415
148 778
148 874
148 886
149 545
149 556
149 585
149 692
149 734
149 781
149 980
150 232
150 723
150 852
151 189
151 521
151 555
151 618
151 648
151 793
152 416
152 562
154 238
154 399
154 781
155 268
155 709
155 922
155 985
156 261
156 545
156 646
156 796
156 803
156 821
156 831
157 236
157 279
157 698
158 413
158 981
159 588
159 997
160 945
160 999
161 275
161 571
161 599
161 648
161 761
162 196
162 399
162 442
162 821
163 221
163 489
164 214
164 607
165 174
165 435
165 696
165 808
166 735
166 759
166 892
166 971
168 471
169 766
169 985
169 995
170 630
171 297
171 566
171 639
171 692
171 738
171 905
172 175
172 399
172 506
173 216
173 246
173 557
173 568
173 705
174 264
174 393
174 806
174 918
175 428
175 502
175 696
175 745
176 550
177 286
177 757
178 259
178 464
178 761
179 328
179 366
179 850
180 524
180 539
180 593
180 740
180 830
181 226
181 555
181 731
181 805
182 817
182 818
182 924
183 943
184 414
184 555
184 667
185 315
185 455
186 194
186 261
186 266
186 389
187 924
188 407
188 549
188 772
188 961
189 262
189 428
189 577
189 761
189 764
189 782
189 876
191 648
192 198
192 350
192 375
192 603
192 950
193 399
193 708
193 913
194 470
194 532
194 630
194 655
194 797
194 898
195 232
195 260
195 298
195 464
195 577
195 834
197 227
197 276
197 656
197 689
198 465
198 648
198 926
199 314
199 473
199 512
199 590
200 222
200 383
200 477
201 341
201 772
201 868
202 722
203 517
203 780
204 210
204 406
204 607
204 805
205 590
205 663
205 682
205 997
206 235
206 306
206 334
206 336
206 777
206 846
206 883
207 609
208 458
208 695
208 974
208 978
210 686
210 688
210 840
211 617
212 769
212 916
212 946
212 995
213 498
213 642
213 862
214 314
214 714
214 730
214 735
214 913
215 280
215 367
215 453
215 952
216 278
216 864
216 896
217 270
217 366
217 376
217 681
218 583
218 700
218 886
218 948
219 437
219 510
219 745
219 799
219 836
220 223
220 468
220 959
220 967
221 258
221 283
221 521
221 634
221 895
223 234
223 297
223 319
223 399
223 510
223 940
224 279
224 357
224 685
225 247
225 845
226 363
226 645
226 979
227 594
227 623
227 647
228 411
228 525
228 558
228 753
229 278
229 411
229 469
229 648
229 704
229 774
230 315
230 458
230 546
230 549
230 734
231 330
231 730
232 246
232 484
232 917
232 921
233 250
234 431
234 496
234 655
234 714
235 597
235 612
235 657
235 794
236 300
236 467
237 424
237 693
237 933
238 811
240 299
240 536
240 798
241 444
241 967
242 402
242 619
242 821
243 298
243 350
243 428
243 532
243 762
243 992
244 250
244 439
245 463
245 574
245 631
246 247
246 476
246 596
247 260
248 588
248 851
249 872
249 959
249 982
250 438
250 631
250 637
250 671
250 912
250 965
250 987
251 379
251 416
251 653
251 764
251 929
252 458
252 574
253 616
253 897
254 548
254 618
254 845
255 407
255 414
255 450
255 473
255 573
255 803
256 260
256 727
256 745
256 772
256 842
257 318
257 665
257 666
257 776
258 398
259 333
259 408
259 477
259 574
259 691
259 967
260 268
260 581
260 825
260 836
261 373
261 900
262 482
262 575
262 746
262 922
262 942
263 298
263 412
263 990
264 341
264 363
264 435
264 569
264 831
264 861
265 345
266 670
267 388
267 792
267 843
267 871
268 296
268 548
268 834
270 449
270 627
270 967
271 859
272 297
272 399
272 412
272 544
273 568
273 570
274 294
274 601
275 291
275 332
275 539
275 639
275 853
276 506
276 596
276 744
277 388
277 405
278 280
278 714
278 823
280 341
280 574
280 627
280 822
281 716
281 982
282 556
283 649
283 741
284 301
284 319
284 389
285 904
286 870
287 293
287 606
287 863
287 978
288 509
288 515
288 669
288 807
289 370
289 714
290 481
290 560
291 724
292 796
293 555
293 644
293 670
293 827
293 921
294 334
295 966
297 448
297 638
298 663
298 668
298 693
300 329
300 511
300 568
300 735
300 814
300 837
301 388
301 491
301 588
302 589
303 384
303 807
303 979
304 345
304 444
304 465
304 601
304 869
304 997
305 583
305 998
306 343
306 977
307 688
307 812
307 906
309 812
309 973
310 616
310 668
310 727
310 840
311 838
312 356
312 828
312 846
313 381
313 584
314 411
314 565
314 801
314 812
314 929
315 316
316 456
316 861
316 937
316 950
317 580
317 747
318 385
318 480
318 852
319 337
319 409
319 543
319 662
320 424
320 582
320 720
320 848
321 629
322 381
322 407
322 702
322 793
323 810
323 858
324 334
324 371
324 517
324 531
324 813
325 436
325 878
325 968
326 868
327 598
327 872
327 955
328 505
328 555
328 730
328 737
328 878
329 573
329 764
330 465
330 830
330 895
331 586
331 624
332 391
332 457
333 505
333 810
333 821
333 907
334 510
334 727
334 994
335 753
336 355
336 669
336 691
336 714
336 989
337 739
337 891
338 535
338 541
338 689
338 707
339 479
339 724
339 791
340 684
340 768
340 927
341 707
341 829
341 916
342 384
342 406
342 610
342 758
343 680
343 821
344 372
344 551
344 871
344 960
345 749
345 867
345 914
345 984
346 422
346 787
347 592
347 598
347 793
347 837
347 958
348 764
349 786
350 416
350 673
350 682
350 730
350 846
350 908
350 933
351 449
351 734
352 499
352 671
352 679
353 668
353 864
353 884
353 936
354 395
354 956
354 978
356 708
357 445
357 560
357 705
357 710
357 943
358 517
358 685
358 741
358 984
359 799
360 511
360 558
360 562
360 822
361 612
361 725
362 428
362 673
362 938
363 503
363 636
363 686
363 959
364 373
365 750
365 953
366 463
366 645
366 901
367 591
367 696
368 399
368 720
369 467
369 687
369 971
370 503
372 411
372 557
373 506
374 827
374 867
375 643
375 687
375 805
377 686
377 919
378 553
379 406
379 619
379 768
379 774
379 982
380 593
380 610
380 691
380 902
380 920
381 694
381 883
381 920
382 855
383 909
384 929
385 580
385 601
385 817
386 488
388 605
389 426
389 462
389 546
389 746
390 877
392 598
392 790
392 945
393 428
393 463
394 748
395 438
395 657
395 726
395 999
396 778
397 513
397 563
397 598
398 659
398 676
398 772
398 887
399 693
400 839
400 925
401 617
402 644
402 767
402 798
402 833
402 899
403 875
403 882
403 939
403 976
405 631
405 923
406 611
406 751
407 641
408 644
408 661
408 709
408 762
408 839
408 901
409 483
410 432
410 935
411 421
411 464
411 622
411 716
411 947
412 587
412 721
412 974
413 472
413 816
414 685
414 950
415 606
415 790
415 903
415 940
415 972
416 499
416 750
417 587
418 568
418 703
418 941
419 940
420 960
421 769
421 874
422 782
422 943
423 536
423 559
423 682
423 720
423 774
425 481
425 513
425 844
425 856
425 874
426 452
426 758
427 473
427 479
427 621
427 771
427 887
427 913
428 651
428 652
428 874
428 961
429 439
429 661
430 818
430 892
430 940
430 955
430 973
431 454
432 699
433 597
433 622
433 629
433 749
434 496
434 558
434 787
434 870
435 950
436 545
436 558
436 691
436 759
437 726
437 735
438 501
438 503
438 573
438 808
438 948
439 542
439 937
439 995
440 486
441 966
442 488
442 562
442 654
442 809
442 868
442 956
442 979
443 521
443 559
443 774
443 791
444 523
444 736
444 759
445 558
445 712
445 836
445 841
445 974
446 590
446 683
446 850
446 853
446 969
447 500
447 895
448 776
448 780
448 828
448 902
449 754
451 879
452 699
452 830
453 484
453 584
453 632
453 740
454 635
454 671
455 531
455 858
456 755
456 916
457 679
457 715
457 789
458 497
460 931
461 984
462 543
462 560
462 681
462 917
464 690
464 753
465 470
465 857
465 867
466 540
466 939
467 484
467 790
467 829
467 849
470 935
471 616
471 981
472 520
473 499
473 998
474 730
475 550
475 713
475 812
475 815
475 887
475 945
476 605
477 558
477 637
480 521
480 524
480 558
480 802
482 588
482 690
482 891
483 809
483 934
485 491
485 547
485 661
485 876
486 882
487 742
489 566
489 659
490 536
490 556
492 734
492 952
493 808
494 652
495 534
495 733
496 714
496 778
497 626
498 709
500 752
500 784
501 535
501 538
501 644
501 758
501 826
501 899
502 561
503 837
503 917
503 954
504 986
505 570
505 677
507 869
507 908
507 979
510 641
510 940
511 888
511 910
511 977
512 705
514 555
514 703
514 713
515 703
516 563
516 732
517 797
518 546
519 584
519 723
519 870
519 983
520 754
520 908
520 909
520 977
521 781
521 839
521 987
523 662
523 679
524 787
524 790
524 801
525 610
525 643
525 648
525 707
525 863
525 947
526 960
528 590
528 914
529 791
529 795
529 959
532 546
532 704
533 549
533 652
534 979
535 809
535 821
535 849
536 589
536 673
536 682
536 902
537 946
538 819
538 828
538 909
539 546
539 970
540 557
540 783
540 967
541 727
541 781
541 801
541 855
541 916
542 989
544 887
545 547
545 685
546 839
546 977
547 615
547 639
547 674
547 767
547 949
547 955
548 556
549 736
549 746
549 873
549 905
550 753
550 816
550 817
550 879
551 826
554 621
554 629
554 980
555 684
555 857
556 631
556 687
556 718
556 864
556 880
557 624
557 940
557 946
559 784
559 857
560 751
561 627
561 670
561 783
561 900
561 974
562 586
562 788
563 769
563 851
563 938
564 665
564 674
565 586
565 607
565 745
566 568
567 662
567 759
567 947
568 679
569 642
570 652
570 691
570 889
570 900
570 912
571 579
571 706
571 993
572 732
572 737
572 904
573 627
573 791
574 689
574 759
574 983
575 628
576 808
576 881
577 594
577 790
577 809
578 898
579 759
579 765
579 952
579 980
579 984
580 642
580 728
581 655
583 791
583 822
584 602
584 810
585 613
585 731
586 601
586 856
587 658
587 966
587 968
588 664
588 665
588 852
589 935
590 813
591 984
592 672
592 959
593 669
593 821
593 935
594 866
594 899
595 632
597 635
597 841
597 856
598 827
598 928
598 943
599 758
600 785
600 823
601 691
601 889
602 968
602 993
605 760
606 821
607 615
607 638
607 644
608 714
608 738
608 906
608 970
608 990
609 915
610 924
610 938
610 972
610 986
611 703
614 633
614 717
614 761
615 710
615 807
617 676
617 687
617 869
618 788
618 981
619 995
620 711
620 845
622 818
624 950
625 649
625 650
625 771
625 879
626 803
626 908
627 666
628 957
629 840
629 843
630 936
631 748
632 643
632 977
633 830
633 837
634 636
634 804
635 862
635 959
636 639
636 757
637 856
637 895
637 992
638 680
638 898
639 687
639 695
639 879
640 651
642 799
644 670
644 729
644 801
645 656
645 798
647 668
647 945
648 672
648 793
648 853
649 675
649 883
650 697
651 682
651 812
652 866
652 999
653 825
653 838
653 979
654 875
654 953
655 683
656 812
656 848
659 689
659 892
662 987
663 719
663 835
666 684
667 877
668 716
669 695
670 901
672 881
676 780
677 729
677 903
680 742
680 791
681 978
686 952
686 991
687 877
687 984
688 986
689 937
690 721
690 844
690 870
693 856
693 965
695 862
697 811
697 971
698 713
698 764
698 869
699 832
699 890
701 775
703 723
703 813
707 784
707 959
708 736
709 894
710 771
712 777
713 719
714 842
714 851
714 933
718 836
721 870
723 879
723 911
723 937
723 941
724 979
725 819
725 851
728 833
728 890
729 839
730 949
731 947
732 839
732 980
737 845
737 877
738 850
738 992
739 791
739 994
740 877
743 964
743 985
744 800
744 839
746 766
746 930
747 942
748 854
748 903
750 759
750 872
751 919
751 956
751 996
752 771
754 943
754 972
755 932
755 964
757 872
757 969
758 870
759 851
760 880
764 883
764 898
766 773
766 813
768 782
770 844
771 877
771 898
773 863
774 825
774 833
775 876
776 860
776 946
777 854
777 957
778 950
778 952
781 936
783 902
783 964
784 786
784 896
789 868
790 889
793 799
793 883
794 867
795 924
795 972
796 835
798 872
798 912
799 950
801 992
802 973
803 836
803 910
803 914
803 975
804 969
804 978
804 991
805 896
806 837
806 845
807 843
807 996
809 956
811 925
813 897
813 898
813 905
814 819
814 860
814 998
815 830
816 828
817 919
820 843
821 852
821 922
823 992
824 968
825 907
825 983
827 957
828 962
829 917
832 851
832 955
834 861
840 852
843 982
846 957
848 997
852 958
853 938
861 958
865 909
865 953
866 933
869 898
876 913
876 990
879 971
879 983
880 976
881 890
884 921
886 989
888 958
893 952
895 896
895 926
903 999
905 998
907 924
909 951
909 986
911 987
912 954
922 961
923 955
924 934
926 985
935 970
938 958
945 982
946 988
954 979
961 983
976 999
984 987
