0 1
0 2
0 3
0 4
0 5
0 6
0 9
0 10
0 11
0 12
0 13
0 14
0 16
0 17
0 18
0 23
0 25
0 28
0 31
0 32
0 37
0 39
0 41
0 44
0 46
0 47
0 48
0 50
0 51
0 52
0 56
0 57
0 58
0 63
0 65
0 68
0 70
0 71
0 73
0 75
0 80
0 81
0 83
0 86
0 89
0 91
0 95
0 96
0 98
0 101
0 110
0 111
0 112
0 115
0 116
0 118
0 119
0 124
0 126
0 127
0 130
0 132
0 133
0 135
0 136
0 141
0 142
0 147
0 148
0 150
0 152
0 153
0 157
0 170
0 171
0 174
0 180
0 185
0 186
0 187
0 190
0 191
0 192
0 196
0 203
0 204
0 205
0 215
0 218
0 221
0 222
0 224
0 228
0 229
0 230
0 244
0 245
0 246
0 251
0 252
0 261
0 262
0 263
0 264
0 266
0 267
0 268
0 269
0 271
0 273
0 281
0 282
0 283
0 284
0 285
0 286
0 287
0 289
0 293
0 305
0 306
0 307
0 308
0 309
0 310
0 311
0 312
0 313
0 314
0 315
0 316
0 321
0 322
0 325
0 326
0 327
0 347
0 348
0 349
0 350
0 351
0 352
0 353
0 354
0 355
0 356
0 357
0 358
0 359
0 360
0 361
0 362
0 363
0 364
0 365
0 366
0 367
0 369
0 370
0 371
0 380
0 381
0 382
0 411
0 412
0 413
0 414
0 415
0 416
0 417
0 418
0 419
0 420
0 421
0 422
0 423
0 424
0 425
0 426
0 427
0 428
0 429
0 430
0 431
0 432
0 433
0 434
0 435
0 436
0 437
0 438
0 439
0 440
0 441
0 442
0 443
0 444
0 445
0 446
0 447
0 448
0 449
0 450
0 451
0 452
0 453
0 454
0 455
0 456
0 457
0 458
0 459
0 460
0 461
0 462
0 463
0 464
0 465
0 466
0 467
0 468
0 469
0 478
0 493
0 496
0 682
0 683
0 684
0 685
0 686
0 687
0 688
0 689
0 690
0 691
0 692
0 693
0 694
0 695
0 696
0 697
0 698
0 699
0 700
0 701
0 702
0 703
0 704
0 705
0 706
0 707
0 708
0 709
0 710
0 711
0 712
0 713
0 714
0 715
0 716
0 717
0 718
0 719
0 720
0 721
0 722
0 723
0 724
0 725
0 726
0 727
0 728
0 729
0 730
0 731
0 732
0 733
0 734
0 735
0 736
0 737
0 738
0 739
0 740
0 741
0 742
0 743
0 744
0 745
0 746
0 747
0 748
0 749
0 750
0 751
0 752
0 753
0 754
0 755
0 756
0 757
0 758
0 759
0 760
0 761
0 762
0 763
0 764
0 765
0 766
0 767
0 768
0 769
0 770
0 771
0 772
0 773
0 774
0 775
0 776
0 777
0 778
0 779
0 780
0 781
0 782
0 783
0 784
0 785
0 786
0 787
0 788
0 789
0 790
0 791
0 792
0 793
0 794
0 795
0 796
0 797
0 798
0 799
0 800
0 801
0 802
0 803
0 804
0 806
0 807
0 809
0 810
0 811
0 816
0 823
0 824
0 828
0 830
0 832
0 837
0 839
0 843
0 844
0 849
0 850
0 852
0 854
0 861
0 863
0 865
0 944
0 945
0 946
0 947
0 948
0 949
0 950
0 951
0 952
0 953
0 954
0 955
0 956
0 957
0 958
0 959
0 960
0 961
0 962
0 963
0 964
0 965
0 966
0 967
0 968
0 969
0 970
0 971
0 972
0 973
0 974
0 975
0 976
0 977
0 978
0 979
0 980
0 981
0 982
0 983
0 984
0 990
0 999
1 2
1 3
1 4
1 5
1 6
1 7
1 8
1 9
1 10
1 11
1 13
1 14
1 15
1 16
1 17
1 21
1 23
1 26
1 28
1 29
1 33
1 37
1 39
1 44
1 47
1 48
1 51
1 57
1 58
1 63
1 68
1 72
1 73
1 77
1 78
1 80
1 81
1 86
1 89
1 91
1 95
1 104
1 110
1 111
1 115
1 128
1 131
1 136
1 142
1 145
1 164
1 170
1 180
1 181
1 187
1 190
1 192
1 193
1 199
1 210
1 221
1 223
1 226
1 229
1 231
1 232
1 234
1 237
1 239
1 244
1 246
1 254
1 261
1 264
1 268
1 269
1 271
1 272
1 274
1 280
1 281
1 282
1 286
1 287
1 297
1 327
1 336
1 342
1 350
1 353
1 354
1 355
1 356
1 358
1 363
1 365
1 366
1 367
1 375
1 388
1 389
1 393
1 401
1 407
1 408
1 416
1 418
1 419
1 422
1 426
1 430
1 431
1 435
1 441
1 444
1 453
1 457
1 458
1 460
1 462
1 467
1 472
1 477
1 485
1 494
1 508
1 513
1 517
1 518
1 519
1 520
1 526
1 531
1 536
1 537
1 540
1 551
1 553
1 554
1 558
1 561
1 580
1 582
1 583
1 588
1 598
1 608
1 611
1 613
1 616
1 619
1 621
1 640
1 643
1 645
1 651
1 674
1 676
1 684
1 687
1 689
1 694
1 697
1 699
1 700
1 707
1 711
1 714
1 720
1 722
1 734
1 741
1 747
1 750
1 751
1 765
1 772
1 773
1 781
1 784
1 792
1 793
1 798
1 807
1 810
1 816
1 822
1 827
1 833
1 843
1 857
1 862
1 880
1 881
1 986
2 3
2 4
2 5
2 6
2 7
2 8
2 10
2 11
2 13
2 14
2 15
2 16
2 18
2 20
2 22
2 24
2 26
2 27
2 28
2 31
2 34
2 35
2 36
2 38
2 41
2 42
2 43
2 44
2 47
2 48
2 53
2 55
2 56
2 57
2 59
2 60
2 62
2 63
2 67
2 69
2 72
2 74
2 80
2 81
2 86
2 87
2 93
2 94
2 98
2 99
2 110
2 111
2 114
2 125
2 147
2 148
2 154
2 155
2 160
2 162
2 169
2 174
2 177
2 178
2 179
2 180
2 182
2 186
2 194
2 204
2 210
2 211
2 213
2 214
2 217
2 246
2 248
2 259
2 272
2 277
2 291
2 299
2 300
2 303
2 307
2 315
2 316
2 321
2 322
2 331
2 333
2 334
2 340
2 359
2 368
2 372
2 374
2 383
2 395
2 419
2 424
2 486
2 487
2 494
2 544
2 545
2 546
2 547
2 552
2 585
2 598
2 600
2 617
2 621
2 623
2 630
2 659
2 702
2 705
2 760
2 783
2 794
2 815
2 858
2 863
2 900
2 903
2 915
3 4
3 5
3 6
3 7
3 9
3 10
3 11
3 12
3 13
3 14
3 15
3 16
3 17
3 18
3 20
3 23
3 24
3 28
3 29
3 32
3 33
3 35
3 37
3 38
3 40
3 42
3 44
3 47
3 49
3 50
3 53
3 58
3 60
3 63
3 65
3 66
3 67
3 68
3 70
3 73
3 75
3 80
3 82
3 86
3 89
3 91
3 94
3 95
3 101
3 110
3 111
3 115
3 122
3 133
3 134
3 135
3 139
3 140
3 142
3 152
3 154
3 156
3 157
3 159
3 164
3 168
3 170
3 175
3 177
3 187
3 190
3 192
3 193
3 196
3 197
3 203
3 210
3 220
3 221
3 228
3 229
3 230
3 240
3 244
3 246
3 249
3 252
3 254
3 259
3 264
3 268
3 269
3 270
3 272
3 274
3 276
3 286
3 287
3 288
3 297
3 298
3 304
3 305
3 309
3 313
3 314
3 321
3 324
3 328
3 329
3 341
3 344
3 345
3 346
3 348
3 356
3 359
3 363
3 366
3 373
3 375
3 376
3 392
3 396
3 401
3 402
3 407
3 409
3 410
3 422
3 428
3 441
3 443
3 446
3 447
3 448
3 450
3 452
3 455
3 458
3 462
3 465
3 466
3 467
3 480
3 483
3 487
3 493
3 497
3 511
3 512
3 513
3 514
3 515
3 516
3 517
3 518
3 519
3 520
3 521
3 522
3 523
3 524
3 525
3 527
3 533
3 536
3 540
3 545
3 546
3 547
3 548
3 553
3 554
3 556
3 560
3 565
3 571
3 577
3 578
3 579
3 581
3 584
3 588
3 589
3 610
3 611
3 613
3 616
3 619
3 625
3 639
3 645
3 648
3 649
3 650
3 653
3 657
3 658
3 660
3 664
3 670
3 673
3 677
3 680
3 683
3 688
3 693
3 704
3 708
3 709
3 712
3 716
3 723
3 725
3 728
3 730
3 735
3 736
3 737
3 748
3 749
3 757
3 762
3 771
3 785
3 791
3 795
3 801
3 808
3 814
3 824
3 825
3 827
3 834
3 835
3 845
3 856
3 857
3 882
3 883
3 884
3 885
3 886
3 887
3 888
3 889
3 890
3 891
3 893
3 894
3 910
3 912
3 913
3 914
3 923
3 933
3 943
3 985
3 989
3 997
3 998
4 5
4 6
4 8
4 9
4 10
4 11
4 12
4 13
4 14
4 15
4 16
4 17
4 18
4 19
4 20
4 21
4 24
4 28
4 29
4 30
4 33
4 34
4 35
4 36
4 38
4 39
4 40
4 43
4 44
4 45
4 47
4 50
4 51
4 52
4 56
4 57
4 58
4 59
4 60
4 65
4 66
4 68
4 70
4 73
4 74
4 75
4 76
4 77
4 78
4 80
4 81
4 84
4 85
4 86
4 88
4 89
4 91
4 95
4 97
4 98
4 102
4 103
4 104
4 105
4 108
4 110
4 111
4 114
4 115
4 119
4 120
4 121
4 123
4 128
4 129
4 133
4 134
4 136
4 138
4 141
4 142
4 145
4 146
4 153
4 154
4 158
4 167
4 168
4 170
4 175
4 178
4 185
4 190
4 195
4 201
4 203
4 212
4 213
4 217
4 222
4 228
4 233
4 235
4 247
4 248
4 261
4 263
4 269
4 271
4 280
4 282
4 283
4 286
4 287
4 288
4 289
4 291
4 293
4 302
4 312
4 314
4 319
4 325
4 326
4 344
4 345
4 347
4 353
4 362
4 365
4 370
4 374
4 376
4 377
4 378
4 380
4 405
4 406
4 407
4 408
4 409
4 413
4 428
4 438
4 474
4 482
4 491
4 496
4 660
4 661
4 662
4 663
4 664
4 665
4 666
4 667
4 671
4 710
4 726
4 744
4 756
4 796
4 804
4 819
4 850
4 856
4 858
4 940
4 941
4 942
5 6
5 8
5 9
5 10
5 11
5 13
5 14
5 16
5 17
5 18
5 21
5 24
5 28
5 33
5 38
5 40
5 41
5 42
5 44
5 47
5 52
5 53
5 59
5 63
5 67
5 76
5 78
5 79
5 90
5 93
5 98
5 112
5 125
5 139
5 146
5 162
5 170
5 193
5 203
5 210
5 259
5 265
5 269
5 283
5 287
5 294
5 304
5 305
5 308
5 313
5 336
5 342
5 349
5 350
5 352
5 354
5 356
5 373
5 386
5 392
5 393
5 395
5 410
5 411
5 416
5 417
5 425
5 437
5 442
5 446
5 450
5 465
5 483
5 575
5 576
5 577
5 578
5 579
5 580
5 581
5 582
5 583
5 604
5 609
5 618
5 626
5 632
5 642
5 651
5 658
5 665
5 670
5 691
5 742
5 752
5 758
5 786
5 806
5 808
5 829
5 839
5 916
5 917
5 918
5 919
5 920
6 8
6 9
6 10
6 11
6 12
6 13
6 14
6 15
6 16
6 17
6 18
6 21
6 24
6 25
6 27
6 28
6 29
6 31
6 33
6 35
6 37
6 38
6 44
6 47
6 48
6 52
6 53
6 55
6 57
6 63
6 64
6 65
6 66
6 67
6 68
6 70
6 71
6 73
6 74
6 77
6 84
6 87
6 89
6 91
6 95
6 97
6 98
6 101
6 105
6 111
6 115
6 120
6 129
6 134
6 135
6 136
6 145
6 146
6 153
6 154
6 155
6 167
6 168
6 169
6 170
6 178
6 180
6 190
6 191
6 207
6 208
6 220
6 221
6 222
6 233
6 234
6 236
6 248
6 249
6 250
6 269
6 270
6 271
6 290
6 291
6 296
6 321
6 378
6 379
6 380
6 482
6 483
6 484
6 485
6 828
6 829
6 830
6 831
6 832
6 833
6 834
6 835
6 836
6 837
6 993
7 8
7 9
7 10
7 11
7 13
7 14
7 18
7 20
7 21
7 22
7 23
7 24
7 26
7 28
7 29
7 36
7 38
7 39
7 40
7 41
7 42
7 44
7 47
7 53
7 55
7 62
7 63
7 69
7 81
7 98
7 111
7 139
7 160
7 186
7 193
7 204
7 261
7 286
7 304
7 307
7 342
7 349
7 357
7 358
7 361
7 366
7 401
7 402
7 436
7 635
7 636
7 637
7 638
7 639
7 640
7 641
7 642
7 672
7 680
7 732
7 814
7 849
7 852
7 937
8 10
8 13
8 14
8 16
8 17
8 18
8 20
8 22
8 23
8 24
8 25
8 28
8 29
8 33
8 34
8 38
8 40
8 41
8 42
8 44
8 45
8 47
8 51
8 52
8 53
8 55
8 58
8 63
8 66
8 69
8 81
8 98
8 114
8 132
8 160
8 179
8 190
8 219
8 223
8 288
8 305
8 351
8 390
8 393
8 515
8 603
8 617
8 646
8 686
8 695
8 715
8 717
8 731
8 797
8 800
8 822
8 854
8 911
9 10
9 11
9 12
9 13
9 14
9 15
9 16
9 17
9 18
9 22
9 24
9 26
9 28
9 29
9 31
9 34
9 36
9 38
9 41
9 42
9 44
9 45
9 47
9 55
9 58
9 59
9 66
9 69
9 76
9 87
9 98
9 114
9 122
9 129
9 139
9 141
9 151
9 153
9 167
9 171
9 183
9 185
9 235
9 240
9 255
9 278
9 280
9 285
9 291
9 297
9 328
9 330
9 344
9 359
9 406
9 499
9 502
9 529
9 532
9 605
9 625
9 661
9 713
9 802
9 836
9 904
10 11
10 13
10 14
10 15
10 16
10 18
10 24
10 25
10 28
10 31
10 34
10 38
10 42
10 44
10 52
10 53
10 59
10 62
10 63
10 69
10 89
10 99
10 106
10 145
10 146
10 175
10 191
10 204
10 228
10 238
10 261
10 265
10 285
10 301
10 346
10 380
10 411
10 430
10 457
10 461
10 491
10 501
10 509
10 526
10 552
10 595
10 655
10 745
10 774
10 777
10 864
10 872
10 873
11 12
11 13
11 14
11 15
11 16
11 17
11 18
11 21
11 22
11 23
11 25
11 28
11 31
11 34
11 36
11 37
11 39
11 40
11 43
11 44
11 45
11 46
11 47
11 48
11 53
11 61
11 63
11 65
11 67
11 68
11 73
11 76
11 79
11 80
11 91
11 95
11 98
11 107
11 109
11 114
11 115
11 117
11 118
11 125
11 127
11 132
11 133
11 140
11 149
11 151
11 153
11 155
11 158
11 172
11 173
11 176
11 178
11 181
11 182
11 183
11 185
11 191
11 222
11 225
11 247
11 250
11 251
11 252
11 272
11 281
11 289
11 294
11 307
11 330
11 334
11 339
11 340
11 360
11 363
11 378
11 396
11 489
11 506
11 523
11 542
11 572
11 605
11 934
12 13
12 14
12 15
12 16
12 17
12 25
12 31
12 32
12 33
12 35
12 47
12 57
12 66
12 67
12 71
12 80
12 96
12 116
12 130
12 178
12 187
12 196
12 290
12 293
12 297
12 306
12 310
12 311
12 312
12 314
12 325
12 348
12 349
12 364
12 367
12 382
12 391
12 413
12 414
12 423
12 436
12 439
12 440
12 445
12 454
12 459
12 464
12 468
12 469
12 478
12 549
12 614
12 652
12 761
12 763
12 780
12 788
12 809
13 14
13 15
13 16
13 17
13 22
13 26
13 33
13 34
13 36
13 37
13 38
13 39
13 42
13 44
13 53
13 57
13 58
13 63
13 67
13 68
13 73
13 75
13 80
13 89
13 91
13 95
13 101
13 128
13 133
13 139
13 145
13 146
13 150
13 153
13 185
13 191
13 202
13 203
13 233
13 261
13 263
13 270
13 271
13 282
13 346
13 353
13 354
13 410
13 427
13 445
13 447
13 448
13 671
13 672
13 673
13 674
13 675
13 676
13 677
13 678
13 729
13 769
13 770
14 15
14 16
14 17
14 18
14 20
14 25
14 26
14 27
14 29
14 31
14 33
14 34
14 38
14 42
14 44
14 47
14 53
14 57
14 60
14 63
14 66
14 71
14 74
14 77
14 97
14 106
14 113
14 133
14 134
14 141
14 176
14 185
14 188
14 191
14 194
14 212
14 213
14 222
14 248
14 255
14 260
14 270
14 299
14 303
14 317
14 549
14 624
14 690
15 16
15 17
15 18
15 22
15 24
15 27
15 28
15 31
15 38
15 207
15 293
15 391
15 539
15 573
16 17
16 18
16 20
16 22
16 24
16 25
16 28
16 31
16 33
16 35
16 38
16 42
16 44
16 45
16 47
16 52
16 53
16 55
16 57
16 63
16 66
16 77
16 80
16 88
16 98
16 106
16 115
16 125
16 129
16 133
16 134
16 150
16 155
16 159
16 164
16 169
16 179
16 190
16 218
16 291
16 318
16 818
16 819
17 18
17 20
17 22
17 24
17 28
17 33
17 38
17 42
17 44
17 47
17 52
17 57
17 60
17 62
17 63
17 74
17 77
17 87
17 94
17 102
17 112
17 113
17 115
17 116
17 118
17 127
17 129
17 130
17 134
17 148
17 156
17 169
17 170
17 173
17 177
17 181
17 185
17 188
17 191
17 195
17 203
17 312
17 315
17 325
17 368
17 464
17 570
18 20
18 21
18 22
18 23
18 24
18 25
18 26
18 27
18 28
18 31
18 33
18 34
18 35
18 38
18 39
18 40
18 42
18 45
18 47
18 50
18 51
18 52
18 53
18 55
18 56
18 57
18 58
18 60
18 62
18 63
18 64
18 66
18 67
18 69
18 77
18 87
18 94
18 98
18 113
18 114
18 125
18 129
18 130
18 134
18 146
18 151
18 158
18 164
18 168
18 169
18 178
18 199
18 207
18 208
18 211
18 229
18 233
18 247
19 76
19 290
19 308
19 328
19 346
19 355
19 370
19 522
19 561
19 602
19 743
19 768
19 790
20 22
20 24
20 25
20 26
20 27
20 28
20 31
20 108
20 143
20 188
20 207
20 208
20 260
20 263
20 317
20 333
20 344
20 377
20 406
20 587
20 623
21 22
21 24
21 26
21 27
21 29
21 38
21 42
21 44
21 46
21 47
21 69
21 92
21 172
21 369
21 473
21 812
21 813
22 23
22 24
22 25
22 26
22 27
22 28
22 33
22 34
22 36
22 38
22 39
22 40
22 42
22 45
22 50
22 51
22 52
22 53
22 55
22 62
22 63
22 66
22 69
22 77
22 80
22 81
22 82
22 98
22 99
22 113
22 114
22 125
22 132
22 141
22 146
22 153
22 155
22 158
22 164
22 168
22 170
22 171
22 179
22 189
22 203
22 204
22 229
22 233
22 234
22 240
22 245
22 254
22 295
22 334
22 385
22 507
22 530
22 859
22 860
22 909
23 24
23 27
23 29
23 38
23 42
23 45
23 47
23 69
23 118
23 181
23 473
23 567
23 568
23 812
24 25
24 26
24 27
24 28
24 29
24 32
24 33
24 34
24 36
24 38
24 39
24 40
24 42
24 44
24 45
24 47
24 50
24 51
24 52
24 53
24 56
24 58
24 59
24 61
24 62
24 63
24 65
24 66
24 67
24 77
24 79
24 80
24 81
24 86
24 98
24 100
24 107
24 109
24 113
24 114
24 117
24 132
24 141
24 149
24 153
24 154
24 155
24 170
24 174
24 180
24 181
24 183
24 196
24 229
24 234
24 251
24 252
24 284
25 26
25 27
25 28
25 31
25 35
25 36
25 38
25 40
25 42
25 43
25 44
25 47
25 53
25 55
25 65
25 67
25 69
25 71
25 72
25 80
25 81
25 86
25 87
25 96
25 113
25 114
25 116
25 118
25 133
25 146
25 154
25 159
25 160
25 163
25 170
25 180
25 191
25 248
25 273
25 318
25 328
25 475
25 484
26 27
26 28
26 31
26 33
26 34
26 36
26 39
26 40
26 43
26 44
26 47
26 50
26 51
26 55
26 57
26 58
26 66
26 67
26 77
26 106
26 113
26 114
26 129
26 132
26 134
26 141
26 142
26 153
26 168
26 169
26 170
26 179
26 189
26 195
26 222
26 234
26 277
26 278
26 337
26 584
26 585
26 922
27 28
27 31
27 36
27 38
27 39
27 41
27 43
27 44
27 47
27 52
27 55
27 56
27 57
27 58
27 62
27 63
27 64
27 66
27 67
27 69
27 80
27 87
27 98
27 125
27 132
27 140
27 141
27 163
27 182
27 194
27 245
27 283
27 319
27 474
27 484
28 29
28 32
28 33
28 36
28 38
28 40
28 42
28 44
28 45
28 50
28 51
28 52
28 53
28 61
28 62
28 63
28 66
28 67
28 69
28 77
28 81
28 98
28 107
28 109
28 114
28 115
28 132
28 154
28 155
28 222
28 251
28 252
28 323
28 384
28 492
28 994
29 38
29 40
29 46
29 47
29 69
29 79
29 86
29 92
29 117
29 149
29 156
29 172
29 173
29 180
29 181
29 197
29 209
29 224
29 225
29 252
29 253
29 254
29 273
29 293
29 294
29 326
29 383
29 488
29 489
29 490
29 851
30 78
30 105
30 125
30 147
30 203
30 238
30 261
30 265
30 281
30 286
30 358
30 362
31 33
31 35
31 40
31 43
31 50
31 51
31 57
31 58
31 60
31 66
31 67
31 74
31 77
31 81
31 94
31 106
31 129
31 134
31 151
31 168
31 169
31 189
31 194
31 255
32 38
32 46
32 112
32 187
32 199
32 205
32 230
32 251
32 252
32 273
32 284
32 292
32 293
32 306
32 310
32 326
32 360
32 361
32 369
32 381
32 400
32 412
32 415
32 420
32 432
32 433
32 460
32 721
32 766
32 776
33 36
33 38
33 44
33 47
33 55
33 67
33 278
33 614
33 615
34 36
34 42
34 44
34 47
34 55
34 305
34 307
34 427
34 696
34 703
34 727
34 738
34 753
34 867
34 879
35 43
35 325
35 847
35 848
35 996
36 39
36 45
36 50
36 51
36 52
36 58
36 64
36 66
36 67
36 69
36 77
36 80
36 99
36 113
36 132
36 171
36 174
36 179
36 229
36 233
36 240
36 245
36 334
36 564
36 575
36 643
37 180
37 231
37 453
37 494
37 502
37 600
37 663
37 719
38 39
38 40
38 42
38 46
38 50
38 51
38 52
38 58
38 63
38 65
38 67
38 69
38 77
38 80
38 81
38 98
38 112
38 133
38 134
38 154
38 169
38 173
38 205
38 229
38 489
39 42
39 47
39 55
39 64
39 68
39 69
39 101
39 114
39 121
39 137
39 161
39 219
39 246
39 269
39 302
39 388
39 389
39 390
39 455
39 463
39 603
39 803
40 42
40 45
40 46
40 52
40 59
40 62
40 65
40 67
40 80
40 81
40 107
40 112
40 117
40 126
40 156
40 198
40 215
40 225
40 251
40 252
40 294
40 318
40 490
41 42
41 47
41 180
41 396
41 452
41 557
41 724
42 47
42 50
42 51
42 52
42 55
42 58
42 62
42 63
42 66
42 77
42 98
42 160
42 174
42 266
42 372
42 505
42 530
42 754
43 45
43 50
43 51
43 58
43 168
43 189
43 278
43 299
44 51
44 52
44 58
44 64
44 67
44 77
44 80
44 93
44 113
44 115
44 132
44 179
44 202
44 207
44 279
45 46
45 47
45 62
45 63
45 69
45 473
46 369
46 490
46 528
46 562
46 566
46 567
46 568
46 813
47 50
47 52
47 53
47 55
47 57
47 58
47 63
47 66
47 77
47 87
47 134
47 160
47 169
47 195
47 220
47 368
47 470
47 471
48 175
48 417
48 429
48 443
48 504
48 506
48 514
48 531
48 533
48 550
48 638
48 755
48 876
49 216
49 399
49 628
49 629
49 935
49 936
50 55
50 62
50 69
50 82
50 174
50 236
50 295
50 385
50 495
50 859
50 860
50 861
51 55
51 62
51 69
51 150
51 214
51 254
51 266
51 495
51 599
52 62
52 69
52 79
52 109
52 149
52 400
52 559
52 586
52 898
53 119
53 150
53 187
53 266
53 337
53 372
53 505
53 507
53 681
54 364
54 414
54 440
54 454
54 468
54 478
54 544
55 58
55 66
55 77
55 82
55 114
55 170
55 174
55 266
55 295
55 315
56 175
57 187
58 62
58 150
58 263
58 343
58 569
58 787
59 62
59 63
59 69
59 98
59 155
59 203
59 289
60 404
60 539
61 151
61 323
61 541
61 542
61 805
62 77
62 80
62 81
62 98
62 114
62 132
62 164
63 118
63 156
63 166
63 176
63 200
63 227
64 93
64 100
64 115
64 125
64 207
64 279
65 181
65 187
65 205
65 273
65 290
65 415
65 644
66 481
67 72
68 146
68 239
68 246
68 264
68 283
68 285
68 338
68 403
68 472
68 840
69 77
69 80
69 81
69 114
69 201
69 233
70 503
70 907
71 371
71 820
71 988
72 196
73 338
74 563
74 929
75 226
75 316
75 371
75 630
76 646
76 647
76 648
78 477
78 498
78 543
78 597
79 179
79 398
79 420
79 574
79 607
80 133
80 196
80 475
81 155
81 339
81 360
82 230
82 254
82 590
83 199
83 282
83 403
83 431
83 451
83 675
84 399
84 555
84 826
85 114
85 160
85 162
85 503
85 654
85 823
86 196
86 224
86 253
86 818
86 925
87 144
87 622
88 847
89 355
89 403
89 618
89 831
90 641
90 678
90 878
91 532
91 620
92 172
92 562
93 201
93 217
93 345
93 596
93 896
93 921
93 924
94 213
94 320
94 656
95 267
95 331
95 387
95 538
96 196
96 820
97 615
97 622
98 113
98 170
99 236
99 237
99 296
99 386
99 496
99 497
99 864
100 107
100 156
100 164
101 491
102 594
102 848
102 892
103 175
103 180
103 405
103 609
103 685
104 210
104 508
104 560
104 939
105 374
105 706
105 789
106 151
107 323
107 838
107 853
108 563
110 152
110 159
111 394
111 698
111 899
112 253
112 400
112 475
113 140
114 138
114 160
114 548
114 666
114 901
115 596
117 225
117 838
119 295
119 372
119 821
120 285
120 779
121 246
121 512
121 516
122 242
123 160
124 135
124 262
124 310
124 426
124 434
124 456
124 767
124 811
125 597
125 931
126 257
126 275
126 479
126 592
127 282
127 362
128 234
131 175
131 390
131 564
132 692
133 181
133 184
136 313
136 319
138 160
138 550
138 649
139 175
139 627
139 635
139 927
140 174
140 179
141 185
142 500
143 594
143 869
144 870
144 987
145 232
145 352
145 538
145 558
145 874
145 895
146 379
147 386
147 877
148 569
148 599
149 180
149 284
149 559
152 256
152 470
152 908
154 662
157 230
157 650
157 718
161 733
161 930
162 669
162 799
163 329
163 332
165 377
165 573
166 176
166 196
167 250
167 740
167 866
171 636
171 844
173 383
173 851
173 991
173 992
175 186
176 227
177 926
178 235
178 486
183 492
183 541
187 253
187 817
188 555
188 905
192 444
192 842
192 928
193 304
193 938
194 469
195 368
197 209
197 381
197 633
197 995
198 257
198 275
198 591
198 592
200 292
201 529
202 230
202 488
202 644
205 299
206 394
206 511
208 481
209 381
210 862
211 341
212 292
213 320
213 668
215 275
215 591
217 374
217 602
217 682
219 389
220 256
220 535
221 298
221 601
224 846
225 323
225 586
226 634
227 335
228 302
230 253
231 480
233 418
235 486
237 841
239 521
241 435
241 442
242 399
243 652
244 821
245 606
248 331
249 504
249 595
256 470
257 275
257 479
258 629
259 631
260 534
260 932
262 679
265 627
266 337
267 272
272 324
276 871
278 499
296 571
300 612
301 626
304 409
309 461
317 587
320 510
327 493
329 875
331 593
332 556
335 855
336 906
351 498
373 408
376 825
379 500
382 476
384 853
386 868
387 897
392 902
397 593
404 656
421 509
424 669
471 601
551 778
557 739
653 654
841 842
